# BEGINHEADER
# This file contains data from the SALSA 2m radio telescope.
# DATE=2024-03-28T14:50:0017
# GLON and GLAT given in degrees
# GLON=194.83088419787012
# GLAT=-0.30426879304814225
# DATA in two columns below. Col. 1 is velocity relative to LSR [km/s]. Col. 2 is uncalibrated antenna temperature [K].
# ENDHEADER
221.4978626048427 17.032005970088345
219.43671865424406 26.971040785955488
217.3755747036454 23.840579835307267
215.31443075304676 25.223579726460837
213.25328680244814 21.29922742465051
211.1921428518495 15.911647172702148
209.13099890125088 18.07660470958473
207.0698549506522 20.35011068637292
205.00871100005355 20.77482211159041
202.94756704945493 13.009878626321171
200.88642309885628 -0.9686265204445977
198.82527914825766 22.212924675580457
196.764135197659 17.0929536472547
194.70299124706037 19.619169753676047
192.64184729646172 17.19844733733108
190.5807033458631 22.489176200135624
188.51955939526442 20.02019850062847
186.4584154446658 18.164117928667824
184.39727149406716 16.43957290216909
182.33612754346854 19.29801407002887
180.2749835928699 16.522338825419187
178.21383964227124 16.963520631272704
176.1526956916726 20.9824732971434
174.09155174107397 21.938347606689167
172.03040779047532 19.08783563824823
169.9692638398767 18.002839011511842
167.90811988927803 18.17489385921807
165.84697593867938 18.89445039405311
163.78583198808076 19.78852483705584
161.7246880374821 20.400185017279853
159.66354408688346 19.02482061980952
157.6024001362848 20.570976171219623
155.5412561856862 19.647970087413306
153.48011223508755 19.20278008207645
151.41896828448893 17.852875239911
149.35782433389025 17.445681888795367
147.29668038329163 19.379821190461712
145.23553643269298 20.30241923708201
143.17439248209436 20.77146446860805
141.1132485314957 17.55941518617537
139.05210458089707 17.686836816544666
136.99096063029842 18.919349322741276
134.9298166796998 21.427811240932513
132.86867272910115 21.604523239763328
130.8075287785025 19.868876096675567
128.74638482790388 23.138738344345384
126.68524087730522 21.167523308963776
124.62409692670659 19.829376613553382
122.56295297610794 18.832234426155146
120.5018090255093 19.457098790294097
118.44066507491065 19.341400581938533
116.37952112431202 15.254365915601317
114.31837717371339 19.960355623436758
112.25723322311474 18.77962970473059
110.1960892725161 18.67225084880021
108.13494532191744 16.59916882848291
106.07380137131881 20.45215660450836
104.01265742072016 22.35413749396132
101.95151347012153 21.200468216774322
99.89036951952289 23.7504968783231
97.82922556892423 19.940707632889957
95.7680816183256 18.67325932626762
93.70693766772696 19.842796912495476
91.64579371712831 21.70289799131377
89.58464976652968 22.50064416130709
87.52350581593103 21.280793370422497
85.4623618653324 20.314745347112638
83.40121791473375 24.47845078768055
81.34007396413512 20.113566217016746
79.27893001353648 21.959529969672225
77.21778606293783 21.89115787736852
75.1566421123392 22.40043306250091
73.09549816174055 20.91292219317989
71.03435421114192 22.323291178914076
68.97321026054325 22.37512990083109
66.91206630994462 23.10722948076538
64.85092235934599 20.73224086954397
62.789778408747345 23.668594088599086
60.728634458148704 23.560975002625536
58.66749050755006 25.809199294108254
56.60634655695142 23.511829436012512
54.54520260635278 24.46905589663801
52.48405865575414 23.222812290153048
50.4229147051555 24.573008273138726
48.36177075455686 23.65980777359398
46.300626803958224 24.598727654687703
44.23948285335958 28.640190727609937
42.17833890276094 31.2043262411672
40.11719495216229 33.74777387185884
38.05605100156365 31.067288676690744
35.99490705096501 31.608073420414584
33.93376310036638 30.442256639065178
31.872619149767733 31.712890514156385
29.811475199169095 32.40088689856437
27.750331248570454 35.16081242922474
25.68918729797181 30.596236755689837
23.628043347373172 31.39271598699429
21.566899396774534 51.159181777428074
19.505755446175893 48.141905580213525
17.44461149557725 54.569270496338405
15.383467544978611 52.38826644499473
13.322323594379968 51.21534290875918
11.261179643781327 59.25852587209579
9.200035693182686 56.017840867564125
7.138891742584046 58.77046946685177
5.077747791985406 67.51091247252002
3.0166038413867646 58.39843404716249
0.9554598907881238 53.07932891532959
-1.1056840598105169 49.35625100076523
-3.1668280104091573 43.714585028383055
-5.227971961007798 41.43321605825096
-7.28911591160644 35.74815308471198
-9.350259862205082 37.08069128958898
-11.411403812803721 34.90545013858262
-13.47254776340236 31.25007915804496
-15.533691714001002 27.95368801272753
-17.594835664599643 29.270868689889628
-19.65597961519828 30.820467455343938
-21.717123565796925 27.81355136305582
-23.778267516395566 31.10610601336926
-25.839411466994207 35.46565337898049
-27.900555417592848 31.783976808516538
-29.96169936819149 33.21850203044599
-32.02284331879013 26.643405999628957
-34.08398726938877 28.375175870330423
-36.14513121998741 21.732374564281088
-38.20627517058605 23.412420603120644
-40.267419121184695 30.575870698436972
-42.328563071783336 30.638865763530823
-44.38970702238198 32.165159204153994
-46.45085097298062 29.080376044300003
-48.51199492357926 31.103543648541326
-50.57313887417789 32.227031259065285
-52.634282824776534 33.906972775213404
-54.695426775375175 34.99324884417867
-56.75657072597382 32.56285918633114
-58.817714676572464 31.664799529448366
-60.878858627171105 27.863961417482752
-62.94000257776974 32.41888632799636
-65.00114652836838 31.33239692644212
-67.06229047896703 31.93579106450997
-69.12343442956566 30.43755029224998
-71.1845783801643 32.45975289681786
-73.24572233076294 33.452904159526945
-75.30686628136158 29.24514105699549
-77.36801023196023 31.90104570366847
-79.42915418255886 30.53470207862684
-81.49029813315751 34.190556360568785
-83.55144208375614 29.44854418954324
-85.61258603435479 33.44084617184329
-87.67372998495344 36.23867173854366
-89.73487393555207 30.372699682241652
-91.79601788615072 31.76564964565731
-93.85716183674936 33.20585669354932
-95.918305787348 31.503647072134537
-97.97944973794664 29.709505480967348
-100.04059368854527 28.97476884026475
-102.1017376391439 31.336355904864586
-104.16288158974254 31.292768540238253
-106.22402554034119 31.725281697212633
-108.28516949093982 33.49834970000792
-110.34631344153847 32.93922583579272
-112.4074573921371 32.36521903895685
-114.46860134273575 31.32659443655312
-116.52974529333439 34.43692687492502
-118.59088924393302 43.07958219376441
-120.65203319453167 31.357592153571993
-122.7131771451303 30.933495150051737
-124.77432109572896 33.39025180766008
-126.8354650463276 31.63283951903949
-128.89660899692623 27.525210406352215
-130.95775294752488 29.66482786141489
-133.01889689812353 33.47851818390293
-135.08004084872215 33.624972385258715
-137.1411847993208 33.164973423329805
-139.20232874991942 32.24172867072825
-141.2634727005181 33.48810259733787
-143.32461665111674 30.790777891285682
-145.38576060171536 30.50662707629544
-147.446904552314 33.318339597471756
-149.50804850291263 38.22012724370226
-151.5691924535113 35.19341810906425
-153.63033640410993 31.272252878213767
-155.69148035470857 31.570468811318815
-157.7526243053072 32.94178216378744
-159.81376825590584 27.048957100764202
-161.8749122065045 26.59528926248816
-163.93605615710314 31.698755320262627
-165.99720010770176 31.30517847154714
-168.0583440583004 30.162972985444945
-170.11948800889905 31.72365390272785
-172.1806319594977 26.787808452421846
-174.24177591009632 23.56927299108377
-176.30291986069497 32.06534366436682
-178.3640638112936 30.02629139782442
-180.42520776189227 34.069691147581004
-182.48635171249092 31.59045556566865
-184.54749566308953 29.11222246390709
-186.60863961368818 31.319622622060596
-188.6697835642868 30.251678452803556
-190.73092751488548 25.886550107720335
-192.7920714654841 27.491925361276017
-194.85321541608275 32.70641233727733
-196.91435936668137 31.115167058309947
-198.97550331728004 30.784730494057087
-201.03664726787866 30.340926507529478
-203.0977912184773 30.86524924038371
-205.15893516907593 31.288329396248564
-207.22007911967458 31.26671892424795
-209.28122307027323 33.275230520693604
-211.34236702087188 30.923387225341788
-213.4035109714705 30.062729915153728
-215.46465492206914 29.82776439723928
-217.52579887266776 26.2790224557728
-219.58694282326644 30.53974400867049
-221.6480867738651 25.371167784787534
-223.7092307244637 26.739015678455228
-225.77037467506236 31.445213689047684
-227.831518625661 30.3278914689812
-229.89266257625965 30.58140248153747
-231.95380652685827 28.971628734626847
-234.01495047745692 27.620682445972975
-236.07609442805554 28.926096964170227
-238.13723837865422 28.7559259740618
-240.19838232925284 29.391150515214747
-242.25952627985149 30.379925263455075
-244.3206702304501 27.263939219197546
-246.38181418104875 30.866345638019602
-248.4429581316474 33.365204391800766
-250.50410208224605 31.910965027595342
-252.56524603284467 26.75172834914218
-254.62638998344332 24.82680983793782
-256.68753393404194 30.751051910852517
-258.74867788464064 27.55703193681928
-260.80982183523923 27.370767127464166
-262.87096578583794 28.50787750368926
-264.93210973643653 33.40327323122287
-266.9932536870352 21.484762157441853
-269.05439763763377 25.66975011082177
-271.1155415882325 30.686754663123114
-273.1766855388311 31.363917437840147
-275.2378294894297 28.47063995965008
-277.29897344002836 26.206632539142323
-279.360117390627 28.751381971949
-281.42126134122566 30.260978130031646
-283.4824052918243 28.433867074265436
-285.5435492424229 25.031145446824546
-287.6046931930216 27.879893812685626
-289.6658371436202 31.091842370549603
-291.72698109421884 29.022269574283523
-293.7881250448175 30.446792084166656
-295.84926899541614 26.64409356656075
-297.9104129460148 26.31144967196286
-299.9715568966134 26.35584692523954
-302.0327008472121 21.91843980113774
-304.09384479781073 29.143721576103744
