# BEGINHEADER
# This file contains data from the SALSA 2m radio telescope.
# DATE=2024-04-05T10:36:0051
# GLON and GLAT given in degrees
# GLON=54.850845997302926
# GLAT=0.22494243277094494
# DATA in two columns below. Col. 1 is velocity relative to LSR [km/s]. Col. 2 is uncalibrated antenna temperature [K].
# ENDHEADER
305.5529945626818 -0.5693596675702599
303.4918506120832 -0.09495307918665978
301.4307066614846 0.38414565845152654
299.3695627108859 2.8950151457012367
297.3084187602873 -0.3357749514278161
295.24727480968863 1.0515708557352144
293.18613085909004 0.8522616028139103
291.12498690849134 1.4365205377722479
289.0638429578927 -0.16112064559835124
287.0026990072941 2.5269718944621684
284.94155505669545 3.85388312387761
282.8804111060968 -0.29389786666480877
280.81926715549815 2.587617078382025
278.7581232048995 1.1371566757993279
276.6969792543009 2.5987937711355027
274.6358353037022 1.051513121286516
272.5746913531036 0.8042248638838191
270.51354740250497 1.258077390327821
268.45240345190626 3.1278484018884467
266.3912595013077 1.3590378097731335
264.330115550709 3.1479909159456025
262.26897160011043 2.4660894994027784
260.2078276495117 1.8303771449912611
258.14668369891314 3.065139193364718
256.08553974831443 2.5784376112094445
254.0243957977158 3.522955688479882
251.9632518471172 1.6401211395956548
249.90210789651854 1.0481414982705983
247.84096394591992 1.6412976144358116
245.77981999532125 1.3155838789748189
243.71867604472263 2.6656203817547643
241.65753209412398 3.342787986440214
239.59638814352536 2.6311233182676075
237.5352441929267 1.2723609549088306
235.47410024232806 0.6591912478366745
233.41295629172942 1.5174450578723846
231.35181234113077 2.2441797658497995
229.29066839053215 1.579396800186935
227.22952443993347 1.7256882785349525
225.16838048933485 1.5329495784538714
223.1072365387362 3.7225683436880366
221.04609258813758 0.5539084981632661
218.98494863753893 2.5702088164175616
216.9238046869403 3.021481531240901
214.86266073634164 1.014942684597424
212.80151678574302 1.230963825508443
210.74037283514437 -0.4938746718357358
208.67922888454575 1.274380641950945
206.61808493394707 0.7685880761723932
204.55694098334845 0.3543818698021019
202.4957970327498 2.074201258040256
200.4346530821512 2.8238291876589403
198.3735091315525 1.3309884253174968
196.31236518095386 2.1819714012222375
194.25122123035524 0.7075396583691285
192.1900772797566 1.8207919586648245
190.12893332915797 1.0473254426719998
188.0677893785593 0.5110841237671548
186.00664542796068 1.6316374117329495
183.94550147736203 -0.11737428560033504
181.8843575267634 2.3815422398521857
179.82321357616476 1.034915270510233
177.7620696255661 0.9195746361721383
175.70092567496746 1.4595704988007172
173.63978172436885 1.6506721671402127
171.5786377737702 1.8697757558713224
169.51749382317155 1.7803541259690245
167.4563498725729 1.5806030103447335
165.39520592197428 3.0041094409796467
163.33406197137563 1.4654362575583495
161.272918020777 0.5512828179942236
159.21177407017834 1.0712211356454977
157.1506301195797 1.0130945873641037
155.08948616898107 2.0330434656245764
153.02834221838242 1.1078611877659814
150.9671982677838 0.8200890122556058
148.90605431718512 0.7842707481692882
146.8449103665865 1.1966123298526776
144.78376641598786 1.5855053436436772
142.72262246538924 2.3614395876999055
140.6614785147906 2.6419881013840065
138.60033456419194 1.7325025904240619
136.5391906135933 0.7305749565196715
134.47804666299467 -0.9525314740328146
132.41690271239602 0.20991615015788215
130.35575876179738 1.7010732174488938
128.29461481119873 3.271746326725235
126.2334708606001 1.8545900518449059
124.17232691000146 1.8350287646466585
122.11118295940281 0.8116430418332573
120.05003900880418 0.8111395813438769
117.98889505820553 3.4299206233689117
115.9277511076069 2.2726987199934543
113.86660715700825 1.5606333245260875
111.80546320640961 1.2338438686685222
109.74431925581098 -1.168453485170189
107.68317530521233 0.7809491626959109
105.6220313546137 2.0688838152259232
103.56088740401505 0.6254067182689618
101.49974345341641 0.5114494983241418
99.43859950281778 0.05281202927052479
97.37745555221912 0.355437920985747
95.31631160162048 1.6092997458709914
93.25516765102184 2.6115707146610077
91.1940237004232 1.712160500745464
89.13287974982455 1.145779157900911
87.07173579922592 0.8252946752522613
85.01059184862729 0.8007819088823152
82.94944789802864 1.1632062070540965
80.88830394743 1.4032814881615112
78.82715999683136 4.0768473499672275
76.76601604623272 1.5611085427350373
74.70487209563407 2.1586176964852095
72.64372814503544 1.699749604049996
70.5825841944368 2.2568697381853866
68.52144024383816 1.8049140734631255
66.46029629323952 3.2361076899160794
64.39915234264087 6.435211766610204
62.338008392042234 10.050032562571442
60.27686444144359 13.071767035768161
58.21572049084495 15.153298486954295
56.15457654024631 19.216075243055414
54.09343258964767 20.309621650841972
52.03228863904903 26.634451808665837
49.97114468845039 32.868683954096255
47.910000737851746 37.247281874894796
45.84885678725311 45.114260719239816
43.78771283665447 47.64827316110766
41.72656888605583 50.97959609174701
39.66542493545719 57.60203469510221
37.60428098485855 62.78585447747641
35.54313703425991 66.84997822185603
33.48199308366127 68.23255193169643
31.420849133062625 69.5735646428935
29.359705182463987 70.9734414821445
27.298561231865346 68.84236384386466
25.2374172812667 68.7525680633537
23.176273330668064 70.54099315417331
21.115129380069423 70.7014545223972
19.05398542947078 69.33008416999455
16.99284147887214 70.2939544500932
14.9316975282735 71.66988500285707
12.870553577674858 83.1296298911082
10.809409627076219 91.34944844382481
8.748265676477576 89.03752677076668
6.687121725878937 80.27018889975501
4.625977775280295 72.40739443424172
2.564833824681654 63.044029637994186
0.5036898740830136 52.410531614677964
-1.5574540765156273 44.235479490845954
-3.618598027114268 38.89921756917882
-5.679741977712909 34.106558121752535
-7.740885928311549 30.189662671535476
-9.802029878910188 27.69601537053831
-11.863173829508831 21.744678993940887
-13.92431778010747 19.096784463126745
-15.985461730706113 18.393882990569896
-18.04660568130475 13.729245200025701
-20.107749631903392 12.082068069776343
-22.168893582502037 11.72712692023539
-24.230037533100678 9.73421336427152
-26.291181483699315 8.307799683320239
-28.352325434297956 7.316917159388559
-30.413469384896597 8.645163510658024
-32.474613335495235 10.352618834661483
-34.53575728609388 9.783913678221975
-36.59690123669252 10.474371101822204
-38.65804518729116 13.796629888041807
-40.7191891378898 15.900962570097542
-42.78033308848844 18.740334699557387
-44.84147703908708 19.58929507329629
-46.90262098968573 23.458945571220003
-48.96376494028437 26.640204670570363
-51.02490889088301 27.277581848877098
-53.08605284148165 30.029910152384453
-55.147196792080294 30.92182199344615
-57.208340742678935 32.55082709930113
-59.269484693277576 34.1172759714157
-61.33062864387621 35.05967246689695
-63.39177259447485 30.713498217168908
-65.45291654507349 26.972866682111807
-67.51406049567214 25.83724089091287
-69.57520444627077 21.430833861223757
-71.63634839686942 17.779536633469448
-73.69749234746806 16.965848301377733
-75.7586362980667 13.999844796117008
-77.81978024866534 12.464671672762375
-79.88092419926399 8.673080572243798
-81.94206814986262 6.961254906060661
-84.00321210046125 5.7525812068559485
-86.0643560510599 5.447271553241511
-88.12550000165854 7.160811052362244
-90.18664395225719 4.55669747932092
-92.24778790285582 3.2476141617368723
-94.30893185345445 3.1609009528513785
-96.37007580405312 0.6891379934581303
-98.43121975465175 1.1634492337333067
-100.4923637052504 -0.19252670422870863
-102.55350765584903 -0.07775698131724126
-104.61465160644768 -1.0674489559853357
-106.67579555704631 -2.0115129433749925
-108.73693950764495 0.0718925742221951
-110.7980834582436 -2.01814382794425
-112.85922740884223 -0.7930289151380169
-114.92037135944088 -1.7836941041637102
-116.98151531003951 -1.1139934757778351
-119.04265926063816 -1.244189117013751
-121.1038032112368 -1.7606728023348162
-123.16494716183543 -1.6042400669269405
-125.22609111243408 -1.3329955247057597
-127.28723506303271 -0.48510422152920296
-129.34837901363136 -0.6094239576686308
-131.40952296423 -1.2787912695417454
-133.47066691482866 -1.3832441117187482
-135.53181086542727 -1.3156564839320888
-137.59295481602592 -0.7180902671631796
-139.65409876662454 -1.6708576581364365
-141.71524271722322 -0.36170848160401714
-143.77638666782184 -0.4578677748455621
-145.8375306184205 -0.12466029817549844
-147.8986745690191 0.5298396751602429
-149.95981851961776 -0.4654071113536105
-152.02096247021643 -2.33595818500878
-154.08210642081505 -2.672803978630176
-156.1432503714137 -2.2384697157831863
-158.20439432201232 -1.7606650124653744
-160.265538272611 0.44290659418932055
-162.32668222320962 -1.1419968371067957
-164.38782617380826 -1.0405978671754814
-166.44897012440688 0.25835528484419795
-168.51011407500553 -2.1048163490675065
-170.57125802560418 -1.2906246773784897
-172.63240197620283 -0.7920867388629351
-174.69354592680145 -1.6234521493859813
-176.7546898774001 -1.1716791908460122
-178.81583382799872 -1.7703410507348185
-180.8769777785974 -1.7362888836623307
-182.938121729196 -1.7161322220021207
-184.99926567979466 0.031812533382732516
-187.06040963039328 -3.54369032320794
-189.12155358099196 -1.2565041312426306
-191.1826975315906 -1.1522609724641304
-193.24384148218923 -1.213901961739344
-195.30498543278787 -2.1269088025076064
-197.3661293833865 -1.2258904182433237
-199.42727333398517 -1.0556602606825525
-201.4884172845838 -0.6925943212754172
-203.54956123518244 0.5092077033702629
-205.61070518578106 -1.75760429682049
-207.6718491363797 -1.479164882048428
-209.73299308697835 -2.2734019940977532
-211.794137037577 -1.7116802252464625
-213.85528098817562 0.9188445670190778
-215.91642493877427 -0.2431835593056324
-217.97756888937292 -0.03318440686386043
-220.03871283997157 1.331986868496202
