# BEGINHEADER
# This file contains data from the SALSA 2m radio telescope.
# DATE=2024-04-09T15:04:0035
# GLON and GLAT given in degrees
# GLON=214.82923791168417
# GLAT=-0.28381557547235653
# DATA in two columns below. Col. 1 is velocity relative to LSR [km/s]. Col. 2 is uncalibrated antenna temperature [K].
# ENDHEADER
220.71055975113651 0.447004284597196
218.6494158005379 1.3175622705090853
216.58827184993922 1.3216518814820104
214.5271278993406 1.577931472773557
212.46598394874195 3.970021367207394
210.40483999814333 2.528224196469783
208.34369604754468 1.758440383735859
206.28255209694603 2.827921898037877
204.2214081463474 0.9825847275765234
202.16026419574877 1.8034890386594427
200.09912024515012 4.5272052443539845
198.0379762945515 0.2771996230389135
195.97683234395285 1.9843631381428684
193.91568839335423 1.0962832544532688
191.85454444275558 1.9181416771331536
189.7934004921569 2.59629092426887
187.7322565415583 1.9874136523537862
185.67111259095964 2.1762524729278883
183.60996864036102 1.2448935124541762
181.54882468976237 2.5904912447656443
179.48768073916372 2.6536357730548907
177.42653678856507 0.8760110190467328
175.36539283796645 0.25263765392680604
173.3042488873678 4.028875640269896
171.24310493676919 4.583764971815592
169.1819609861705 -0.6062228862406206
167.1208170355719 1.1579520511868528
165.05967308497324 0.8684119384081675
162.99852913437462 1.6845248711678902
160.93738518377594 2.6732705785104183
158.87624123317732 2.303277217229949
156.81509728257868 1.3992053770683872
154.75395333198003 1.527009859716912
152.6928093813814 2.043820331866602
150.63166543078273 1.6776709117959008
148.5705214801841 0.6425843869552559
146.50937752958546 0.42751299862951603
144.44823357898684 2.3149871643323054
142.3870896283882 2.185735691120835
140.32594567778955 2.3468124658728997
138.2648017271909 2.2222846049041243
136.20365777659228 2.1997024871198785
134.14251382599363 1.9060926401253084
132.08136987539498 -0.5534560139869181
130.02022592479636 1.5396300701357026
127.9590819741977 1.6212170210156756
125.89793802359907 1.9265101139684466
123.83679407300042 2.444566264638709
121.77565012240179 1.5626415889938876
119.71450617180314 1.844243071328883
117.6533622212045 0.9426897658480188
115.59221827060587 2.6569612317026237
113.53107432000722 1.5209869026763718
111.46993036940859 0.9557193101960711
109.40878641880994 0.8653738975236681
107.3476424682113 1.8921687704797638
105.28649851761266 0.9798381918780107
103.22535456701402 1.332751058187437
101.16421061641539 0.817837846193469
99.10306666581674 3.4558772494448102
97.04192271521808 2.5315576024741535
94.98077876461944 0.8543841924308241
92.9196348140208 1.9014702300435795
90.85849086342216 2.0105895813481256
88.79734691282351 2.3360071765200208
86.73620296222488 2.670480516371884
84.67505901162623 2.429336021548503
82.6139150610276 2.159195387166146
80.55277111042896 3.900153122403319
78.49162715983032 3.4224428166260017
76.43048320923168 3.7346798810813735
74.36933925863303 7.885062621052446
72.3081953080344 8.032929333105768
70.24705135743575 9.62258591657577
68.18590740683712 11.855809326822637
66.12476345623848 17.163471417060205
64.06361950563983 20.604908354814544
62.00247555504119 27.522183256220266
59.94133160444255 38.28355384300939
57.88018765384391 50.379677558140266
55.81904370324527 58.77602306947235
53.75789975264663 66.24527091012087
51.69675580204799 75.27784937836263
49.63561185144934 76.84631356689688
47.574467900850706 75.50735502165243
45.513323950252065 67.68259252894485
43.452179999653424 63.830991838801985
41.39103604905478 58.32905461653127
39.32989209845614 55.48930256809054
37.2687481478575 48.68467975544829
35.20760419725886 44.503985870462174
33.146460246660226 49.91583894603297
31.085316296061578 58.06452991138221
29.02417234546294 68.21447845177052
26.9630283948643 71.73380902033594
24.901884444265654 71.38901184032719
22.840740493667017 66.64253343991469
20.779596543068376 60.58188483089757
18.718452592469735 54.33293805257
16.657308641871094 50.68605678768733
14.596164691272454 56.016371496120584
12.535020740673811 56.886574579513855
10.473876790075172 57.00877202252485
8.41273283947653 58.32386785751175
6.35158888887789 55.27297858049515
4.29044493827925 47.523023424869514
2.2293009876806087 36.649648801310825
0.1681570370819682 27.78942940505474
-1.8929869135166728 17.893326789153374
-3.9541308641153132 11.8933756301509
-6.015274814713954 8.634705502587359
-8.076418765312596 6.5128813315416485
-10.137562715911235 4.790661120956567
-12.198706666509878 3.4643666952628718
-14.259850617108517 4.754640913203821
-16.320994567707157 2.28685099922276
-18.382138518305798 2.2310634847170228
-20.44328246890444 2.2862769060515102
-22.50442641950308 1.9987019947898572
-24.565570370101725 1.18864520321135
-26.626714320700362 1.510075368368843
-28.687858271299003 1.669414150457211
-30.749002221897644 1.7653468416434603
-32.81014617249629 1.430138849279583
-34.87129012309493 0.25214394984075145
-36.932434073693564 2.107907292023423
-38.993578024292205 -0.014540464826068087
-41.054721974890846 0.21001360418593168
-43.11586592548949 0.8383870790412244
-45.17700987608813 -0.15935734456250816
-47.238153826686776 -0.9236779529513638
-49.29929777728541 -0.9159662534398758
-51.36044172788405 -0.378192657854345
-53.42158567848269 2.338249688607454
-55.482729629081334 1.0061956414273427
-57.543873579679975 0.09365996237187284
-59.605017530278616 1.442573575229387
-61.66616148087726 1.0163891749476943
-63.72730543147589 0.8805551002635412
-65.78844938207455 -0.6616801008006178
-67.84959333267318 0.8209818046575867
-69.91073728327181 -0.13588602472306446
-71.97188123387046 1.1583302564630436
-74.0330251844691 0.8006230389613181
-76.09416913506774 -1.1586584540483271
-78.15531308566638 -0.24771113586591295
-80.21645703626503 -0.4195169839066545
-82.27760098686366 -0.2771532644373531
-84.3387449374623 1.0122877381443682
-86.39988888806094 -1.074701345433947
-88.46103283865958 0.4562609868543068
-90.52217678925822 -0.22882992705844762
-92.58332073985686 0.47604724172658375
-94.64446469045551 -0.2784421358677993
-96.70560864105416 -1.230456097417199
-98.76675259165279 -0.12008688450960607
-100.82789654225142 -0.43259320031372306
-102.88904049285007 0.1912137454536646
-104.9501844434487 -1.4903109569132122
-107.01132839404734 -0.4124106976543084
-109.07247234464599 -0.1342187127104327
-111.13361629524462 -0.6643976464529631
-113.19476024584327 -2.6627857838270383
-115.2559041964419 -2.022333469242137
-117.31704814704055 -1.5329861603173611
-119.37819209763919 -1.1612653914963285
-121.43933604823782 -1.720837135223627
-123.50047999883647 -0.9958707210086531
-125.5616239494351 2.1654180133143424
-127.62276790003375 0.4592606925817226
-129.6839118506324 -0.6842666654885226
-131.74505580123105 -1.3429004932810518
-133.80619975182967 0.5980022488466933
-135.86734370242831 -0.3353572322879299
-137.92848765302693 -1.5515844090752624
-139.9896316036256 -1.3480848246374342
-142.05077555422423 0.8371229362952792
-144.11191950482288 -1.1458952277239736
-146.1730634554215 -0.6688616933277189
-148.23420740602015 -0.23929436758759762
-150.2953513566188 -0.02581273070790127
-152.35649530721744 -0.3703800578360059
-154.41763925781606 -1.6077226129838336
-156.4787832084147 -1.2368661358704096
-158.5399271590134 0.6385219363810547
-160.601071109612 0.29458172015760953
-162.66221506021066 -0.6419727562606395
-164.72335901080928 -0.28670082514402684
-166.78450296140792 -1.60923799311649
-168.84564691200657 -0.43426471984282133
-170.90679086260522 0.05907480398073147
-172.96793481320384 -1.1598919509059005
-175.0290787638025 -1.4623322353129597
-177.0902227144011 -0.07865521376622123
-179.15136666499978 -1.5050655562886552
-181.2125106155984 -1.153173567439725
-183.27365456619705 0.1680871978326167
-185.33479851679567 0.45105843088735276
-187.39594246739432 -1.0125983665654386
-189.45708641799297 -0.8502828122289409
-191.51823036859162 -0.02110354187269457
-193.57937431919026 -2.0120570763844103
-195.64051826978888 -0.7650703673643974
-197.70166222038756 0.662754206124806
-199.7628061709862 1.1081892115079117
-201.82395012158486 -2.069349555999023
-203.88509407218348 -1.7331660896484964
-205.94623802278213 -0.4357846345693238
-208.00738197338075 1.1282476581489185
-210.06852592397942 1.5721051264485888
-212.12966987457804 -1.781236452265292
-214.1908138251767 0.16539741038993924
-216.2519577757753 0.05668569821000504
-218.31310172637396 -1.2998542421422206
-220.3742456769726 -0.8517514622949545
-222.43538962757125 -1.704391065129845
-224.49653357816987 -0.08010059006652494
-226.55767752876852 -1.8953797953402465
-228.61882147936717 -0.11263481852828962
-230.67996542996582 0.025319889262402744
-232.74110938056447 0.347989872020077
-234.8022533311631 -1.6116201480930086
-236.86339728176173 -0.5124486272454235
-238.92454123236038 1.0917846341864736
-240.98568518295903 0.2462264294579361
-243.04682913355765 -0.14852730520261506
-245.1079730841563 0.5168402820428664
-247.16911703475492 0.37180439650953584
-249.2302609853536 -1.5004219057175627
-251.29140493595222 -1.1713506736945678
-253.35254888655086 0.05361445167185001
-255.41369283714948 -2.0897648300994343
-257.47483678774813 -0.46483191552690684
-259.5359807383468 1.1414312841631373
-261.5971246889454 0.7828279701918988
-263.6582686395441 0.4718806086149427
-265.71941259014267 0.7885449802641876
-267.7805565407414 0.8152337038400738
-269.84170049133996 0.17477006353906788
-271.9028444419386 0.49919254824836423
-273.9639883925373 1.7953209258477936
-276.0251323431359 0.6969084081040754
-278.08627629373456 -0.008470017545237907
-280.14742024433315 0.9093144743390914
-282.20856419493185 0.2980231587115264
-284.2697081455305 0.5007707138446955
-286.3308520961291 0.3344488939826014
-288.39199604672774 -0.5703719106754607
-290.4531399973264 -0.49488698711962015
-292.51428394792504 -0.5745237178389871
-294.5754278985237 2.022536848230762
-296.6365718491223 0.333230036203944
-298.697715799721 1.3187870173864595
-300.7588597503196 2.3778863227527633
-302.8200037009182 1.052792104769639
-304.88114765151687 3.3071581037832365
