# BEGINHEADER
# This file contains data from the SALSA 2m radio telescope.
# DATE=2024-04-09T13:54:0045
# GLON and GLAT given in degrees
# GLON=174.85463913840718
# GLAT=-0.2745487774949711
# DATA in two columns below. Col. 1 is velocity relative to LSR [km/s]. Col. 2 is uncalibrated antenna temperature [K].
# ENDHEADER
229.52043963256403 -1.6350291861182775
227.4592956819654 -4.6844579987607675
225.39815173136674 -3.770340633016158
223.3370077807681 -4.750496325588086
221.27586383016947 -4.814858440414852
219.21471987957082 -4.848315087567684
217.1535759289722 -4.835799558073847
215.09243197837353 -4.906211252176369
213.0312880277749 -5.067711266754133
210.97014407717626 -5.866128912798054
208.90900012657764 -3.244838147540407
206.847856175979 -4.499850238677167
204.78671222538034 -4.322575439098157
202.7255682747817 -4.214911576333176
200.66442432418307 -4.116439067452971
198.60328037358443 -5.01248564679871
196.54213642298578 -4.375860791009838
194.48099247238716 -4.951786282935287
192.4198485217885 -6.657187762083086
190.3587045711899 -6.161956763160833
188.2975606205912 -3.9737135644107413
186.2364166699926 -6.060218683885747
184.17527271939394 -5.339576351301881
182.11412876879533 -4.613996878907306
180.05298481819668 -5.820357838554527
177.99184086759803 -4.483133687619122
175.93069691699938 -3.335233387549478
173.86955296640076 -5.3114538607325565
171.8084090158021 -4.907218545451373
169.74726506520346 -4.363081768047824
167.68612111460482 -5.295013882753643
165.6249771640062 -5.134594525048511
163.56383321340755 -3.4811834123021317
161.50268926280893 -6.225877115511911
159.44154531221025 -4.7173380186686575
157.3804013616116 -4.463932344923701
155.31925741101298 -6.572962411369399
153.25811346041434 -3.3870855596458203
151.19696950981572 -4.209985424244443
149.13582555921704 -4.675025783883785
147.07468160861842 -3.088944172933042
145.01353765801977 -3.6825911713092485
142.95239370742115 -4.2336540884235205
140.8912497568225 -4.462690470610356
138.83010580622386 -3.3935579430605283
136.7689618556252 -6.934534281957197
134.7078179050266 -5.2133419985631
132.64667395442794 -4.659941845088142
130.5855300038293 -4.151107269444314
128.52438605323064 -4.737237635385782
126.46324210263201 -4.848113406103212
124.40209815203337 -4.755119654840326
122.34095420143473 -4.492973885315229
120.27981025083609 -4.870155807881678
118.21866630023744 -3.8679482405094814
116.15752234963881 -4.361393524930353
114.09637839904016 -3.6321279631268686
112.03523444844153 -5.348866390779966
109.9740904978429 -3.888455314713048
107.91294654724425 -4.54540350480248
105.85180259664561 -3.4146957042390307
103.79065864604696 -3.6063478494964922
101.72951469544832 -2.2006547056363193
99.66837074484968 -5.226533411278453
97.60722679425102 -5.155622538994287
95.54608284365239 -4.140268299175073
93.48493889305374 -4.605708718843811
91.4237949424551 -2.718290331596602
89.36265099185647 -1.9126440316324318
87.30150704125782 -3.0541485704337195
85.24036309065919 -2.778998305687428
83.17921914006054 -4.406108236908388
81.1180751894619 -4.865320105526716
79.05693123886326 -2.6068670680226376
76.99578728826462 -3.3194532286044494
74.93464333766599 -3.955739019784232
72.87349938706734 -2.132357399074533
70.8123554364687 -1.2631809712434239
68.75121148587006 -2.101510065857571
66.69006753527142 -3.212342537882588
64.62892358467278 -2.563071267605321
62.567779634074135 -3.0128319649515567
60.506635683475494 -1.6931895554241316
58.44549173287685 -2.001161051783354
56.38434778227822 -3.0110925864129445
54.32320383167958 -3.3129745169484988
52.26205988108093 -4.243970298268627
50.20091593048229 -2.725719751371876
48.13977197988365 -3.013181187646053
46.07862802928501 -2.52580840915797
44.01748407868637 -0.9210678951564617
41.95634012808773 -1.9567795092993219
39.89519617748909 -3.6076490313561895
37.83405222689045 -2.5872667953009354
35.77290827629181 -2.262965288414641
33.71176432569316 -3.549988381649203
31.650620375094526 -2.6078290657478598
29.58947642449588 -2.044213674685896
27.52833247389724 -2.080909563173515
25.467188523298603 -0.41585462793870615
23.40604457269996 -1.4275454006522181
21.34490062210132 -1.2221478626180422
19.28375667150268 -0.07858684136204155
17.22261272090404 2.4126407953305242
15.161468770305397 5.005883460728286
13.100324819706756 11.04716474000939
11.039180869108117 20.894360506536653
8.978036918509476 36.22117790376652
6.916892967910835 56.91107553972571
4.8557490173121955 72.22120460439977
2.794605066713554 86.18750611724502
0.7334611161149132 96.89511623940227
-1.3276828344837275 100.93526934574031
-3.3888267850823683 108.04708727459222
-5.449970735681009 110.67614040963402
-7.511114686279651 111.17907235236073
-9.57225863687829 106.0042033700968
-11.633402587476933 100.02299440425632
-13.694546538075572 98.8995504843265
-15.755690488674214 95.048794826071
-17.816834439272853 86.89666621666905
-19.877978389871497 73.5795037905812
-21.939122340470135 58.54512966068773
-24.000266291068776 43.67626089270929
-26.061410241667417 31.86764420756127
-28.122554192266062 21.723521095489833
-30.1836981428647 15.648137671052899
-32.24484209346334 11.356984532739627
-34.30598604406198 7.683504304241074
-36.36712999466062 6.438077221758828
-38.428273945259264 4.116421061317167
-40.4894178958579 3.741159277478469
-42.550561846456546 3.447288238293119
-44.61170579705519 1.4522138240548297
-46.67284974765383 1.9863644601344437
-48.73399369825247 0.644232093213216
-50.79513764885111 0.012558181387834643
-52.856281599449744 -0.9617174712991017
-54.917425550048385 -0.6472495699932996
-56.978569500647026 -1.8493364780810126
-59.03971345124567 -1.930672613474553
-61.10085740184431 -2.44364972608813
-63.16200135244296 -0.7371145625375748
-65.22314530304159 -0.7455661662195637
-67.28428925364024 -1.7164033775683591
-69.34543320423887 -1.52064048900344
-71.40657715483752 -1.8095072966667411
-73.46772110543615 -2.4358391572986937
-75.52886505603479 -2.5692644137710525
-77.59000900663344 -2.817012850867682
-79.65115295723207 -2.725358334473789
-81.71229690783072 -2.42029424039937
-83.77344085842935 -4.715257127090742
-85.834584809028 -3.371194024677824
-87.89572875962664 -3.7099034779723983
-89.95687271022527 -2.695525653727931
-92.01801666082393 -3.212614104545798
-94.07916061142257 -2.1519758137444827
-96.14030456202121 -2.8457196511765908
-98.20144851261985 -5.1539220845413976
-100.26259246321848 -2.7218697180020612
-102.32373641381712 -3.7209674452516714
-104.38488036441576 -3.339265881086318
-106.4460243150144 -3.9464546092094785
-108.50716826561303 -2.198026049564417
-110.56831221621168 -1.8297853652872176
-112.62945616681031 -3.800712553916263
-114.69060011740896 -3.9992079945193404
-116.7517440680076 -4.399288316782046
-118.81288801860624 -3.3762092076158905
-120.87403196920488 -4.309271153903705
-122.93517591980351 -4.299334946084846
-124.99631987040216 -3.856241247134594
-127.0574638210008 -3.318827830376806
-129.11860777159944 -3.589835885506514
-131.1797517221981 -4.767891812964849
-133.24089567279674 -4.3185925681025665
-135.30203962339536 -4.493370557724359
-137.363183573994 -4.744342129232559
-139.42432752459263 -4.206100162760013
-141.4854714751913 -3.340590460808533
-143.54661542578992 -4.296572326585088
-145.60775937638857 -4.626260070412716
-147.6689033269872 -3.7345057477350956
-149.73004727758584 -6.230501508073941
-151.79119122818452 -4.2184321767811435
-153.85233517878314 -4.580285222784887
-155.91347912938178 -6.063942292020441
-157.9746230799804 -4.137286828365217
-160.03576703057908 -2.842129382438399
-162.0969109811777 -4.891935653718663
-164.15805493177635 -4.102414150689112
-166.21919888237497 -5.005570841338386
-168.28034283297362 -3.2419969329002214
-170.34148678357226 -2.9125374003998243
-172.4026307341709 -2.784053809924721
-174.46377468476953 -2.8753441455489424
-176.52491863536818 -5.10174071963364
-178.5860625859668 -3.258016440027564
-180.64720653656548 -3.4161217743489107
-182.7083504871641 -4.399817272706784
-184.76949443776275 -2.3455542262777485
-186.83063838836136 -4.010679056990119
-188.89178233896004 -4.19574389517463
-190.9529262895587 -3.0063755878300804
-193.0140702401573 -3.7654845173290368
-195.07521419075596 -2.7736478547133117
-197.13635814135458 -3.7455216762910055
-199.19750209195325 -4.345925716019688
-201.2586460425519 -4.738368866018133
-203.31978999315055 -4.058772652247282
-205.38093394374917 -5.6744420489700405
-207.44207789434782 -4.295971592968793
-209.50322184494644 -4.424408632953014
-211.56436579554511 -4.219177111671699
-213.62550974614373 -4.169469082298193
-215.68665369674238 -4.417152831233748
-217.747797647341 -4.093424883797288
-219.80894159793965 -3.4311837924023902
-221.8700855485383 -2.1970165148608936
-223.93122949913695 -5.733995267085684
-225.9923734497356 -4.560208798279728
-228.05351740033421 -3.5480786307081593
-230.1146613509329 -4.095872164573588
-232.1758053015315 -3.414901456114808
-234.23694925213016 -3.276197748115451
-236.29809320272878 -3.6041000663963385
-238.35923715332743 -2.8410201800307786
-240.42038110392608 -4.532677768465141
-242.48152505452472 -3.3909790267254607
-244.54266900512334 -3.0490663330831986
-246.603812955722 -3.481979980412778
-248.6649569063206 -3.0857528818272444
-250.7261008569193 -3.4037841404522533
-252.7872448075179 -2.6980237314700397
-254.84838875811656 -3.577211648050554
-256.9095327087152 -3.6160692650681896
-258.9706766593138 -3.066846318490911
-261.0318206099125 -2.4369407220377655
-263.0929645605111 -2.5960368485276795
-265.15410851110977 -4.005115723778521
-267.2152524617084 -4.245142019655286
-269.27639641230707 -4.122953254459092
-271.33754036290566 -3.8198994802833703
-273.3986843135043 -2.8448364198760525
-275.459828264103 -4.553690277228293
-277.5209722147016 -5.204978483416001
-279.58211616530025 -4.739133893449363
-281.64326011589884 -3.2059306252873307
-283.70440406649755 -3.0495950167907653
-285.7655480170962 -3.37179093369106
-287.8266919676948 -3.4848194021811616
-289.88783591829343 -2.5075430917502883
-291.9489798688921 -3.4715005184652448
-294.01012381949073 -4.9266557329691505
-296.0712677700894 -3.121494908945837
