# BEGINHEADER
# This file contains data from the SALSA 2m radio telescope.
# DATE=2024-04-09T13:33:0051
# GLON and GLAT given in degrees
# GLON=144.84652417562987
# GLAT=-0.22385537605072034
# DATA in two columns below. Col. 1 is velocity relative to LSR [km/s]. Col. 2 is uncalibrated antenna temperature [K].
# ENDHEADER
247.5990548653821 -0.86557950571929
245.53791091478342 -2.7373682044142
243.4767669641848 -3.7926609027480236
241.41562301358616 -1.5804771589170976
239.35447906298754 -1.9850325480852913
237.2933351123889 -2.969422595040379
235.23219116179024 -1.48901412716486
233.1710472111916 -2.631374130394804
231.10990326059297 -3.8179060290878497
229.04875930999432 -2.758001792974194
226.98761535939565 1.8774678656120998
224.92647140879703 -2.903740019188478
222.86532745819838 -2.6289052107458653
220.80418350759976 -2.1972226303971754
218.7430395570011 -1.7385251151110095
216.68189560640246 -2.528761696386214
214.62075165580382 -2.6768049840829296
212.5596077052052 -2.1252454935094116
210.49846375460655 -2.851836750161518
208.43731980400793 -3.5449707919368443
206.37617585340925 -1.4659227662919432
204.31503190281063 -3.1369151320936326
202.25388795221198 -3.508155524287267
200.19274400161336 -0.7285689636725184
198.1316000510147 -0.04630284534030481
196.07045610041607 -4.40077296513155
194.0093121498174 -2.088044368012286
191.94816819921874 -3.123983953044976
189.88702424862012 -1.9033715830415032
187.82588029802147 0.06803776640757106
185.76473634742283 -2.657830329054503
183.70359239682418 -4.130203964501744
181.64244844622556 -3.0351684985067364
179.5813044956269 -1.973243847772376
177.5201605450283 -1.341781985348204
175.4590165944296 -2.063812395767597
173.397872643831 -3.6994507220580317
171.33672869323235 0.4859146002571873
169.27558474263373 -1.4351278162505499
167.21444079203508 -0.8019757263152824
165.15329684143643 -1.1795629337787272
163.09215289083778 -2.929572409720927
161.03100894023916 -3.4935865060730906
158.9698649896405 0.6697416723966771
156.90872103904186 -0.5578121249165048
154.84757708844322 -2.430164056878925
152.78643313784457 -1.7944355354171033
150.72528918724595 -1.7386769017625028
148.6641452366473 -1.2752667414379961
146.60300128604865 -2.7198424716975107
144.54185733545 -1.0143309267223763
142.48071338485138 -1.277537262075466
140.41956943425274 -2.649630219173709
138.35842548365412 -1.1961501766376488
136.29728153305544 -3.067455391177015
134.23613758245682 -0.7668422630815062
132.17499363185817 0.14956887403087615
130.11384968125952 -0.7765833267242925
128.0527057306609 -1.5874459416227622
125.99156178006226 -0.8991565425032858
123.93041782946361 -1.4189652368914671
121.86927387886497 -1.2382812094296978
119.80812992826633 -0.6602224070109416
117.74698597766769 -1.7283745857093118
115.68584202706904 -0.9338515616089019
113.62469807647041 -1.1972240543317219
111.56355412587178 -0.3258234977233195
109.50241017527313 -0.9201702875589909
107.4412662246745 -2.1348046639360243
105.38012227407584 -0.10065587713789045
103.31897832347721 -0.8705383058919226
101.25783437287858 -0.4331120583220602
99.19669042227993 -1.7385609532437023
97.1355464716813 -1.7640705994190704
95.07440252108263 -1.1554666452125932
93.013258570484 -0.5697244460529407
90.95211461988535 -1.9030382417221294
88.89097066928672 -2.3580387675213483
86.82982671868808 -0.3162371141824542
84.76868276808943 -1.1406392934230436
82.7075388174908 -0.21501136798199597
80.64639486689215 -0.6549542629736892
78.58525091629352 -2.235212358348177
76.52410696569487 -1.5132616233200487
74.46296301509624 -0.5704732395054186
72.4018190644976 -1.5036788424652463
70.34067511389895 -2.223532304298281
68.27953116330032 -0.641781029483841
66.21838721270167 -1.8623619636074662
64.15724326210304 -2.1323985478822864
62.09609931150439 -2.7628283285505706
60.03495536090575 -3.1117534234642314
57.97381141030711 -0.23445814680248125
55.912667459708466 -0.7206040487845278
53.851523509109825 -1.650816956377223
51.79037955851119 -0.9328878931885679
49.72923560791255 -0.5968790260716288
47.6680916573139 0.041254260973036964
45.60694770671526 -0.48570163678453104
43.54580375611662 -0.8032955859115242
41.48465980551798 0.7622851039925033
39.42351585491934 -0.41442918727221056
37.3623719043207 -0.5328280675899038
35.30122795372206 1.2130297869858782
33.24008400312342 -0.40912510935537827
31.178940052524776 1.1745681970372746
29.117796101926135 -0.32494559892185815
27.056652151327498 0.4904604997678874
24.995508200728857 0.2279866925165152
22.934364250130212 -0.7747635031607316
20.873220299531575 0.9406081362635944
18.812076348932933 1.925997663207757
16.750932398334292 1.3197365130943022
14.689788447735651 2.778474516891428
12.628644497137012 4.517418058569521
10.56750054653837 7.450300644907961
8.50635659593973 13.64808498672461
6.445212645341089 22.987280018774577
4.384068694742448 38.40694948859871
2.322924744143807 51.31296124364206
0.26178079354516615 63.0359762517443
-1.7993631570534747 65.17300861764977
-3.8605071076521154 61.59735502106013
-5.921651058250756 62.28453071149296
-7.982795008849397 64.06637217508515
-10.043938959448038 66.47925857883111
-12.105082910046677 70.59490472179564
-14.16622686064532 64.15308241665599
-16.22737081124396 54.30031894257945
-18.288514761842602 50.04921190838165
-20.34965871244124 45.174298488698504
-22.41080266303988 46.22812479509326
-24.471946613638526 48.922278459484154
-26.533090564237163 55.07456252791553
-28.594234514835804 64.04042138090367
-30.655378465434445 72.35547355992632
-32.71652241603309 80.61985956856341
-34.77766636663173 89.14565301703601
-36.83881031723037 91.20366147430782
-38.89995426782901 88.05163136810849
-40.96109821842765 81.05971741919225
-43.02224216902629 77.0838350524925
-45.083386119624926 68.84551933758722
-47.14453007022357 56.92715923227701
-49.205674020822215 49.59693454357347
-51.266817971420856 44.25901019388188
-53.3279619220195 42.704933051338905
-55.38910587261814 38.14413476625935
-57.45024982321678 35.34395899492216
-59.51139377381541 32.10127343185384
-61.572537724414055 26.786957944109332
-63.633681675012696 21.586898147218612
-65.69482562561134 17.645541275338662
-67.75596957620998 16.83517612256961
-69.81711352680863 19.356639880980204
-71.87825747740726 18.724260462214104
-73.93940142800591 17.88775562481331
-76.00054537860454 17.32050287948457
-78.06168932920319 14.463240502752674
-80.12283327980182 13.809355796071356
-82.18397723040046 12.096628113619625
-84.2451211809991 9.153624189472948
-86.30626513159774 7.046082082836973
-88.36740908219639 3.963181332059582
-90.42855303279502 3.3264375532302624
-92.48969698339366 2.032491307949746
-94.5508409339923 0.8403610902257744
-96.61198488459094 2.0275630531951756
-98.6731288351896 1.4206688047609417
-100.73427278578824 1.9003851247344012
-102.79541673638688 1.5204917088085104
-104.85656068698552 0.542225905405284
-106.91770463758415 -0.1603127630600965
-108.9788485881828 -2.3392669993776964
-111.03999253878143 -1.3483161735218248
-113.10113648938008 -1.4894795400420964
-115.16228043997872 0.5523304357980956
-117.22342439057736 -1.5076338826553686
-119.284568341176 -1.213254885625046
-121.34571229177463 -1.2763316240176377
-123.40685624237328 -1.8094688641433965
-125.46800019297191 -0.16447930400660588
-127.52914414357056 -3.135607524656408
-129.5902880941692 -0.5932234150691564
-131.65143204476783 -1.9130464348940597
-133.71257599536648 -0.9304740858626714
-135.77371994596513 -2.153520995119949
-137.83486389656377 -1.5068482874665328
-139.8960078471624 -0.40604321730530607
-141.95715179776104 -2.502382805990775
-144.0182957483597 -3.343804715537899
-146.07943969895834 -2.830836291527528
-148.14058364955696 -3.3323033561151716
-150.2017276001556 -2.8998369892795295
-152.26287155075423 -0.11893140784959971
-154.3240155013529 -0.9099911609326559
-156.38515945195155 -1.7197499951708557
-158.44630340255017 -2.0826864205531583
-160.50744735314882 -2.019727643284916
-162.56859130374744 -1.921247082661191
-164.62973525434612 -2.0343758242538152
-166.69087920494474 -2.6124033881455007
-168.75202315554338 -1.4243838212042996
-170.813167106142 -1.5450625584338187
-172.87431105674068 -1.1947674547254201
-174.9354550073393 -2.5911294263117797
-176.99659895793795 -1.105564394132273
-179.05774290853657 -2.0998233464232015
-181.11888685913522 -2.3982659342807042
-183.18003080973386 -1.8573327142783291
-185.2411747603325 -1.864943102749116
-187.30231871093113 -2.1396778093714737
-189.36346266152978 -1.611016384313448
-191.4246066121284 -0.9348552033746409
-193.48575056272708 -1.8456529060032476
-195.54689451332573 -2.610945660364013
-197.60803846392434 -2.405698372183101
-199.669182414523 -1.9247064386043162
-201.7303263651216 -1.2444681472930155
-203.79147031572026 -2.5798553095301355
-205.85261426631888 -2.4687946340979403
-207.91375821691753 -2.065022347821414
-209.97490216751618 -3.352218010592537
-212.03604611811483 -2.1987545813319804
-214.09719006871345 -2.562323567762009
-216.1583340193121 -3.18914348298079
-218.2194779699107 -2.701453619204055
-220.2806219205094 -1.6753678483101226
-222.341765871108 -1.3860537251425555
-224.40290982170666 -0.8450884454939941
-226.46405377230528 -0.21980703695839993
-228.52519772290395 -1.467504453541613
-230.58634167350257 -1.488293494828395
-232.64748562410122 -2.824114265043161
-234.70862957469987 -1.8098206091335547
-236.7697735252985 0.12242168354773723
-238.83091747589717 0.2005761520577392
-240.8920614264958 -1.6136517140370277
-242.95320537709443 -0.838329256323898
-245.01434932769305 -1.2832146681086467
-247.0754932782917 -0.23792535223252
-249.13663722889035 -1.2064745812055346
-251.197781179489 -1.3507202379733598
-253.25892513008762 -0.2653366991131278
-255.32006908068627 -2.019759516445631
-257.3812130312849 -0.07887434129292709
-259.44235698188356 -1.9366489783490823
-261.5035009324822 -2.161676559205773
-263.56464488308086 -1.2044120042389748
-265.62578883367945 -2.904545360253439
-267.6869327842781 -0.9826023756043357
-269.74807673487675 -2.938949204061327
-271.8092206854754 0.18454323716338553
-273.87036463607404 -1.6518497002223014
-275.9315085866727 -2.395590247670274
-277.99265253727134 -2.116077670207373
