# BEGINHEADER
# This file contains data from the SALSA 2m radio telescope.
# DATE=2024-03-27T10:16:0048
# GLON and GLAT given in degrees
# GLON=149.8773034865732
# GLAT=-0.2545738127132365
# DATA in two columns below. Col. 1 is velocity relative to LSR [km/s]. Col. 2 is uncalibrated antenna temperature [K].
# ENDHEADER
240.85700501037428 16.752192625674976
238.79586105977563 28.50180257795124
236.734717109177 24.796211241139787
234.67357315857834 25.712760594686646
232.61242920797972 22.322702464321264
230.55128525738107 15.54255041054135
228.49014130678245 18.07309052762728
226.42899735618377 22.208578251496565
224.36785340558515 21.41693965379173
222.3067094549865 12.916376490108936
220.24556550438788 1.6555828898513918
218.18442155378924 23.853812937274554
216.12327760319056 17.733655106429687
214.06213365259194 19.879071394815863
212.0009897019933 17.52314980588316
209.93984575139467 23.248157279361507
207.87870180079602 21.710798986888406
205.81755785019737 18.70401099113017
203.75641389959873 16.155517276989972
201.6952699490001 18.170920617988298
199.63412599840146 16.201552657343672
197.5729820478028 17.194430555302173
195.51183809720416 20.631415657160016
193.45069414660554 20.468882702922937
191.3895501960069 18.180701435556752
189.32840624540827 18.69908718361444
187.2672622948096 19.964848467022303
185.20611834421098 16.93221772736953
183.14497439361233 18.900123259576326
181.0838304430137 19.805093762472733
179.02268649241506 21.932981413526093
176.96154254181639 20.734900346325684
174.90039859121777 19.501248044707502
172.83925464061912 19.801081055203717
170.7781106900205 19.505489202135074
168.71696673942182 17.568086081401525
166.6558227888232 20.786183007146455
164.59467883822455 21.42171428044832
162.53353488762593 20.78206544635332
160.47239093702728 17.72957153870087
158.41124698642864 17.948995619042435
156.35010303583 17.64892364281035
154.28895908523137 19.019299369061017
152.22781513463272 21.712244918582048
150.1666711840341 19.71666906698834
148.10552723343542 19.45554758774008
146.0443832828368 19.275177639806735
143.98323933223816 21.38071791835818
141.92209538163954 19.238670664741583
139.8609514310409 18.656790529173943
137.7998074804422 20.10292857379743
135.7386635298436 16.45993850861538
133.67751957924494 19.937819587948493
131.61637562864632 20.519953064043392
129.55523167804768 20.065110217076125
127.49408772744903 18.53818638541325
125.4329437768504 20.83606167966805
123.37179982625176 23.04937848420941
121.3106558756531 20.497202882630145
119.24951192505446 21.36286788216758
117.18836797445582 23.053598607073745
115.12722402385718 22.33594990455118
113.06608007325853 21.014861241967473
111.0049361226599 21.159452842900283
108.94379217206126 23.740589557630205
106.88264822146262 20.22883177259491
104.82150427086398 19.59184197132103
102.76036032026533 23.245484599064888
100.6992163696667 21.96738791948176
98.63807241906807 22.144461804403804
96.57692846846942 23.91704310851388
94.51578451787078 24.024470823199138
92.45464056727214 22.036313357733167
90.3934966166735 22.861463470021217
88.33235266607485 22.311261594639863
86.27120871547622 24.01778445967998
84.21006476487759 24.630735881155154
82.14892081427892 25.50233305625078
80.08777686368029 24.687178551222942
78.02663291308164 24.630044001590555
75.96548896248301 21.330375513696197
73.90434501188436 24.062527561123115
71.84320106128573 22.696138464245724
69.78205711068709 23.507229406847987
67.72091316008844 26.440208798611412
65.65976920948981 24.145152356806204
63.59862525889117 27.471785658393358
61.53748130829253 36.86797279720342
59.476337357693886 35.18932998729447
57.415193407095245 28.775149661230927
55.354049456496604 29.72436555264191
53.292905505897956 24.70047184435813
51.231761555299315 25.721523080042395
49.170617604700674 24.78555718925359
47.10947365410203 25.697304825016538
45.04832970350339 18.17525296371245
42.98718575290475 14.651646673603311
40.92604180230611 32.37619221321857
38.864897851707475 25.606450553352225
36.803753901108834 30.676471067691185
34.742609950510186 24.706980478498473
32.681465999911545 25.049772819187147
30.620322049312904 30.084260007747798
28.559178098714266 27.143850353889782
26.498034148115625 25.117342084461534
24.436890197516988 37.33917332465658
22.375746246918347 32.29637593944481
20.314602296319705 27.666744381002246
18.253458345721064 30.01940643876767
16.192314395122423 31.91814793992389
14.131170444523784 30.42756334896028
12.070026493925143 29.525534609499143
10.008882543326502 30.993048869150144
7.947738592727861 32.530636562438424
5.88659464212922 34.110955596505526
3.8254506915305786 33.79741468828251
1.764306740931938 33.297186762312684
-0.2968372096667029 35.03647316750765
-2.3579811602653438 36.10829471298316
-4.419125110863985 39.93086952462342
-6.480269061462624 42.7962279327829
-8.541413012061264 43.41118388893107
-10.602556962659907 41.922174382888414
-12.663700913258547 35.25852945890511
-14.724844863857188 37.324035510773584
-16.785988814455827 29.780338938453667
-18.84713276505447 30.90788562025022
-20.90827671565311 41.23998350464682
-22.96942066625175 39.089080523024386
-25.030564616850395 36.94187599148739
-27.091708567449036 37.885552124246196
-29.152852518047677 42.02720956367483
-31.213996468646318 39.50638733312854
-33.275140419244956 43.50931648011024
-35.3362843698436 46.32813428374909
-37.39742832044224 44.887294931980456
-39.45857227104088 37.680951192604056
-41.51971622163953 34.686027891395575
-43.58086017223816 36.51827187112494
-45.6420041228368 36.051612661443194
-47.70314807343544 35.31680297930071
-49.76429202403408 33.445926992859576
-51.82543597463272 38.03393023925674
-53.88657992523136 38.343961587200226
-55.94772387583 36.34770436686404
-58.00886782642864 34.689477079333514
-60.07001177702728 35.862233620341975
-62.131155727625924 37.58647321849636
-64.19229967822456 35.68074818079956
-66.2534436288232 32.12709436669408
-68.31458757942184 38.19556585383982
-70.37573153002047 35.28347817987058
-72.43687548061914 32.98259172611624
-74.49801943121777 34.098665078645396
-76.55916338181642 33.16892979583007
-78.62030733241505 31.23615809973342
-80.6814512830137 31.938661002359883
-82.74259523361233 36.15917595560871
-84.80373918421097 35.41623957719463
-86.86488313480962 32.87894451180611
-88.92602708540825 34.79224142114948
-90.9871710360069 33.98646142983637
-93.04831498660553 34.86887264521981
-95.10945893720417 32.39982118124601
-97.17060288780281 37.68774632973134
-99.23174683840145 46.81738077676662
-101.2928907890001 35.40647256941547
-103.35403473959873 33.18233999759108
-105.41517869019738 33.22272558926157
-107.47632264079601 36.810538281547764
-109.53746659139465 32.78266927756322
-111.59861054199331 31.669349785562904
-113.65975449259194 33.39332852132225
-115.72089844319059 35.77442041088389
-117.78204239378923 36.435470098963954
-119.84318634438787 35.33018532098369
-121.90433029498651 34.95869549532995
-123.96547424558514 33.30337751296531
-126.02661819618379 34.86884064103747
-128.0877621467824 33.494452564182346
-130.1489060973811 39.47067891694751
-132.21005004797973 36.19272589115285
-134.27119399857835 32.512930609629635
-136.332337949177 34.708401066635346
-138.39348189977562 34.27604520283698
-140.45462585037427 32.434735072789685
-142.51576980097292 30.74523969808512
-144.57691375157157 34.46545814872715
-146.6380577021702 34.06447900419598
-148.69920165276883 32.849566730395395
-150.76034560336745 34.20697866039692
-152.82148955396613 29.868753883016605
-154.88263350456475 26.296136230663876
-156.9437774551634 32.21096095672187
-159.00492140576202 32.296735895047725
-161.0660653563607 36.9025771716361
-163.12720930695932 32.38515027857773
-165.18835325755796 33.95838005540011
-167.24949720815658 32.677858011460096
-169.31064115875523 31.22812331902143
-171.3717851093539 28.23472993598414
-173.43292905995253 27.573471470011
-175.49407301055118 35.14235068474786
-177.5552169611498 32.45710119520533
-179.61636091174844 33.749391452739246
-181.6775048623471 34.61119805873823
-183.73864881294574 32.28429718026299
-185.79979276354436 33.442541904929236
-187.860936714143 34.848817327721086
-189.92208066474166 33.740367387394954
-191.9832246153403 34.11428427457888
-194.04436856593892 32.83579046564501
-196.10551251653757 34.054743162036566
-198.1666564671362 29.458533954226635
-200.22780041773487 32.07473947428955
-202.2889443683335 26.042182431838686
-204.35008831893214 29.368658115160997
-206.41123226953076 35.961231670060116
-208.4723762201294 31.808423685718186
-210.53352017072808 31.83612091698536
-212.5946641213267 31.130649615271352
-214.65580807192535 31.073840412674713
-216.71695202252397 31.7616607074159
-218.77809597312265 32.69769134855172
-220.83923992372127 32.31216136166937
-222.9003838743199 34.64042578441464
-224.96152782491853 32.08794641885854
-227.02267177551718 31.415171125892446
-229.08381572611583 35.97800185833723
-231.14495967671448 36.26245539596124
-233.2061036273131 32.1219017517088
-235.26724757791175 29.436831018562284
-237.32839152851037 32.917364591262626
-239.38953547910904 31.216664436263112
-241.45067942970766 32.75691550833184
-243.5118233803063 31.13279964755915
-245.57296733090493 33.883194276180575
-247.63411128150358 21.9011195768731
-249.69525523210226 30.361365119052202
-251.75639918270087 31.664228445077036
-253.81754313329952 33.10368102939446
-255.87868708389814 32.76170534885557
-257.9398310344968 30.23606293004307
-260.00097498509547 31.136434824734838
-262.06211893569406 30.202342172407164
-264.1232628862927 30.53022943604559
-266.18440683689136 27.190751737332956
-268.24555078749 32.45841327011359
-270.30669473808865 34.192545711751585
-272.3678386886873 33.49456800487936
-274.4289826392859 31.566999069443266
-276.4901265898846 30.11535715022626
-278.5512705404832 27.275782329304562
-280.61241449108184 28.376588814452848
-282.67355844168054 23.33367035002883
-284.73470239227913 31.414939026932554
