# BEGINHEADER
# This file contains data from the SALSA 2m radio telescope.
# DATE=2024-04-12T07:22:0044
# GLON and GLAT given in degrees
# GLON=62.78403082795813
# GLAT=4.132452137987868
# DATA in two columns below. Col. 1 is velocity relative to LSR [km/s]. Col. 2 is uncalibrated antenna temperature [K].
# ENDHEADER
303.092775066934 -0.6191744193295963
301.03163111633535 1.1517656088841475
298.97048716573676 0.4072190231500817
296.90934321513805 0.561340694362877
294.8481992645394 -0.32473109360475644
292.7870553139408 1.065523915895606
290.72591136334216 0.601389167739439
288.66476741274346 2.4404877366125426
286.60362346214487 -1.5108221310960421
284.5424795115462 5.39197967091137
282.4813355609476 16.849086458200556
280.4201916103489 -1.5232425194765027
278.3590476597503 2.8824725868059797
276.2979037091517 0.6904044910930571
274.23675975855303 2.308220656408522
272.1756158079544 2.1601764774307877
270.11447185735574 0.2310186309907653
268.0533279067571 1.41500477197371
265.99218395615844 1.6571770255790548
263.9310400055598 0.5398221874087206
261.86989605496115 -0.2769925099171887
259.80875210436255 0.9464627457393732
257.7476081537639 -0.5852127976025664
255.68646420316526 4.555866150993783
253.6253202525666 7.139122973061
251.56417630196796 0.48128656262806235
249.50303235136934 0.8110616896878958
247.4418884007707 -0.06038592697063174
245.38074445017205 0.009893680932050388
243.3196004995734 1.0006757282004577
241.25845654897478 -0.32110365278131914
239.19731259837613 -1.1801961943315171
237.1361686477775 1.753434297522611
235.07502469717883 1.375004664772248
233.0138807465802 0.6070228115699909
230.95273679598156 1.180985040727992
228.89159284538292 -0.3404117594545478
226.8304488947843 2.0618290359939144
224.76930494418562 2.5106389391762107
222.708160993587 -1.190083294664634
220.64701704298835 -1.8883654264094163
218.58587309238973 -0.4907090160559661
216.52472914179108 1.4887459481394019
214.46358519119244 -1.5408312669194724
212.4024412405938 1.022381244172897
210.34129728999517 0.9825950610344925
208.28015333939652 -0.8453463500714438
206.21900938879787 -1.169881484268752
204.15786543819922 -0.8540874860178221
202.0967214876006 0.20930570233276632
200.03557753700196 -0.3840872890713529
197.97443358640334 0.0999375894970469
195.91328963580466 0.8017727527493361
193.85214568520604 -1.8887225163533037
191.7910017346074 0.750862919574542
189.72985778400874 0.4146260927542642
187.66871383341012 -0.49854736654309106
185.60756988281145 0.016861488785700474
183.54642593221283 -0.14830646430996777
181.48528198161418 0.3341390515985451
179.42413803101556 -0.17374722820264896
177.36299408041688 -0.30196906189674194
175.30185012981826 -1.2528109112226962
173.24070617921961 -0.6307703519868147
171.179562228621 -0.24078609678986254
169.11841827802235 -1.5061609019155053
167.0572743274237 0.32098065222127514
164.99613037682505 -0.20518844128583114
162.93498642622643 -0.3907324350839905
160.87384247562778 -1.2417130144774613
158.81269852502916 -1.0728293212510263
156.7515545744305 -0.08820465713238662
154.69041062383187 -2.6914111273581804
152.62926667323322 -1.2630438182107289
150.56812272263457 -1.0969610002583052
148.50697877203592 -1.1294986600257657
146.44583482143727 -1.4658734765146202
144.38469087083865 -1.4685401694284475
142.32354692024 -2.7116095332314196
140.26240296964139 -0.5927292837369162
138.2012590190427 0.47164369655034394
136.1401150684441 -1.2665030248942546
134.07897111784544 -0.9975412923567568
132.01782716724682 -1.525953309468384
129.95668321664817 -2.708902665490863
127.89553926604952 -1.7943968852397014
125.83439531545088 -1.4175616189865798
123.77325136485224 -1.6658698071802778
121.7121074142536 -1.5505654198094967
119.65096346365496 -1.7653421384512482
117.58981951305633 -1.9254193329790072
115.52867556245768 -2.187444660048071
113.46753161185904 0.8023699498832437
111.4063876612604 -2.080728035899168
109.34524371066176 -2.5245969778926627
107.28409976006311 -2.3719464883718753
105.22295580946448 -2.4951857952809458
103.16181185886585 -2.6966514297251023
101.1006679082672 -1.345649104448949
99.03952395766858 -2.4187707757511965
96.97838000706993 -1.375410487207138
94.9172360564713 -2.3524083096147987
92.85609210587263 -3.6078467762418707
90.794948155274 -0.18690630361369717
88.73380420467535 -2.1429885187810127
86.67266025407672 -1.9099504911504719
84.61151630347808 -1.1184983427814528
82.55037235287944 -2.644943025020915
80.4892284022808 -1.9667774351862886
78.42808445168215 -2.0954445156858474
76.36694050108352 -3.154869395479867
74.30579655048487 -2.1308835026689397
72.24465259988624 -1.7038041151534824
70.1835086492876 -0.4768901318700942
68.12236469868895 -1.4476286861512182
66.06122074809032 -2.307115260478607
64.00007679749167 -1.3317061735509987
61.93893284689303 -1.9813412797495416
59.87778889629439 -1.4212783214180258
57.81664494569575 -1.3865588855967281
55.75550099509711 -0.49723214036798985
53.69435704449847 -0.5163020313949606
51.63321309389983 -0.5618108660087955
49.57206914330119 -0.5744219276001107
47.51092519270255 0.6094355828646781
45.4497812421039 2.698908708451385
43.38863729150526 3.6352715049651065
41.32749334090662 5.403887226184789
39.26634939030798 8.613515079073068
37.205205439709346 9.7707408540944
35.144061489110705 14.399428609591245
33.08291753851206 18.32389576286117
31.02177358791342 21.72816658854745
28.960629637314778 26.97488506421073
26.89948568671614 33.37078986190469
24.8383417361175 38.09994058151108
22.777197785518858 41.89129406720073
20.716053834920213 43.53124786342593
18.654909884321576 47.62913065808484
16.593765933722935 50.24347229935944
14.532621983124294 55.45623334289572
12.471478032525653 57.70759659460908
10.410334081927013 68.56918978700915
8.349190131328372 77.17303325633358
6.28804618072973 77.15227659323465
4.226902230131091 67.12320204108023
2.1657582795324495 56.391914896113285
0.10461432893380866 46.86532365703705
-1.9565296216648322 35.15815108374217
-4.017673572263472 25.88299695775807
-6.078817522862114 20.177146392820614
-8.139961473460755 15.804144401143024
-10.201105424059396 12.607610408139507
-12.262249374658035 11.925736018039355
-14.323393325256678 9.780586676131684
-16.384537275855315 9.136743858728954
-18.44568122645396 7.836239327147102
-20.5068251770526 6.959856272813026
-22.56796912765124 5.72565736905964
-24.62911307824988 4.901504765702763
-26.690257028848524 4.569240836274697
-28.751400979447162 5.418728255423852
-30.812544930045803 3.9078641673670735
-32.873688880644444 3.3322876151315555
-34.934832831243085 3.610600359882584
-36.995976781841726 3.249328348867031
-39.05712073244037 2.238788677184668
-41.11826468303901 2.994830576044618
-43.17940863363765 3.2638747901652354
-45.24055258423628 4.451028490290006
-47.301696534834925 4.715518450391453
-49.362840485433566 6.621021608401237
-51.423984436032214 8.96105466841864
-53.485128386630855 9.746734323099322
-55.546272337229496 11.740123471535295
-57.60741628782814 14.161616993555253
-59.66856023842677 18.919150484014637
-61.72970418902541 19.637083082480757
-63.79084813962405 21.516545992548895
-65.8519920902227 22.6899034138458
-67.91313604082134 25.53164614078799
-69.97427999141998 25.868900752332934
-72.03542394201862 23.025631248057266
-74.09656789261726 24.316545216062195
-76.1577118432159 20.525292396230448
-78.21885579381454 19.879933202879922
-80.27999974441317 16.83756575359312
-82.34114369501182 15.206688973292664
-84.40228764561046 14.86780599383908
-86.4634315962091 10.317486022325328
-88.52457554680774 9.945588130492025
-90.58571949740639 9.32891195844316
-92.64686344800502 7.549612182906149
-94.70800739860366 7.347257607176123
-96.7691513492023 6.905587445009707
-98.83029529980094 5.924292501659719
-100.8914392503996 6.785071559782616
-102.95258320099825 7.843727334580999
-105.01372715159688 5.705617010446535
-107.07487110219553 4.665938067746662
-109.13601505279416 0.30103961608549906
-111.19715900339281 -0.48827569787609526
-113.25830295399145 -1.5939496568320342
-115.31944690459008 -4.218613916738162
-117.38059085518873 -0.9373239169192428
-119.44173480578736 -2.5954789897572055
-121.50287875638601 -2.9596136663250454
-123.56402270698464 -3.303175328904843
-125.62516665758329 -3.8651569314031
-127.68631060818193 -2.0940846186318423
-129.74745455878056 -2.6142791888151495
-131.8085985093792 -4.218664150946992
-133.86974245997786 -2.2496818775262177
-135.9308864105765 -2.0151856957424807
-137.99203036117513 -2.9480978738531873
-140.05317431177377 -3.7414447990229664
-142.1143182623724 -3.9217522717145332
-144.17546221297107 -0.20535835612388392
-146.2366061635697 -2.689284601102946
-148.29775011416834 -2.7357683727419713
-150.35889406476696 -1.3326415894906984
-152.42003801536563 -2.1240952646473277
-154.48118196596425 -0.7750195875341597
-156.5423259165629 -1.8463817987752693
-158.60346986716155 -2.431376950640674
-160.66461381776017 -0.8727050491260331
-162.72575776835885 -2.4464641517823966
-164.78690171895747 -3.4798926339254734
-166.84804566955611 -1.8470700875961592
-168.90918962015473 -2.629419871761861
-170.97033357075338 -2.2059701677953867
-173.03147752135203 -2.7498053661205124
-175.09262147195068 -2.4128655493543265
-177.1537654225493 -2.4805863636486154
-179.21490937314795 -0.7288031045533329
-181.2760533237466 -2.3832451711285145
-183.33719727434524 -2.0757013615630284
-185.39834122494386 -2.406508996529354
-187.4594851755425 0.9169051153383395
-189.52062912614113 0.44628963435451263
-191.5817730767398 -2.206478948723694
-193.64291702733843 -1.563203724098639
-195.70406097793708 -1.055589602572945
-197.76520492853572 0.5307928840464095
-199.82634887913434 -0.923993673920694
-201.88749282973302 -0.7429100445591572
-203.94863678033164 -0.5516100121387634
-206.0097807309303 -2.9030705777630263
-208.0709246815289 -0.7898928254462816
-210.13206863212758 -0.8216670907207092
-212.1932125827262 -1.5171011351073793
-214.25435653332485 -1.19958306783132
-216.31550048392347 7.711560427484381
-218.37664443452212 0.11724883335201326
-220.43778838512077 -0.9862200592842258
-222.49893233571942 -0.31195738530763684
