# BEGINHEADER
# This file contains data from the SALSA 2m radio telescope.
# DATE=2024-04-12T06:09:0041
# GLON and GLAT given in degrees
# GLON=52.817518406241724
# GLAT=0.18535516511091452
# DATA in two columns below. Col. 1 is velocity relative to LSR [km/s]. Col. 2 is uncalibrated antenna temperature [K].
# ENDHEADER
306.5790223363287 -1.0345425125050898
304.51787838573006 0.06807195912742733
302.4567344351314 -0.3426547069145049
300.39559048453276 -1.9009865973554119
298.3344465339341 -1.9917588860471027
296.2733025833355 0.6917068445789645
294.2121586327368 -0.11513491691514188
292.1510146821382 0.06458600747503833
290.0898707315396 -2.2781354945892893
288.02872678094093 2.042783195455047
285.9675828303423 5.588822937998754
283.90643887974363 -1.7060928964424567
281.84529492914504 0.6386851448027727
279.78415097854634 -0.6178579827777053
277.7230070279477 -0.4994114418873725
275.6618630773491 -0.7708941204284142
273.60071912675045 -0.2131537168527695
271.5395751761518 -0.9367837317252681
269.47843122555315 0.1906582098593905
267.4172872749545 -0.12361481758826967
265.3561433243559 -0.10672637146492799
263.2949993737572 0.38568206636372915
261.2338554231586 -0.8116196264219596
259.17271147255997 1.2987832976541749
257.1115675219613 2.6586158283955434
255.05042357136267 -2.253763963044415
252.98927962076402 -0.7568048751200585
250.9281356701654 -0.13646167626593475
248.86699171956676 -1.3101491404897954
246.80584776896814 -1.856138148927735
244.74470381836946 0.37649192600837755
242.6835598677708 0.3603187478139131
240.6224159171722 0.7856228664847226
238.56127196657354 -0.37459560293174515
236.50012801597492 -0.9593653542035897
234.43898406537625 0.2490854794763757
232.37784011477763 -1.1354055045822844
230.31669616417898 0.2218351526012183
228.25555221358036 0.022973668697565362
226.19440826298168 -0.5130750730459569
224.13326431238306 -0.5599311049727821
222.0721203617844 -0.3356603534152204
220.0109764111858 -0.3333633925269348
217.94983246058715 0.807287183822488
215.8886885099885 -1.4169993806268681
213.82754455938985 -2.3877500601235218
211.76640060879123 0.5376290631039211
209.70525665819258 -1.6203581145752297
207.64411270759396 -0.5798246962557027
205.58296875699529 -1.3705720653131772
203.52182480639664 -0.12421906356291018
201.46068085579802 -0.6674579367120873
199.39953690519937 -2.5525726066630257
197.33839295460072 -1.9171778020989518
195.27724900400207 -0.7030660579383313
193.21610505340345 -0.19845248130720936
191.1549611028048 -0.6988990664432736
189.09381715220619 -3.4182816614182117
187.0326732016075 -1.4882818713212078
184.9715292510089 -2.5356947411196327
182.91038530041024 -2.1049102041393506
180.84924134981162 -0.9973165520571571
178.78809739921297 -0.7336282914077683
176.72695344861432 -0.9326746082116906
174.66580949801568 -1.8957934161341132
172.60466554741706 -1.3305366245399453
170.5435215968184 -1.5341000097224071
168.48237764621973 -3.1981934384348296
166.4212336956211 -3.6470446266878365
164.36008974502246 -2.1322803130748698
162.29894579442384 -4.0149373857366735
160.2378018438252 -1.913274965010595
158.17665789322655 -1.5433412999535079
156.1155139426279 -3.2063113889233823
154.05436999202928 -0.7937186456917853
151.99322604143063 -1.924688278030854
149.932082090832 -1.9484354645161668
147.87093814023333 -3.1852887700746906
145.80979418963472 -2.528666495936338
143.74865023903607 -2.18213325677118
141.68750628843745 -0.49097736438528866
139.6263623378388 -3.1706654746366456
137.56521838724015 -2.475014525389571
135.5040744366415 -3.7034142444973366
133.44293048604288 -2.2222260441598793
131.38178653544423 -0.46280612861233816
129.3206425848456 -2.7416810383071075
127.25949863424694 -1.9130911831373338
125.1983546836483 -2.5814581703246096
123.13721073304967 -4.141541561109735
121.07606678245102 -3.3227199104242975
119.01492283185239 -2.7013746267850887
116.95377888125374 -3.4412246303221337
114.8926349306551 -2.962075110725438
112.83149098005646 -3.376176470354961
110.77034702945782 -3.672642909378322
108.70920307885918 -2.7663613550194572
106.64805912826053 -1.3979347243166425
104.5869151776619 -1.433835587588436
102.52577122706325 -3.008908765498261
100.46462727646461 -1.2930625119936996
98.40348332586596 -2.6415190673168754
96.34233937526733 -3.4785581063171778
94.2811954246687 -1.3929256968440245
92.22005147407005 -1.9840467837566478
90.15890752347141 -4.856186817071824
88.09776357287276 -1.725759405757549
86.03661962227413 -2.0555535986518017
83.9754756716755 -2.391026427447877
81.91433172107685 -1.3296436636010607
79.85318777047821 -2.0155300143862376
77.79204381987957 -2.039792579864797
75.73089986928093 -1.110595250199959
73.66975591868228 -0.17368976983342424
71.60861196808365 1.7865119449872975
69.547468017485 3.8710103689106643
67.48632406688635 9.062855992994702
65.42518011628772 14.765824027736713
63.364036165689086 18.453313728062202
61.30289221509044 22.472333138114607
59.2417482644918 28.58004106557351
57.180604313893156 33.56687742988923
55.119460363294515 39.18652090698532
53.05831641269587 44.34852967491259
50.99717246209723 48.45394784268578
48.93602851149859 53.763060958086356
46.87488456089995 56.190008856777844
44.81374061030131 58.93103496349641
42.75259665970266 55.915569829725364
40.69145270910402 60.64281056884427
38.630308758505386 61.358671932778506
36.569164807906745 57.25038779883235
34.508020857308104 58.50485014515412
32.44687690670946 58.013746535876344
30.38573295611082 60.9537225805088
28.324589005512184 58.86933369424665
26.26344505491354 59.400357518700346
24.202301104314902 62.80711014103854
22.14115715371626 65.42651410732127
20.080013203117623 64.73938871459109
18.01886925251898 64.56877256919923
15.957725301920338 60.24189458564169
13.896581351321698 67.23057981951558
11.835437400723057 81.66022601900869
9.774293450124414 91.08684057793246
7.713149499525775 87.69502309107096
5.652005548927134 74.87329960070282
3.5908615983284933 64.49389614036055
1.5297176477298522 56.246582957731995
-0.5314263028687886 46.24280312211072
-2.592570253467429 35.78493434451204
-4.653714204066071 29.70691487715845
-6.714858154664711 24.127352051830126
-8.776002105263352 19.36303546289798
-10.837146055861993 14.633909384276672
-12.89829000646063 11.85299846972729
-14.959433957059273 6.808659896021346
-17.020577907657913 8.924833193165409
-19.081721858256554 8.595059606436417
-21.142865808855195 6.339633357676364
-23.204009759453836 6.192082020163991
-25.26515371005248 7.082284019575762
-27.326297660651118 7.5005023859269215
-29.38744161124976 9.372677440029854
-31.448585561848404 10.948773075266292
-33.50972951244704 11.009695140176444
-35.570873463045686 13.401884699677808
-37.63201741364433 16.225698487316627
-39.69316136424297 16.24959788142153
-41.75430531484161 20.102176147791486
-43.81544926544024 22.708387629371437
-45.876593216038884 23.558034235063587
-47.937737166637525 24.998799803720086
-49.99888111723616 26.035389320168502
-52.0600250678348 29.576682790110944
-54.12116901843344 28.644662807440398
-56.18231296903209 28.52155675488136
-58.24345691963073 27.813454834243352
-60.30460087022937 27.047419791526927
-62.365744820828006 25.512942104990167
-64.42688877142665 20.99955418098019
-66.4880327220253 15.924429821727202
-68.54917667262393 13.8261249981996
-70.61032062322256 13.675251714207922
-72.67146457382121 9.704963829416705
-74.73260852441985 7.2422047339678945
-76.7937524750185 7.261075865165983
-78.85489642561713 4.352165956408888
-80.91604037621578 5.140837855299151
-82.97718432681441 3.459478286464611
-85.03832827741306 2.9439286812485337
-87.0994722280117 0.6187071393532273
-89.16061617861034 1.5843969985233708
-91.22176012920899 0.9570595134153037
-93.28290407980762 -1.543585716065447
-95.34404803040626 -2.8988416264056593
-97.4051919810049 -3.0698854182749855
-99.46633593160354 -3.127903063640506
-101.52747988220219 -3.881556287279426
-103.58862383280082 -2.4368787035884036
-105.64976778339947 -2.5882563551153575
-107.7109117339981 -3.639394570022309
-109.77205568459674 -4.733238105027694
-111.83319963519538 -3.2055427681762625
-113.89434358579402 -4.002058018550392
-115.95548753639267 -4.701394215888234
-118.0166314869913 -3.7703826018409905
-120.07777543758995 -3.6352468765834516
-122.13891938818858 -3.6313064582474013
-124.20006333878723 -3.8248234195105906
-126.26120728938588 -2.899223853398464
-128.3223512399845 -4.7390312994493735
-130.38349519058315 -4.6420437847749705
-132.4446391411818 -2.49071643179537
-134.50578309178044 -3.5964474905121477
-136.56692704237906 -4.039266573196577
-138.6280709929777 -4.047142096513661
-140.68921494357633 -2.472354999213774
-142.750358894175 -3.946041690835728
-144.81150284477366 -2.6549822414636814
-146.87264679537228 -2.698136633857121
-148.93379074597092 -2.8181238570740086
-150.99493469656954 -1.8825838803022996
-153.05607864716822 -2.131205929585217
-155.11722259776684 -2.585934924197435
-157.1783665483655 -2.463338101717985
-159.2395104989641 -2.114993888603462
-161.30065444956278 -2.5684077212817478
-163.3617984001614 -2.9031291598862543
-165.42294235076005 -2.34576434389923
-167.48408630135867 -2.7754830594051203
-169.54523025195732 -1.8474006427446759
-171.60637420255597 -2.2911134666312756
-173.66751815315462 -3.3522425555228694
-175.72866210375324 -3.264121007725517
-177.78980605435189 -3.06735058442782
-179.8509500049505 -3.4556444582178205
-181.91209395554918 -2.0889820409245865
-183.97323790614783 -1.8392055141099897
-186.03438185674645 -3.1682547730923183
-188.0955258073451 -3.7757070318761357
-190.15666975794375 -1.7883899583339762
-192.2178137085424 -3.145397647672526
-194.278957659141 -4.306302254357799
-196.34010160973966 -2.720165425548618
-198.40124556033828 -2.2846924548332384
-200.46238951093696 -1.2643308178162687
-202.52353346153558 -1.6224982550055296
-204.58467741213423 -2.772414907893377
-206.64582136273285 -1.7668570484227073
-208.7069653133315 -2.472390197705939
-210.76810926393014 -2.9258981760155955
-212.8292532145288 2.7842634821409824
-214.8903971651274 -1.041131492746597
-216.95154111572606 -1.3574779257504486
-219.01268506632474 -0.520020038512878
