# BEGINHEADER
# This file contains data from the SALSA 2m radio telescope.
# DATE=2024-03-21T15:48:0010
# GLON and GLAT given in degrees
# GLON=84.8282282524508
# GLAT=0.07336882582668378
# DATA in two columns below. Col. 1 is velocity relative to LSR [km/s]. Col. 2 is uncalibrated antenna temperature [K].
# ENDHEADER
287.395380067452 16.108647206128076
285.3342361168534 26.908684565547176
283.2730921662547 21.372589030100116
281.21194821565604 20.56001533990637
279.15080426505745 19.15099507433792
277.0896603144588 9.616883230920209
275.02851636386015 13.268113957075125
272.9673724132615 18.57233215996253
270.90622846266285 20.520516681880725
268.84508451206426 11.772691736500459
266.78394056146556 -5.094315648789382
264.7227966108669 21.13651239268808
262.6616526602683 13.766931392934172
260.60050870966967 15.76978913668398
258.539364759071 16.48731520403528
256.4782208084724 23.26283299988888
254.41707685787375 17.707038292082263
252.3559329072751 14.756529839757603
250.29478895667643 11.115203600362452
248.2336450060778 15.226378642848081
246.17250105547916 14.097840372540468
244.11135710488054 14.406818529640375
242.0502131542819 20.955546875477115
239.98906920368324 21.690426441898133
237.9279252530846 18.25443557791701
235.86678130248598 15.944782154848815
233.80563735188733 16.85295478951801
231.7444934012887 13.139826817515784
229.68334945069003 16.07868110280612
227.6222055000914 18.020631024968164
225.56106154949276 19.81851021203903
223.49991759889414 15.66150341274484
221.43877364829547 5.559564594518144
219.37762969769685 3.1384062905242383
217.3164857470982 5.475596848592174
215.25534179649958 9.342645970334555
213.19419784590093 15.65584015971255
211.13305389530225 22.523812704997937
209.07190994470363 18.140609700743163
207.010765994105 13.094215607875974
204.94962204350637 14.966384584835875
202.88847809290772 15.956814149139012
200.82733414230907 18.29309859109102
198.76619019171042 20.20040969184639
196.70504624111177 21.200889894476436
194.64390229051313 20.522018546687992
192.5827583399145 20.50635563121385
190.52161438931586 20.03011457346285
188.4604704387172 18.709931228479196
186.39932648811856 19.671314019279276
184.33818253751994 17.81759319820076
182.2770385869213 14.320548587453539
180.21589463632264 19.615221075358395
178.154750685724 17.304027866325928
176.09360673512535 18.270628387855854
174.03246278452673 19.888214856521234
171.97131883392808 18.77498167308406
169.91017488332943 22.374097057441638
167.84903093273078 22.552709667343915
165.78788698213216 21.131239866412425
163.72674303153352 22.401696838622303
161.6655990809349 20.74004431402102
159.60445513033622 17.764305825488893
157.5433111797376 21.306752364405494
155.48216722913895 23.431731275203166
153.42102327854033 19.706380798835685
151.35987932794166 18.087892782309424
149.29873537734304 21.50772711666225
147.2375914267444 20.217271697300706
145.17644747614577 21.324662635231626
143.11530352554712 24.002504622899792
141.05415957494847 24.810366228594695
138.99301562434982 21.108621543872097
136.93187167375117 23.12019531278379
134.87072772315256 24.301716334450088
132.8095837725539 23.498213040336452
130.74843982195526 21.401710984930517
128.6872958713566 24.653465753091258
126.62615192075799 26.271735741440658
124.56500797015934 24.812566168403283
122.50386401956071 22.31975573479839
120.44272006896207 24.07411229048275
118.38157611836341 21.990023105256483
116.32043216776478 22.911794065581514
114.25928821716613 26.5498510868199
112.1981442665675 23.18939682723722
110.13700031596885 31.528113275802344
108.07585636537021 50.38078446882325
106.01471241477158 43.72276575319735
103.95356846417293 34.01964202128751
101.8924245135743 25.52836373593093
99.83128056297565 25.19219425668073
97.77013661237703 25.550206754612315
95.70899266177838 24.385706428996492
93.64784871117975 25.13776583980038
91.5867047605811 13.89975388437629
89.52556080998247 9.51928243484596
87.46441685938383 31.45696761804772
85.40327290878518 25.764983771945836
83.34212895818655 32.523086270412556
81.2809850075879 22.52222235055605
79.21984105698927 18.285723922237487
77.1586971063906 29.120763577238048
75.09755315579197 22.687069784892444
73.03640920519334 25.93447093745933
70.97526525459469 34.86269285739411
68.91412130399605 29.38499241280919
66.8529773533974 29.530148800334086
64.79183340279877 29.214411684721902
62.73068945220013 26.52318040515391
60.66954550160149 27.362874615552506
58.60840155100285 28.332835736187793
56.54725760040421 31.491511553672126
54.48611364980557 30.74559493003245
52.42496969920693 28.970755208495856
50.36382574860829 26.868216455148936
48.30268179800964 27.154774607533493
46.241537847410996 28.097572309739164
44.180393896812355 25.534908388953856
42.11924994621372 31.274202065659733
40.05810599561508 36.37138876512998
37.99696204501644 35.06763441925823
35.9358180944178 35.145239313937914
33.874674143819156 28.186512835805893
31.813530193220515 31.67755460897578
29.752386242621874 24.053972022838785
27.691242292023233 24.953415042929326
25.630098341424592 36.76305907132363
23.56895439082595 33.66179488790791
21.50781044022731 39.994756727205264
19.446666489628672 41.52442057874369
17.38552253903003 54.1952908836476
15.324378588431388 58.986045767163816
13.263234637832747 83.14978258381888
11.202090687234108 102.99871260687134
9.140946736635467 110.32575035467734
7.079802786036827 112.83505774506204
5.018658835438186 113.46257716694727
2.957514884839545 118.17760142337681
0.8963709342409041 116.15376402534363
-1.1647730163577368 118.54778811223945
-3.2259169669563774 115.60925430346252
-5.287060917555018 117.26162631173271
-7.348204868153659 118.8981923255349
-9.4093488187523 108.99273515231938
-11.47049276935094 102.88673336669405
-13.531636719949582 90.65568907381619
-15.592780670548224 86.43577140754047
-17.653924621146864 67.06475387414953
-19.715068571745505 62.54067159842246
-21.776212522344146 62.463020964607814
-23.837356472942787 54.527363709911654
-25.898500423541428 53.2643025191233
-27.95964437414007 55.36569420300902
-30.020788324738707 51.95965627619555
-32.08193227533735 51.29381167626735
-34.14307622593599 53.47755960956373
-36.20422017653463 66.63990671475588
-38.265364127133275 71.65383617707081
-40.32650807773191 70.90420986966582
-42.38765202833055 76.33398037799613
-44.44879597892919 73.66390808258784
-46.50993992952784 71.05659990409302
-48.57108388012648 67.07281360099103
-50.632227830725114 65.55682197874282
-52.693371781323755 74.05770214442069
-54.754515731922396 55.343891229801244
-56.81565968252103 50.2308775738511
-58.87680363311967 48.8825035927659
-60.93794758371831 48.22422319039838
-62.99909153431695 50.23106577587216
-65.0602354849156 52.88141714368159
-67.12137943551423 60.08348479374059
-69.18252338611288 65.08946295788446
-71.24366733671151 71.36873633148141
-73.30481128731016 70.64240837957384
-75.36595523790879 73.8006092429511
-77.42709918850744 70.78803932170453
-79.48824313910609 67.4765147552471
-81.54938708970472 66.59546468374381
-83.61053104030337 73.59461223757134
-85.671674990902 63.69623653242115
-87.73281894150065 56.1008613680717
-89.79396289209929 53.65575637735826
-91.85510684269792 51.3675884603674
-93.91625079329657 42.646512294823985
-95.9773947438952 42.65967639665942
-98.03853869449385 44.294840295011014
-100.0996826450925 39.472453243990756
-102.16082659569113 36.33963274641545
-104.22197054628978 36.19568464440249
-106.28311449688842 30.860038127326877
-108.34425844748706 26.3842118635428
-110.4054023980857 34.40391861928775
-112.46654634868433 30.626160736228286
-114.527690299283 34.58024494309744
-116.58883424988163 32.054103468853235
-118.64997820048028 30.64608834649242
-120.71112215107891 29.388071228326844
-122.77226610167756 28.878314275442424
-124.8334100522762 25.10329276327555
-126.89455400287483 26.50753793528474
-128.95569795347348 33.28621560897724
-131.0168419040721 30.666729347871833
-133.07798585467077 26.72017861845589
-135.1391298052694 29.79229317566299
-137.20027375586804 29.928921699674955
-139.2614177064667 28.530851978582685
-141.32256165706534 28.498892942811853
-143.38370560766396 33.15911008168599
-145.4448495582626 30.523915404264244
-147.50599350886122 27.4393815440061
-149.5671374594599 28.34136715426649
-151.62828141005852 24.36563294931159
-153.68942536065717 27.78806646295722
-155.7505693112558 21.742843958767384
-157.81171326185444 24.92774196678648
-159.87285721245308 32.1034253145863
-161.93400116305173 27.446071413483818
-163.99514511365035 27.90099364825098
-166.056289064249 25.991537026109064
-168.11743301484762 27.327258054490343
-170.1785769654463 29.048954754914114
-172.23972091604494 27.06982853005106
-174.30086486664356 28.338872294403846
-176.3620088172422 28.88636085659411
-178.42315276784086 27.067730460216104
-180.4842967184395 32.55064697151501
-182.54544066903813 33.53692476069628
-184.60658461963678 31.84551869110088
-186.6677285702354 26.581439718669017
-188.72887252083407 24.93376486945704
-190.7900164714327 27.958607870444858
-192.85116042203134 27.53906859136396
-194.91230437262996 27.365417981232607
-196.9734483232286 28.196857832315494
-199.03459227382723 29.674247501217277
-201.09573622442588 16.86869560340053
-203.1568801750245 28.53472614770651
-205.21802412562317 29.032455680734582
-207.2791680762218 28.787505052401844
-209.34031202682044 27.879136603133222
-211.40145597741906 28.39258309594665
-213.4625999280177 26.201921439669007
-215.5237438786164 28.75511743305418
-217.584887829215 26.837339255488995
-219.64603177981365 23.03910590293793
-221.70717573041227 31.153162348350254
-223.76831968101092 32.42752462110324
-225.82946363160957 30.060854940897986
-227.89060758220822 31.447907659769673
-229.95175153280684 28.79387339279579
-232.0128954834055 26.393777494834055
-234.07403943400413 23.943186690928698
-236.13518338460278 22.47443924392879
-238.1963273352014 27.81322928062054
