# BEGINHEADER
# This file contains data from the SALSA 2m radio telescope.
# DATE=2024-04-09T14:15:0018
# GLON and GLAT given in degrees
# GLON=79.9216987763818
# GLAT=0.03885806216628742
# DATA in two columns below. Col. 1 is velocity relative to LSR [km/s]. Col. 2 is uncalibrated antenna temperature [K].
# ENDHEADER
294.635914791234 -2.1675164740251596
292.5747708406353 -3.057319557005849
290.5136268900367 -1.6668490813952326
288.452482939438 -2.1869205571416135
286.3913389888394 -2.7355264298099677
284.33019503824073 -2.8217650418677276
282.2690510876421 -2.360173253180505
280.2079071370435 -1.9711504450457678
278.14676318644484 -3.125003540745021
276.08561923584614 -1.7875132411770247
274.02447528524755 0.7015477146987952
271.9633313346489 -2.7293984412765147
269.9021873840503 -3.4673295623124654
267.8410434334516 -2.7318952840920585
265.77989948285295 -1.050032668692609
263.71875553225436 -2.0505298444890965
261.6576115816557 -0.792698874477474
259.59646763105707 -2.224554989995875
257.5353236804584 -1.3526573269642068
255.4741797298598 -1.2843897405796436
253.41303577926115 -1.921198345747944
251.3518918286625 -3.174209656638728
249.29074787806385 -1.8583732993584523
247.2296039274652 -1.1618074385389092
245.1684599768666 -1.9509247262745133
243.1073160262679 -2.827572331308722
241.0461720756693 -2.0454012296593485
238.98502812507064 -2.4620995849651712
236.92388417447202 -1.8180728439515508
234.86274022387337 -3.0924913331151904
232.80159627327473 -0.49415230674123645
230.74045232267608 -0.30469822330907914
228.67930837207746 -2.2069375465310466
226.6181644214788 -2.489491304304996
224.5570204708802 -1.5651369686770014
222.4958765202815 -1.408323018214389
220.4347325696829 -2.3241505937495943
218.37358861908425 -1.6616197317986792
216.31244466848563 -0.41743412546374237
214.25130071788695 -1.1238091630108689
212.1901567672883 0.22462427331984255
210.12901281668968 -2.166794238979844
208.06786886609103 0.17843485679783416
206.0067249154924 -2.093117511746943
203.94558096489374 -1.4932650262992118
201.88443701429512 -0.6147303201710603
199.82329306369647 -2.584502035978305
197.76214911309785 -2.559914485736716
195.7010051624992 -3.450858727120923
193.63986121190055 -2.946388729698943
191.5787172613019 -2.5213460571606654
189.51757331070328 -1.350384823649092
187.45642936010464 -2.354068265295949
185.39528540950602 -1.909448863357597
183.33414145890734 -2.1414301387914896
181.27299750830872 -1.2829849253471475
179.21185355771007 -2.345348184921248
177.15070960711145 -2.2562950291361625
175.08956565651278 -2.063338093195985
173.02842170591413 -2.137066809487026
170.9672777553155 -2.170628711410881
168.90613380471686 -1.2477867527899287
166.84498985411824 -0.36768843077149577
164.78384590351956 -0.36053646832268377
162.72270195292094 -0.8390910627298989
160.6615580023223 -1.942837719610446
158.60041405172367 -1.9602370957054207
156.53927010112503 -0.2373538710897606
154.47812615052638 -1.0887629757673198
152.41698219992773 -2.2184087646783737
150.3558382493291 -2.4307149431721102
148.29469429873046 -0.733245288098365
146.2335503481318 -2.268605577374344
144.17240639753317 -0.31539980341209706
142.11126244693455 -0.9672163147710684
140.0501184963359 -1.9456711637702353
137.98897454573728 -0.750760755042038
135.9278305951386 -3.0077830818952282
133.86668664453995 -1.8507898351723053
131.80554269394133 -1.4175779294999797
129.74439874334269 -2.1526620061177946
127.68325479274405 -1.73886576175676
125.62211084214542 -1.8082579911816277
123.56096689154677 -3.3095907832562177
121.49982294094814 -0.3631175699980167
119.43867899034949 -1.2434966167046704
117.37753503975085 -1.2966610870952961
115.31639108915222 -0.9442850266130911
113.25524713855356 -1.8407030433855185
111.19410318795492 -0.04685844549543136
109.13295923735627 -2.7026871648897335
107.07181528675764 -2.7230228201415256
105.01067133615899 -1.2228051713066248
102.94952738556036 -0.9905654919706381
100.88838343496172 -1.7691961784528052
98.82723948436308 -1.6492486193473221
96.76609553376444 -1.7096441036767367
94.7049515831658 -1.3408607729337947
92.64380763256716 0.21067431856397548
90.58266368196851 -2.06334574021174
88.52151973136988 -1.6548735962797168
86.46037578077124 -0.4855368146520497
84.3992318301726 -2.2307641852416085
82.33808787957396 -1.1903480160787328
80.27694392897531 -1.559319847270779
78.21579997837668 -1.7025643065981024
76.15465602777802 -2.531787643818148
74.09351207717938 -2.7165577934082683
72.03236812658075 -3.413654941839401
69.9712241759821 -1.776288455347407
67.91008022538347 -0.9154469836038975
65.84893627478482 -1.8383485943940614
63.787792324186185 -0.8034847995368894
61.726648373587544 -0.7290346376674229
59.6655044229889 -0.7714963951457666
57.60436047239026 -0.3116581188432926
55.54321652179162 -2.0339129395423625
53.48207257119299 -1.3700794049127136
51.420928620594346 -3.0858131719133617
49.35978466999571 -0.9074290359719249
47.29864071939707 -0.48648861711011854
45.23749676879842 -0.9188318807477696
43.17635281819978 -0.4529381657715054
41.11520886760114 -0.6295318006962841
39.0540649170025 0.823343583203157
36.992920966403865 -1.1682281685744782
34.931777015805224 -0.5692635378347684
32.87063306520658 0.5735666790713095
30.80948911460794 1.712621416988482
28.748345164009297 4.679901692774361
26.68720121341066 7.701450109555693
24.626057262812015 11.135215361277398
22.56491331221337 17.237841014227406
20.503769361614733 26.87837849158119
18.442625411016092 42.79592530631896
16.38148146041745 59.73410295901521
14.32033750981881 82.96743623511877
12.25919355922017 98.42909031658183
10.19804960862153 107.71832501202624
8.136905658022888 111.44786093960532
6.075761707424249 108.72031917502758
4.014617756825608 109.17961086846317
1.9534738062269668 109.7129306656292
-0.10767014437167392 108.81582674366881
-2.168814094970315 106.41160661052602
-4.229958045568956 100.36836715822295
-6.291101996167596 89.95485211167943
-8.352245946766237 79.76812483685768
-10.413389897364878 72.31328195719892
-12.474533847963519 58.60162506233664
-14.535677798562162 44.609039240496394
-16.596821749160803 35.370905462018044
-18.657965699759444 31.178960168144258
-20.71910965035808 27.884750702184505
-22.780253600956723 26.753891429679715
-24.84139755155536 25.457917083063133
-26.902541502154005 26.29243094149425
-28.963685452752642 28.909278375008046
-31.024829403351283 33.88932764625399
-33.085973353949925 38.2499627537287
-35.147117304548566 41.638744713544696
-37.20826125514721 43.35272532916767
-39.26940520574585 43.87093574569358
-41.33054915634449 42.484691370974566
-43.39169310694313 41.23045749687291
-45.45283705754177 37.90062295297062
-47.513981008140405 32.06950421682288
-49.57512495873905 26.709099173759654
-51.6362689093377 20.950714287113442
-53.69741285993634 18.354227194118042
-55.758556810534984 17.84499352009326
-57.81970076113362 18.370020934360202
-59.88084471173226 20.504948776163555
-61.9419886623309 25.606706127948655
-64.00313261292955 33.401272181253894
-66.06427656352818 33.99459984337819
-68.12542051412682 39.74618577950183
-70.18656446472546 40.030237225330325
-72.2477084153241 37.92499420321664
-74.30885236592275 36.34571243568585
-76.36999631652138 32.725390768297004
-78.43114026712001 29.695901523052154
-80.49228421771868 30.751003138402336
-82.55342816831731 26.933904599597394
-84.61457211891596 25.215357081620795
-86.67571606951459 22.473462451353814
-88.73686002011324 17.591421992163774
-90.79800397071187 15.550982972996716
-92.85914792131051 12.569251576638319
-94.92029187190916 9.794888493522135
-96.98143582250779 8.315034975927116
-99.04257977310644 4.368309063570961
-101.10372372370507 3.8374604578666753
-103.16486767430372 2.56276352449945
-105.22601162490236 1.5867696635398798
-107.28715557550099 3.377858989800511
-109.34829952609964 1.503399021818815
-111.40944347669827 0.8533007967080405
-113.47058742729692 1.4874076760824257
-115.53173137789555 -0.17018704249023683
-117.59287532849422 0.3389533218978099
-119.65401927909285 -0.8227676623630541
-121.71516322969148 -1.2021805786829134
-123.77630718029013 0.21147271584017854
-125.83745113088877 -1.3880038167821562
-127.89859508148741 -1.7530425523212532
-129.95973903208605 -0.5820367228841248
-132.02088298268467 -3.375329877522234
-134.08202693328332 -1.3362157661919178
-136.14317088388196 -1.0071011125727418
-138.2043148344806 -1.9755833527441766
-140.26545878507926 -0.5533092888107705
-142.32660273567788 -3.074594807685337
-144.38774668627656 -2.3189641251083835
-146.44889063687518 -1.7922321014685956
-148.51003458747383 -1.486510359600648
-150.57117853807245 -1.324125064982556
-152.6323224886711 -0.6895436582528184
-154.69346643926974 -1.474316512151677
-156.7546103898684 -0.28054660523465086
-158.815754340467 -0.7454598093215384
-160.87689829106566 -2.065487058846731
-162.93804224166428 -2.8484873695966515
-164.99918619226295 -2.6878937097426694
-167.06033014286157 -1.4853685829131178
-169.12147409346022 -2.6835475188816265
-171.18261804405884 -0.3440936018589514
-173.24376199465752 -1.4840805242042467
-175.30490594525617 -2.3298780370946774
-177.3660498958548 0.06124105228714898
-179.42719384645343 -1.1189285193193321
-181.48833779705205 -0.02685820806357131
-183.54948174765073 -2.446457493838951
-185.61062569824935 0.3719889240865082
-187.671769648848 -0.6923708491749923
-189.73291359944662 -1.2761755839902613
-191.79405755004527 0.0002188830356413232
-193.85520150064391 -1.987724676407631
-195.91634545124256 0.8172142582685178
-197.97748940184118 -1.0479949269433475
-200.03863335243983 -0.1190824518420656
-202.09977730303845 0.3745397560647794
-204.16092125363713 0.7534189909692367
-206.22206520423575 -2.3723387526313946
-208.2832091548344 -0.05469903317309501
-210.34435310543302 -1.6291860270529752
-212.4054970560317 -2.1755860992880596
-214.46664100663034 -1.491674837085703
-216.52778495722896 -0.5242460266776976
-218.5889289078276 -1.6387356811748652
-220.65007285842623 0.07268419653865678
-222.7112168090249 -0.710525552851073
-224.77236075962352 0.25861669252417385
-226.83350471022217 -2.181190985852573
-228.8946486608208 -1.6173456982734793
-230.95579261141944 -1.2445617657116348
