# BEGINHEADER
# This file contains data from the SALSA 2m radio telescope.
# DATE=2024-03-27T10:01:0004
# GLON and GLAT given in degrees
# GLON=129.83941667481122
# GLAT=-0.14626340226254203
# DATA in two columns below. Col. 1 is velocity relative to LSR [km/s]. Col. 2 is uncalibrated antenna temperature [K].
# ENDHEADER
255.1559262218383 17.689468252510203
253.09478227123964 29.752591376632576
251.03363832064102 25.54343903986908
248.97249437004237 26.243006787320795
246.91135041944375 22.093572788580197
244.85020646884507 17.195981566150987
242.78906251824645 19.065325307883548
240.7279185676478 22.663017299314145
238.66677461704919 23.360977063693905
236.60563066645054 12.923961739676132
234.5444867158519 1.0400135975028024
232.48334276525324 25.85036859997546
230.42219881465462 19.764798795981278
228.36105486405597 22.342955197838638
226.29991091345735 20.878291905756452
224.23876696285868 25.38323758936563
222.17762301226006 22.21053497848677
220.1164790616614 21.483231507131638
218.0553351110628 17.335692981218504
215.99419116046414 20.010637024312672
213.93304720986546 18.60894602673828
211.87190325926684 17.987519703525084
209.8107593086682 23.903347684763794
207.74961535806958 25.209426506010022
205.6884714074709 21.671068108518842
203.62732745687228 19.122149478381143
201.56618350627363 18.39209393874299
199.505039555675 19.74685348046643
197.44389560507636 20.55959301493738
195.38275165447772 21.4519360987764
193.32160770387907 23.867776009306432
191.26046375328045 21.02845839261647
189.1993198026818 19.23576549041365
187.13817585208318 22.65705331635031
185.0770319014845 20.29025363243971
183.01588795088588 21.08912433441462
180.95474400028723 20.94960545333842
178.8936000496886 22.754092331375208
176.83245609908994 23.207518299501324
174.7713121484913 18.826711220185175
172.71016819789267 20.796260341786173
170.64902424729402 19.423229543773953
168.5878802966954 22.50522980124538
166.52673634609673 25.579741745035463
164.4655923954981 22.481550084022654
162.40444844489946 23.282669473305052
160.34330449430084 23.391697461230542
158.2821605437022 23.40005360421955
156.22101659310354 21.069783541012292
154.1598726425049 22.684629725778205
152.09872869190627 21.540400209864178
150.03758474130763 16.74462230455146
147.97644079070898 22.68570533063457
145.91529684011033 24.848916848430054
143.8541528895117 21.97516688028363
141.79300893891306 22.42112422341264
139.7318649883144 25.35118535193307
137.67072103771577 25.19559855409279
135.60957708711712 24.508591000257006
133.5484331365185 25.979785432162302
131.48728918591985 25.192665383778785
129.4261452353212 23.112860720715414
127.36500128472258 24.13402955674913
125.30385733412393 23.828783161133178
123.2427133835253 25.112008400960658
121.18156943292664 24.235345188199087
119.120425482328 22.8920076995228
117.05928153172937 25.38067323548453
114.99813758113072 25.923413566821065
112.93699363053209 25.64170775889257
110.87584967993344 24.519097711020233
108.8147057293348 25.728234664967434
106.75356177873616 24.241812286578977
104.69241782813752 26.228947157358476
102.63127387753889 26.380935599016635
100.57012992694024 26.87310964474882
98.5089859763416 26.16601803197183
96.44784202574296 26.696993328793543
94.38669807514432 26.564092142535035
92.32555412454569 29.77090278086085
90.26441017394704 25.131629938308187
88.20326622334841 26.91655089120357
86.14212227274976 26.790730996825705
84.08097832215113 26.548524336132573
82.01983437155246 29.57245205628104
79.95869042095383 25.617022491789417
77.8975464703552 30.08174161446088
75.83640251975655 48.26862266913013
73.77525856915791 45.88149285913394
71.71411461855926 35.35857999484988
69.65297066796063 31.776163620780345
67.59182671736198 30.809190191544502
65.53068276676335 28.821994860997428
63.46953881616471 27.215890224719992
61.408394865566066 27.020030741221653
59.347250914967425 19.23657891557078
57.28610696436879 17.58996800925723
55.22496301377015 35.1924523932048
53.1638190631715 29.58524292772204
51.10267511257286 30.630670876510738
49.04153116197422 28.200244617049265
46.98038721137558 26.3783787283071
44.91924326077694 29.706128516342
42.858099310178304 26.144330471878458
40.79695535957966 28.50621610457804
38.73581140898102 38.05905093837641
36.67466745838238 32.36474616936866
34.61352350778374 30.08098812644675
32.5523795571851 34.05738288906127
30.491235606586457 32.45978328393568
28.430091655987813 30.410508249779056
26.368947705389175 30.801765828037208
24.307803754790537 34.81669158861913
22.246659804191896 33.36256160580854
20.185515853593255 33.83877752717496
18.124371902994614 30.615025052055522
16.063227952395973 31.75151314301761
14.002084001797332 31.86903476423157
11.940940051198691 31.36309569656722
9.87979610060005 35.72794817155417
7.81865215000141 39.954027273515095
5.757508199402769 40.00690342101801
3.6963642488041284 40.880551364336064
1.635220298205487 36.79834833910698
-0.4259236523931535 39.356448967752776
-2.4870676029917944 31.50470135532872
-4.548211553590435 32.27054898975518
-6.609355504189076 42.32856608469955
-8.670499454787716 39.4310115290406
-10.731643405386357 39.5375799174154
-12.792787355984998 39.28481107888367
-14.853931306583638 41.720743826808736
-16.915075257182277 38.84894500982417
-18.976219207780918 39.88613210972911
-21.037363158379563 47.843537165405145
-23.098507108978204 40.66259449599572
-25.159651059576845 39.60213097258114
-27.220795010175486 38.28349251926056
-29.281938960774127 35.74717142612583
-31.34308291137277 39.002536808601555
-33.40422686197141 38.94036373113448
-35.46537081257005 38.46989552774997
-37.52651476316869 42.276113535464674
-39.587658713767325 43.754771446326025
-41.64880266436597 40.34182851684969
-43.709946614964615 41.65905613611529
-45.771090565563256 41.85859804637635
-47.8322345161619 43.62562815387932
-49.89337846676054 41.44879680546666
-51.95452241735918 42.143768681957376
-54.01566636795781 46.50656903987346
-56.076810318556454 42.75763235561618
-58.137954269155095 41.819020127262434
-60.199098219753736 42.6134449755397
-62.26024217035238 39.423898778252735
-64.32138612095102 37.43215086200117
-66.38253007154965 36.26619414294546
-68.4436740221483 39.06478449390282
-70.50481797274693 37.95219615721878
-72.5659619233456 37.447105540904836
-74.62710587394423 39.56780494462924
-76.68824982454286 39.5814233364597
-78.74939377514151 38.367700619391016
-80.81053772574015 35.262014893600075
-82.8716816763388 39.42943717390798
-84.93282562693743 49.4231819245346
-86.99396957753608 37.405072829219726
-89.05511352813471 37.69081899886521
-91.11625747873335 39.07237544951701
-93.177401429332 39.643238344693565
-95.23854537993063 36.86774397324051
-97.29968933052928 35.03667159559947
-99.36083328112791 39.02547074914671
-101.42197723172654 36.58967450086066
-103.48312118232519 40.18127381658601
-105.54426513292383 37.31537318473864
-107.60540908352247 39.19435774228063
-109.66655303412111 39.54176505902951
-111.72769698471977 37.63349141194811
-113.7888409353184 40.93022879512273
-115.84998488591704 44.41138987396237
-117.91112883651569 37.29750600919106
-119.97227278711432 35.98292729131931
-122.03341673771297 36.06386463574007
-124.0945606883116 37.36171497880778
-126.15570463891025 33.03483292172134
-128.21684858950888 32.78595170425144
-130.2779925401075 38.157399891388394
-132.33913649070615 37.05754743874705
-134.40028044130483 36.49180293988866
-136.46142439190345 37.93239350147435
-138.5225683425021 31.116300037218412
-140.58371229310072 26.446316820479606
-142.64485624369937 34.83346497446821
-144.706000194298 35.552756867403325
-146.76714414489666 37.47797698576854
-148.82828809549528 35.140255470228844
-150.88943204609393 35.8378993491712
-152.95057599669258 33.82019537841444
-155.01171994729123 35.83700667549629
-157.07286389788985 32.204888855521176
-159.1340078484885 31.988235974384693
-161.1951517990871 39.706340137237504
-163.2562957496858 35.10803071272595
-165.3174397002844 35.88009690584052
-167.37858365088306 36.38499296407363
-169.4397276014817 34.67437092650985
-171.50087155208033 37.374592191255374
-173.562015502679 38.71581199842757
-175.62315945327762 36.81413004612388
-177.68430340387627 37.032446278908054
-179.7454473544749 35.74224978075009
-181.80659130507357 36.50745515016253
-183.8677352556722 34.879055524823336
-185.92887920627084 36.469116780436686
-187.99002315686946 29.590631243081507
-190.0511671074681 31.19964409901768
-192.11231105806675 37.76888838566585
-194.1734550086654 35.494646468760465
-196.23459895926402 36.5501685588301
-198.29574290986267 32.872137595263794
-200.3568868604613 34.25019490225531
-202.41803081105996 31.961770904409487
-204.47917476165858 31.42985898113063
-206.54031871225723 35.959069499413424
-208.60146266285588 37.77560086186853
-210.66260661345453 34.119388408123164
-212.72375056405318 35.047330730031355
-214.7848945146518 37.220405700871964
-216.84603846525044 37.70906367713237
-218.90718241584906 32.01751661011069
-220.96832636644774 29.210196798913053
-223.02947031704636 35.9614069115951
-225.090614267645 35.78294866022309
-227.15175821824363 35.214250188631006
-229.21290216884228 30.834306058027426
-231.27404611944092 36.04975485470401
-233.33519007003957 21.83912468468831
-235.3963340206382 32.060807498281314
-237.45747797123684 36.365676181757735
-239.51862192183546 37.430731490089414
-241.57976587243414 35.68267323181343
-243.64090982303276 30.801893829930503
-245.7020537736314 33.0988565646286
-247.76319772423005 31.98460454066868
-249.8243416748287 31.28672575185477
-251.88548562542735 27.179266596111322
-253.94662957602597 33.0497810011414
-256.0077735266246 34.78436112679447
-258.06891747722324 34.864337254527456
-260.1300614278219 36.43910475068503
-262.19120537842053 31.281723491880875
-264.2523493290192 28.504706958270006
-266.31349327961783 29.676005923277593
-268.3746372302165 26.481064408800375
-270.43578118081507 34.75229082702592
