# BEGINHEADER
# This file contains data from the SALSA 2m radio telescope.
# DATE=2024-04-09T13:39:0036
# GLON and GLAT given in degrees
# GLON=149.78669716878028
# GLAT=-0.22617991875264287
# DATA in two columns below. Col. 1 is velocity relative to LSR [km/s]. Col. 2 is uncalibrated antenna temperature [K].
# ENDHEADER
244.14875541092457 -2.6242996658034445
242.0876114603259 -3.621596685369593
240.02646750972727 -1.1575356742303131
237.96532355912862 -3.067163745676799
235.90417960853 -2.488648625903497
233.84303565793135 -1.9124612083914767
231.7818917073327 -1.5630950967221922
229.72074775673406 -1.935237761052032
227.65960380613544 -2.1275026253289155
225.5984598555368 -0.47455865657222734
223.5373159049381 0.10262174561611714
221.4761719543395 -3.5146127723743747
219.41502800374084 -1.4864455733129935
217.35388405314222 -2.090048054470835
215.29274010254358 -1.38960924846704
213.23159615194493 -1.6270223882470212
211.17045220134628 -2.717698722912271
209.10930825074766 -1.6369513702633867
207.048164300149 -1.9477400521569115
204.9870203495504 -0.650188926550624
202.92587639895171 -2.4767344249292886
200.8647324483531 -0.08549620019451976
198.80358849775445 -2.2210977134531786
196.74244454715583 -3.1778854034851522
194.68130059655718 -0.30372002162301054
192.62015664595856 -1.7421784823390236
190.5590126953599 -1.6628441629856294
188.4978687447613 -3.9989562973610924
186.43672479416261 -2.7105791364299443
184.375580843564 -2.8719087231668237
182.31443689296535 -1.8390733905390024
180.2532929423667 -2.0746644330592416
178.19214899176808 -2.436028072700848
176.1310050411694 -2.4521746779049796
174.06986109057078 -2.557642728322866
172.00871713997213 -2.9983300745956365
169.94757318937351 -1.8610465341120797
167.88642923877484 -0.20631210731992844
165.82528528817622 -1.660184291185839
163.76414133757757 -3.045159439352091
161.70299738697895 -0.8559568223606535
159.6418534363803 -1.973705038807927
157.58070948578165 -1.6720232328795592
155.519565535183 -0.48634597919203176
153.45842158458439 0.31944257464991344
151.39727763398574 -1.1208949749098003
149.33613368338712 -1.3363468275495174
147.27498973278844 -1.9853280472463102
145.21384578218982 -2.0129989932575243
143.15270183159117 -0.6752127301562008
141.09155788099253 -1.9085364887023846
139.0304139303939 -1.031911226320623
136.96926997979523 -0.2907169371824152
134.9081260291966 -2.118999476256518
132.84698207859796 -1.9983964117270183
130.7858381279993 -0.2137646706373802
128.7246941774007 -1.2696959539540582
126.66355022680204 -1.1720179800714015
124.60240627620341 -2.189799028524782
122.54126232560476 -2.9807712027066438
120.48011837500611 -0.2189350404547977
118.41897442440748 -1.1679790323912442
116.35783047380883 -1.672584093673098
114.2966865232102 -1.0110529958361882
112.23554257261155 -1.3660031891394904
110.17439862201292 -1.2402555808488946
108.11325467141428 0.3677854949948521
106.05211072081563 -1.6808848265799485
103.990966770217 -0.875405634606668
101.92982281961835 -1.4370647710903752
99.86867886901972 -1.496743342026778
97.80753491842108 -1.408706338810012
95.74639096782244 -2.067381967606054
93.6852470172238 -1.2070579050606889
91.62410306662515 -3.5298964236666044
89.56295911602652 -0.5164840762454264
87.50181516542787 -0.46182009851748573
85.44067121482922 -1.3696968451625762
83.37952726423059 -0.5134980976318171
81.31838331363194 -0.517882857024711
79.2572393630333 0.6612784256853308
77.19609541243466 -2.570545467050084
75.13495146183602 -1.687608762668504
73.07380751123738 -1.201548256579768
71.01266356063874 -1.692499855684971
68.95151961004011 -0.8192085257856143
66.89037565944146 -1.1850984808523
64.82923170884281 -0.8940791904085638
62.768087758244185 -0.07912233811783106
60.706943807645544 0.477318619429458
58.6457998570469 -0.032909802403498216
56.584655906448255 -0.8969961630260996
54.523511955849614 0.9692462523424501
52.46236800525097 -1.0146211182298144
50.40122405465233 -0.6766841599658229
48.3400801040537 0.8328051010429592
46.27893615345506 -1.4279345301808857
44.217792202856415 -1.7754514428362485
42.156648252257774 -0.6879777114403687
40.09550430165913 -0.8969040858226552
38.03436035106049 0.4088561236615354
35.973216400461844 -0.7552582817758592
33.91207244986321 -0.3385143256350873
31.85092849926457 0.5268574395215095
29.789784548665928 0.3396398255045195
27.728640598067287 -1.1777749662522912
25.667496647468646 1.3907577608456454
23.606352696870005 2.5847494298850906
21.54520874627136 2.0368235089214743
19.484064795672722 0.6152051486513279
17.42292084507408 1.6974249092496614
15.361776894475438 3.31114434039407
13.3006329438768 4.671703371654065
11.23948899327816 5.815581748075781
9.178345042679517 9.547665155452764
7.117201092080876 18.359784091597845
5.056057141482237 33.92175842484499
2.994913190883595 48.63586770481146
0.9337692402849549 59.44025840923246
-1.127374710313686 64.252024309701
-3.188518660912327 70.16906123621925
-5.249662611510968 73.93006848394658
-7.310806562109609 72.88116127953221
-9.371950512708251 65.49941162624678
-11.43309446330689 62.38148208350647
-13.494238413905531 59.61089760123913
-15.555382364504172 56.90865589922002
-17.616526315102814 51.26121613271503
-19.677670265701455 47.91782237025267
-21.738814216300092 50.9770142163164
-23.799958166898733 56.22048220563179
-25.861102117497374 61.44080017063222
-27.922246068096015 70.62746172428797
-29.983390018694656 82.06251366093852
-32.0445339692933 92.14099907028256
-34.10567791989193 96.54908630200849
-36.16682187049057 93.6190756658501
-38.227965821089214 91.08213498000532
-40.28910977168786 79.66927617347316
-42.3502537222865 69.44508540055892
-44.411397672885144 64.14272928556322
-46.472541623483785 55.99023569972691
-48.53368557408242 51.30585837268428
-50.59482952468106 46.42996027639448
-52.6559734752797 43.581384674535585
-54.71711742587834 41.06193778210764
-56.77826137647698 34.38642372893807
-58.839405327075625 31.747027951079573
-60.90054927767427 27.181098454626436
-62.96169322827291 20.89738124931273
-65.02283717887154 18.32325191338731
-67.08398112947019 14.236395481114663
-69.14512508006884 11.535448685183423
-71.20626903066747 10.849546449255412
-73.26741298126612 9.648777927342262
-75.32855693186475 9.434243690259574
-77.3897008824634 8.335402401563659
-79.45084483306204 5.97102079949012
-81.51198878366068 5.276315009343854
-83.57313273425932 2.0232181983336592
-85.63427668485795 1.7669390128240627
-87.6954206354566 1.8532596136319854
-89.75656458605523 0.22186028379831443
-91.81770853665388 0.4982112155341933
-93.87885248725252 -1.3963226551981351
-95.93999643785115 -2.18082348178355
-98.0011403884498 -0.7314494043745734
-100.06228433904843 -1.4848333997080239
-102.12342828964708 -2.7951299316821943
-104.18457224024571 -1.427570931462408
-106.24571619084436 -1.3746475668173597
-108.30686014144301 -2.4960837604504946
-110.36800409204164 -1.0166668669848946
-112.42914804264029 -1.1151034518235945
-114.49029199323893 -3.566375360330413
-116.55143594383757 -1.7245584313019653
-118.61257989443621 0.16366511457150917
-120.67372384503486 -0.8343372514474793
-122.73486779563349 -2.234087358256271
-124.79601174623213 -2.8576680402548438
-126.85715569683077 -1.583708917236467
-128.91829964742942 -1.787388835387254
-130.97944359802807 -2.024429704044906
-133.04058754862672 -1.5751630032875021
-135.10173149922534 -2.2826985892361944
-137.16287544982399 -4.308140715107394
-139.2240194004226 -3.223899742210078
-141.28516335102125 -3.86347141021061
-143.3463073016199 -2.7365024439366907
-145.40745125221855 -3.040407534395107
-147.46859520281717 -2.6269045453853153
-149.52973915341582 -1.925429309079598
-151.59088310401444 -2.539953347286666
-153.65202705461311 -2.676259529279677
-155.71317100521173 -3.5388007300625466
-157.77431495581038 -3.2580646285359287
-159.835458906409 -4.277499903099591
-161.89660285700768 -2.8712165362467292
-163.9577468076063 -2.942677520201478
-166.01889075820495 -4.576716881147263
-168.0800347088036 -2.9701713551946685
-170.14117865940221 -2.7748922791465893
-172.2023226100009 -1.1634997750973703
-174.2634665605995 -2.418361049494358
-176.32461051119816 -1.9471768158695342
-178.38575446179678 -3.175865637564103
-180.44689841239543 -2.585083425861837
-182.50804236299408 -3.1245665406023373
-184.56918631359272 -3.4161391217573684
-186.63033026419134 -1.9767112673978793
-188.69147421479 -4.840485171898568
-190.75261816538864 -4.413313466642478
-192.8137621159873 -1.9773595640734194
-194.8749060665859 -0.788266975049496
-196.93605001718456 -1.4153182861624267
-198.9971939677832 -3.037454663682601
-201.05833791838185 -1.234199593486366
-203.11948186898053 -0.758732196530862
-205.18062581957915 -3.8740646539743713
-207.2417697701778 -3.3543208780377776
-209.30291372077642 -3.2759404474278853
-211.36405767137506 -2.1772767351336926
-213.4252016219737 -1.1969858395980477
-215.48634557257236 -1.4456140738678465
-217.54748952317098 -1.8778598882061674
-219.60863347376963 -3.2606292435124726
-221.66977742436825 -4.031670393014243
-223.73092137496693 -2.472521014114164
-225.79206532556555 -0.9309190438711483
-227.8532092761642 -3.657624430915641
-229.9143532267628 -2.0680467541294107
-231.9754971773615 -0.6101838340493946
-234.0366411279601 -2.051242450696116
-236.09778507855876 -2.4916796072270646
-238.15892902915738 -2.209435945812438
-240.22007297975603 -2.275720873452221
-242.2812169303547 -2.504527985561134
-244.34236088095332 -2.258375939626267
-246.40350483155197 -0.8067825175715154
-248.4646487821506 -1.7627999682832944
-250.52579273274924 -2.853602828961262
-252.5869366833479 -2.5373067098765447
-254.64808063394653 -1.1380331900391274
-256.70922458454515 -0.1501944158228456
-258.7703685351438 -0.6798714049955635
-260.83151248574245 0.0110854188718626
-262.89265643634104 -2.5879543903049296
-264.95380038693975 -1.9022542937582403
-267.0149443375384 -2.4620387714326166
-269.076088288137 -3.0118487730897834
-271.13723223873563 -1.708705405107722
-273.1983761893343 -1.0248819860352392
-275.25952013993293 -0.12410039865540759
-277.3206640905316 -3.4054117596508786
-279.38180804113017 -3.104741708235555
-281.4429519917289 -3.409585548869057
