# BEGINHEADER
# This file contains data from the SALSA 2m radio telescope.
# DATE=2024-03-27T10:27:0005
# GLON and GLAT given in degrees
# GLON=169.8510724816749
# GLAT=-0.30791750214536884
# DATA in two columns below. Col. 1 is velocity relative to LSR [km/s]. Col. 2 is uncalibrated antenna temperature [K].
# ENDHEADER
229.5164260568725 15.166782515922495
227.45528210627384 26.709387093276113
225.3941381556752 24.312452710302352
223.33299420507657 23.45974841192033
221.2718502544779 21.30698073604382
219.21070630387928 14.739817892385213
217.14956235328063 16.635545484051573
215.088418402682 20.525202015423094
213.02727445208333 21.858668516618792
210.9661305014847 12.458733059941581
208.90498655088606 1.3145915599403555
206.84384260028745 23.131260615184825
204.7826986496888 17.505243092164108
202.72155469909015 20.325235821885496
200.6604107484915 19.08450950311848
198.59926679789288 22.507022084062843
196.53812284729423 19.634039461619132
194.4769788966956 15.967099061813517
192.41583494609694 13.831482543129692
190.35469099549832 16.874379727389762
188.29354704489967 17.23638322845463
186.23240309430102 15.992318895676917
184.1712591437024 20.492520365828813
182.11011519310372 20.636212696708675
180.0489712425051 18.33863950007315
177.98782729190646 19.296119488567943
175.92668334130784 20.66462233648305
173.86553939070916 18.875669156610833
171.80439544011054 17.93579254833101
169.7432514895119 19.551546689256273
167.68210753891327 23.284802347407783
165.62096358831462 20.390960236812
163.55981963771598 18.695677322703123
161.49867568711733 19.682262451263192
159.4375317365187 17.665933998136456
157.37638778592006 18.33012019773449
155.31524383532144 19.9931976727214
153.25409988472276 21.854670266350713
151.19295593412414 20.141147111811314
149.1318119835255 20.245444277732652
147.07066803292685 18.6918206272489
145.0095240823282 18.533451519684206
142.94838013172955 18.2707783502005
140.88723618113093 18.90835745814369
138.82609223053228 18.016052267535407
136.76494827993366 21.46169107562392
134.703804329335 21.11142852307841
132.64266037873637 18.386884411039105
130.58151642813772 19.036518988616937
128.5203724775391 19.186950580937665
126.45922852694044 17.00900303287893
124.3980845763418 17.333962508939788
122.33694062574315 19.986377844347874
120.27579667514452 19.760417794786324
118.21465272454587 20.454637337587936
116.15350877394724 18.93854686120612
114.0923648233486 19.064226910654853
112.03122087274996 20.81051296411044
109.97007692215132 21.890300558233665
107.90893297155267 20.803476597919516
105.84778902095404 22.62241188442772
103.78664507035539 21.091942161071533
101.72550111975676 19.874562191084458
99.66435716915812 20.467883099515195
97.60321321855947 22.620411403729655
95.54206926796084 19.216801038436476
93.48092531736219 19.251298951479246
91.41978136676354 23.550982105745337
89.3586374161649 19.644806016727784
87.29749346556626 22.077291165633145
85.23634951496763 23.189898397919034
83.17520556436898 23.86868249276967
81.11406161377035 22.590412833315845
79.0529176631717 20.48421927382915
76.99177371257306 23.470739492421696
74.93062976197442 23.818074692230123
72.86948581137578 24.92671161017038
70.80834186077715 23.782164860557522
68.7471979101785 23.156673059710666
66.68605395957987 24.401372639817
64.62491000898122 21.550680967606173
62.563766058382576 23.63504928789092
60.502622107783935 22.31832320447301
58.441478157185294 21.729075748849674
56.38033420658665 22.880312850376157
54.31919025598801 25.115981569477224
52.25804630538938 27.665334470986693
50.19690235479074 33.647351690459786
48.135758404192096 34.6955503215513
46.074614453593455 28.283438664397213
44.01347050299481 31.522158385439955
41.952326552396165 27.34572219627147
39.891182601797524 26.702858199259328
37.83003865119889 25.627480587652496
35.76889470060025 26.177458212624455
33.70775075000161 18.44497556537591
31.646606799402967 14.604548946986805
29.585462848804323 29.92489195327979
27.524318898205685 24.509391273002347
25.463174947607044 29.310899985379116
23.402030997008403 25.34745755998706
21.340887046409765 22.776348193197656
19.27974309581112 29.154265608740758
17.21859914521248 23.238630369197683
15.15745519461384 27.199112293125225
13.096311244015201 40.494491053998395
11.03516729341656 30.991592243759072
8.974023342817919 30.268389473589416
6.912879392219279 32.7630394475119
4.8517354416206375 31.913725582898135
2.7905914910219964 36.11888280297691
0.7294475404233558 36.47182667243131
-1.3316964101752848 38.10422235400795
-3.3928403607739255 37.7204015923634
-5.453984311372567 37.31293619553938
-7.515128261971206 34.94225941667432
-9.576272212569847 35.517862101057915
-11.63741616316849 37.83326072987568
-13.698560113767131 36.337413960958465
-15.75970406436577 36.96376038292239
-17.82084801496441 42.00519420228777
-19.881991965563053 42.08364648774018
-21.943135916161694 38.478691678882754
-24.004279866760335 32.026933952840615
-26.065423817358976 34.974389672126385
-28.126567767957614 26.568681388694422
-30.18771171855626 26.39094681141457
-32.2488556691549 36.20972891244628
-34.30999961975354 33.323445744173824
-36.37114357035218 32.833617472206925
-38.43228752095082 30.74890674170936
-40.493431471549464 33.83862309851832
-42.554575422148105 31.149437468334952
-44.61571937274674 36.051776680209024
-46.67686332334538 41.15587990473144
-48.73800727394402 37.30201764986941
-50.79915122454266 30.337881884476463
-52.86029517514131 28.01273928998178
-54.92143912573995 32.89572346316818
-56.98258307633859 30.546783915575254
-59.043727026937226 31.905005570468035
-61.10487097753587 31.307021676523238
-63.16601492813451 32.717732559598325
-65.22715887873315 36.289866315220806
-67.2883028293318 31.02379967450733
-69.34944677993043 34.0955034681696
-71.41059073052908 32.84725370399335
-73.47173468112771 35.07905986530057
-75.53287863172636 31.583152623413465
-77.594022582325 31.03096922817132
-79.65516653292363 36.07721726843975
-81.71631048352228 32.921438084646965
-83.77745443412091 32.90547855713345
-85.83859838471956 34.251184218569705
-87.8997423353182 33.75108227968691
-89.96088628591684 31.957895057190797
-92.02203023651548 28.21745133997537
-94.08317418711411 34.312790378861
-96.14431813771276 31.773277920775595
-98.20546208831139 32.999087100677926
-100.26660603891004 36.69570664141385
-102.32774998950869 34.46588310267232
-104.38889394010734 32.86786594909343
-106.45003789070597 29.202641910132176
-108.5111818413046 35.216738885939975
-110.57232579190325 47.02565013817585
-112.63346974250189 35.870306006477946
-114.69461369310054 33.56925418819016
-116.75575764369917 31.11002595315862
-118.81690159429782 33.44603796074979
-120.87804554489645 32.27785721433616
-122.93918949549509 31.13985200224484
-125.00033344609373 33.211245093908516
-127.06147739669237 36.29887968165628
-129.12262134729102 34.43758342235965
-131.18376529788966 33.03258435488687
-133.24490924848828 33.71254869359893
-135.30605319908693 33.51307246557817
-137.36719714968558 34.1294035723012
-139.42834110028423 36.45458965349587
-141.48948505088285 40.18399501283119
-143.5506290014815 35.26560867883851
-145.61177295208014 32.24892794801276
-147.6729169026788 34.22727862692442
-149.7340608532774 33.50972051888624
-151.79520480387606 29.342274494759533
-153.85634875447468 28.412545182513963
-155.91749270507336 34.503649387250846
-157.97863665567198 34.89520500889713
-160.03978060627063 33.372141963960985
-162.10092455686927 33.07045193836059
-164.1620685074679 30.14077839492332
-166.22321245806657 24.79186478374661
-168.2843564086652 35.63419100151169
-170.34550035926384 33.05912921847536
-172.40664430986246 36.773864334822576
-174.46778826046113 34.06659694966814
-176.52893221105975 34.928662808649634
-178.5900761616584 32.91788158774862
-180.65122011225702 31.767838307554314
-182.71236406285567 29.665786999968788
-184.77350801345432 30.908500456671177
-186.83465196405297 34.26037351963823
-188.8957959146516 32.84210441900015
-190.95693986525023 35.83511140795895
-193.01808381584885 33.67756800320656
-195.07922776644753 33.73529917212078
-197.14037171704615 34.82847333871251
-199.2015156676448 33.23214165360444
-201.26265961824345 34.36360664395739
-203.32380356884207 33.76355044819752
-205.38494751944074 33.43175316906354
-207.44609147003936 33.582374262219226
-209.507235420638 31.302306007965424
-211.56837937123663 33.82656538653851
-213.6295233218353 26.76922386685103
-215.69066727243393 26.787018691265377
-217.75181122303258 32.332262819734304
-219.8129551736312 32.103299081341234
-221.87409912422984 31.344370203698478
-223.9352430748285 30.82965640162298
-225.99638702542714 27.92317665068541
-228.05753097602576 31.24596109896485
-230.1186749266244 31.34405391644602
-232.17981887722303 31.239952485293855
-234.2409628278217 33.0599126383514
-236.30210677842035 30.651562885439716
-238.36325072901897 33.427224005416605
-240.42439467961762 35.01361611702548
-242.48553863021627 34.640199946966696
-244.54668258081492 29.216717050998202
-246.60782653141354 27.182966158543838
-248.66897048201218 32.601140120031246
-250.7301144326108 31.555433345720434
-252.79125838320948 31.434805267297605
-254.8524023338081 30.505258211286296
-256.9135462844067 33.28818521122864
-258.97469023500537 22.234398696667473
-261.035834185604 28.660521052463306
-263.09697813620267 34.30859182316233
-265.15812208680126 35.67769612507102
-267.21926603739996 31.51879383287167
-269.2804099879986 29.010433808409047
-271.3415539385972 29.322675473402644
-273.40269788919585 30.056913934192806
-275.4638418397945 28.266239623227097
-277.52498579039315 26.26059572090906
-279.5861297409918 32.945590386431746
-281.64727369159044 35.6406159642925
-283.7084176421891 29.563337199558667
-285.76956159278774 30.875381596096364
-287.83070554338633 29.760840113382255
-289.89184949398503 28.789230275265318
-291.9529934445836 26.3991952106047
-294.0141373951823 25.04569293696564
-296.0752813457809 30.72198136448156
