# BEGINHEADER
# This file contains data from the SALSA 2m radio telescope.
# DATE=2024-04-12T07:37:0019
# GLON and GLAT given in degrees
# GLON=81.86841494058065
# GLAT=4.054813441160529
# DATA in two columns below. Col. 1 is velocity relative to LSR [km/s]. Col. 2 is uncalibrated antenna temperature [K].
# ENDHEADER
293.7834698778372 0.2598573943835371
291.72232592723856 0.3962947693536429
289.6611819766399 0.27921545231156364
287.6000380260413 0.03758811631783498
285.5388940754426 0.3066654418238519
283.477750124844 1.1492874075824622
281.4166061742454 -0.10348872386593494
279.3554622236467 -0.5014328847786012
277.2943182730481 1.3797760298021153
275.23317432244943 1.6179328184280655
273.17203037185084 3.3366696411762713
271.1108864212522 3.130539924351292
269.0497424706535 1.8002863511042182
266.9885985200549 1.8024179555866986
264.92745456945624 0.778430542826596
262.86631061885765 2.0978152189527925
260.80516666825895 0.11732881563985927
258.7440227176603 0.2401145970325349
256.68287876706165 1.6887274721875754
254.62173481646303 1.9799330016424932
252.56059086586438 1.7116153699547423
250.49944691526576 0.21318784642400565
248.43830296466712 2.7629004963365684
246.37715901406847 1.4306504456362985
244.31601506346982 2.1759420741297646
242.2548711128712 1.32496861237516
240.19372716227255 2.7333605409215567
238.13258321167393 2.117330151949823
236.07143926107526 1.7252536403081802
234.01029531047664 1.4560431238799327
231.949151359878 -0.4425977098181165
229.88800740927937 0.9789262643066933
227.8268634586807 0.9969622422773105
225.76571950808207 -0.13523013831860858
223.70457555748342 1.5322842129386378
221.64343160688477 -0.1987500216341209
219.58228765628616 0.4040413257529262
217.52114370568748 -0.09047034575862313
215.45999975508886 2.973501081990877
213.3988558044902 0.17482663986221836
211.3377118538916 0.6310329969501566
209.27656790329294 0.42811648619686027
207.2154239526943 0.552856208248342
205.15428000209565 1.6130387927200014
203.09313605149703 1.609363534073461
201.03199210089838 1.8824669499091593
198.97084815029976 0.9877341473814693
196.90970419970108 2.4288580932603145
194.84856024910246 0.8054132860390184
192.7874162985038 0.849985145305013
190.7262723479052 0.26157715762567335
188.66512839730652 1.097994841689681
186.6039844467079 0.7818602892288022
184.54284049610925 -0.33800388588277974
182.4816965455106 0.10537376627662591
180.42055259491198 1.4796198582179332
178.3594086443133 0.057014346256563896
176.29826469371469 0.10081608388047561
174.23712074311604 1.6376881785223192
172.17597679251742 0.8254683076113078
170.11483284191877 0.21770049506911926
168.05368889132012 -0.311760792611136
165.99254494072147 -1.0087296480695789
163.93140099012285 -1.5939158408090404
161.8702570395242 0.8179316729821436
159.80911308892556 0.5994316057335907
157.7479691383269 -1.4743276911901653
155.6868251877283 -0.8502219081762586
153.62568123712964 -0.3437469624169809
151.56453728653102 -0.44755055067199206
149.50339333593234 -0.22933308905458638
147.44224938533372 -0.1933099230766527
145.38110543473508 -0.5847926438807208
143.31996148413643 0.12928366447163048
141.2588175335378 -0.5980352848708598
139.19767358293913 -0.041647220393769405
137.1365296323405 -0.6032437129502394
135.07538568174186 0.36250790222778734
133.01424173114324 -0.5963319737992123
130.9530977805446 -1.008178886077237
128.89195382994595 -0.6488623113208509
126.8308098793473 -1.5157610329947941
124.76966592874867 -1.127745149607202
122.70852197815002 -0.7620543941036348
120.64737802755138 -2.2903634268433395
118.58623407695273 -1.012277326605814
116.5250901263541 -1.3283311892192906
114.46394617575547 -0.7300106821540054
112.40280222515682 -1.567455975364384
110.34165827455818 -1.808042414180725
108.28051432395954 -2.8389272795356755
106.2193703733609 -0.3239490848167353
104.15822642276225 -1.2881619672486446
102.09708247216362 -1.8528715275915593
100.03593852156499 -0.5237983819792174
97.97479457096634 -1.578134415508645
95.9136506203677 -3.9607875848437866
93.85250666976906 -2.17559139178395
91.79136271917042 0.37266827563365046
89.73021876857177 -1.8029610548442774
87.66907481797313 -0.3705786273579388
85.60793086737449 -3.5357483835974026
83.54678691677584 -1.7241267162934157
81.48564296617721 -2.5349488752041394
79.42449901557856 -1.7803922657303155
77.36335506497993 -1.1639349173188411
75.30221111438128 -3.83329601432958
73.24106716378265 -2.897496504322187
71.17992321318401 -2.8942021723049396
69.11877926258536 -2.076403133528566
67.05763531198673 -1.927438429453157
64.99649136138808 -1.8058709252315905
62.93534741078945 -1.1972053937617981
60.874203460190806 -2.8921362646076916
58.81305950959216 -0.4963375704569616
56.75191555899352 -1.8223401037906881
54.690771608394876 -0.6483980034241442
52.62962765779624 0.6973990827818046
50.5684837071976 -2.486331626008119
48.50733975659896 -1.4322583278074876
46.44619580600032 -1.0710575677898713
44.38505185540168 -1.3378041323281387
42.323907904803036 -2.0321475664180273
40.2627639542044 -2.4122150813286445
38.201620003605754 -1.5853432631482305
36.14047605300711 0.9229916317587811
34.07933210240847 0.678771476049369
32.01818815180983 -1.3683107175263929
29.957044201211193 -0.6057200379451403
27.895900250612552 1.9790364441704773
25.83475630001391 3.2876905229760154
23.773612349415266 6.204394984818261
21.71246839881663 10.872947621443123
19.651324448217988 18.203619798894817
17.590180497619347 27.480106164406234
15.529036547020706 43.45217341041717
13.467892596422066 62.76285089173569
11.406748645823425 80.77351007587308
9.345604695224786 94.8412562309167
7.284460744626145 104.9492590136645
5.223316794027504 111.10701383795501
3.1621728434288627 111.37423837995385
1.1010288928302219 112.98594728336559
-0.960115057768419 112.4866065032715
-3.0212590083670596 111.23377409531778
-5.082402958965701 106.09584925133258
-7.143546909564341 95.36054873122617
-9.204690860162982 86.17613606061552
-11.265834810761623 76.17160517998511
-13.326978761360264 63.374177342134665
-15.388122711958905 50.2792904382237
-17.449266662557548 40.193149340660675
-19.510410613156186 32.02619939108982
-21.571554563754827 27.856624215627825
-23.63269851435347 21.535342363570148
-25.69384246495211 20.242279374241985
-27.75498641555075 16.427099570468787
-29.81613036614939 17.34777454122946
-31.877274316748032 20.509775609262565
-33.93841826734667 23.193546036405753
-35.99956221794531 24.47557521697305
-38.06070616854396 23.548756086984405
-40.1218501191426 24.495332978240924
-42.18299406974124 24.076103098371338
-44.244138020339875 24.584407362263764
-46.305281970938516 25.27005476667611
-48.36642592153716 21.429135617768107
-50.4275698721358 18.749249883770812
-52.48871382273444 17.810390493554237
-54.54985777333308 14.179826963801274
-56.611001723931714 11.844461353276472
-58.67214567453036 11.84755297649582
-60.733289625129004 12.406119236914693
-62.794433575727645 16.085635899981767
-64.85557752632629 19.375293977060878
-66.91672147692493 23.102914562949927
-68.97786542752357 26.581842164870913
-71.03900937812222 28.89424396248931
-73.10015332872085 28.89706846872458
-75.1612972793195 29.506115437905873
-77.22244122991813 27.79279317313826
-79.28358518051677 27.833755999761284
-81.34472913111541 26.66358233159569
-83.40587308171405 26.659484090160138
-85.4670170323127 28.064779282583526
-87.52816098291133 23.831861834903492
-89.58930493350998 20.98144161622904
-91.65044888410861 20.56375623126737
-93.71159283470725 13.910845233009443
-95.7727367853059 12.147988104089658
-97.83388073590453 8.40272712530703
-99.89502468650318 7.150578016714045
-101.95616863710181 5.484042726967083
-104.01731258770046 6.032371765986427
-106.07845653829911 4.623023532659457
-108.13960048889774 5.143957034946254
-110.20074443949639 3.8363839115958562
-112.26188839009502 2.3380639376591184
-114.32303234069367 2.9177943921292795
-116.3841762912923 1.5953865666533769
-118.44532024189095 2.4251872118887836
-120.50646419248959 0.3128376860625356
-122.56760814308822 -0.5141899552333377
-124.62875209368687 -0.4521263979115124
-126.6898960442855 -3.6357948443170374
-128.75103999488417 -0.8944465951218884
-130.8121839454828 -1.6369230994291197
-132.87332789608143 -4.710452293089386
-134.93447184668008 -2.3675464408059512
-136.9956157972787 -1.322480147409589
-139.05675974787735 -1.777875200370971
-141.117903698476 -2.811960973833059
-143.17904764907465 -2.213704522325851
-145.24019159967327 -2.8758901417585014
-147.30133555027192 -2.1585591251419145
-149.36247950087053 -2.977995267139667
-151.4236234514692 -3.249384865574828
-153.48476740206783 -4.028590371432008
-155.54591135266648 -1.3662555365778821
-157.6070553032651 -3.7764098772553334
-159.66819925386378 -3.8550393659579356
-161.7293432044624 -2.6058397840139143
-163.79048715506104 -4.115319655384974
-165.8516311056597 -2.496805667992416
-167.9127750562583 -1.3722568734551341
-169.973919006857 -3.4693467873267996
-172.0350629574556 -3.8164797863622573
-174.09620690805426 -1.6247061290185474
-176.15735085865288 -3.323060195422878
-178.21849480925152 -2.3942742982153757
-180.27963875985017 -2.759392395380012
-182.34078271044882 -4.298514784462997
-184.40192666104744 -3.136031443727993
-186.4630706116461 -2.5481310331636267
-188.5242145622447 -2.616393873796804
-190.58535851284338 -3.3931669173012518
-192.646502463442 -1.369807132241663
-194.70764641404065 -3.9294301570154713
-196.76879036463927 -3.6598533344995596
-198.82993431523795 -4.79512996679372
-200.89107826583657 -4.301153834538668
-202.95222221643522 -2.599271751478468
-205.01336616703387 -3.852150436049151
-207.07451011763249 -2.5684168970165917
-209.13565406823116 -2.8815542238650145
-211.19679801882978 -2.742171044781633
-213.25794196942843 -2.7372557608369674
-215.31908592002705 -4.11162779749165
-217.3802298706257 -2.414554010031451
-219.44137382122435 -3.6113618821460607
-221.502517771823 -0.8588056935524913
-223.5636617224216 -0.8739274867180731
-225.62480567302026 -1.6151973732417837
-227.6859496236189 -1.9279866699235342
-229.74709357421756 -2.236974180657507
-231.80823752481618 -0.8092808980550207
