# BEGINHEADER
# This file contains data from the SALSA 2m radio telescope.
# DATE=2024-04-09T14:19:0021
# GLON and GLAT given in degrees
# GLON=84.8477282635788
# GLAT=0.022122270821960013
# DATA in two columns below. Col. 1 is velocity relative to LSR [km/s]. Col. 2 is uncalibrated antenna temperature [K].
# ENDHEADER
291.6852255357508 -0.2913792473959544
289.62408158515217 -0.9126178963220046
287.5629376345535 -0.6821764107253877
285.5017936839549 -0.29733940966707173
283.4406497333563 -1.988908560959804
281.3795057827576 -3.2033542501375285
279.318361832159 -0.6677757315394574
277.25721788156034 -2.629136610440343
275.1960739309617 -1.1515677531034028
273.13492998036304 -2.2028300969559313
271.0737860297644 -0.4004101307856473
269.0126420791658 -2.744999659446252
266.95149812856715 -0.9644998405724121
264.89035417796845 -2.95794663717997
262.82921022736986 -2.542466491043456
260.7680662767712 -2.3560655723096593
258.70692232617256 -2.1503053957370617
256.6457783755739 -1.0231666348106636
254.5846344249753 -1.673615997598979
252.52349047437662 -3.219504833910124
250.462346523778 -2.0613872526588186
248.40120257317935 -2.4649044769923147
246.34005862258073 -3.8058432768725763
244.27891467198208 -1.924625351074781
242.21777072138343 -1.7171821587822296
240.15662677078478 -1.8888894345239169
238.09548282018616 -0.5249221990088043
236.03433886958751 -2.0335213846859266
233.9731949189889 -0.6886105683232713
231.91205096839022 -0.26494078222770323
229.8509070177916 -2.111718483524781
227.78976306719295 -0.7421331331577874
225.72861911659433 -0.21743299555996448
223.66747516599565 -1.0508233905328845
221.60633121539703 -2.126069661573743
219.5451872647984 -0.7030089234817785
217.48404331419977 -0.6683920843283901
215.42289936360112 -0.35622889899828086
213.36175541300244 -0.7806437895717487
211.30061146240382 -2.1478007103698378
209.23946751180517 -2.3963555783938304
207.17832356120655 -0.9416110774760157
205.1171796106079 -2.9532780397232985
203.05603566000926 -3.059159805402877
200.9948917094106 -1.1620267932542439
198.933747758812 -3.980637622508231
196.8726038082133 -0.8213824436580257
194.8114598576147 -2.2251362487978934
192.75031590701605 -2.135310418770684
190.6891719564174 -1.406662529970603
188.62802800581875 -0.9843032176142497
186.56688405522013 -1.3018729025042688
184.50574010462148 -1.0495073748544388
182.44459615402283 -2.1740702163714496
180.38345220342418 -2.0533410147552944
178.32230825282556 0.127982907146599
176.26116430222692 -1.7618092671031307
174.20002035162827 -2.5392436966737444
172.13887640102962 -1.258318085933674
170.07773245043097 -1.2155144179972202
168.01658849983235 -1.4959966840882004
165.9554445492337 -0.6581437758289711
163.89430059863508 -1.3635073832447657
161.8331566480364 -0.4310591622056367
159.7720126974378 -0.7059007337646899
157.71086874683914 -3.033098909644481
155.64972479624052 -0.7622243900417028
153.58858084564184 -2.4050289011501675
151.52743689504322 -2.676066432710458
149.46629294444458 0.9813776922242125
147.40514899384596 -0.8819363244888472
145.3440050432473 -0.4923155902344078
143.28286109264866 -1.8520116936515625
141.22171714205 0.25106918195746364
139.1605731914514 -1.1586607038508598
137.09942924085274 -2.077034788443096
135.0382852902541 0.2664886699903293
132.97714133965545 -2.0386179078033755
130.9159973890568 -0.11970040398768923
128.85485343845818 0.3259998075246094
126.79370948785953 -1.952195279384544
124.7325655372609 -0.35737731955047525
122.67142158666226 -1.3254096310930852
120.61027763606361 -1.5248207437074
118.54913368546498 -2.099632634714621
116.48798973486632 -0.40263921904970823
114.42684578426768 -1.3898320075717974
112.36570183366904 -1.1919469265396618
110.3045578830704 -2.4775589815294254
108.24341393247177 -1.8722382877898913
106.18226998187312 -1.6735975930837343
104.12112603127449 -0.8001221952182597
102.05998208067584 -1.4171664579084982
99.9988381300772 -2.563505515796013
97.93769417947856 -0.7979727204234601
95.87655022887992 -0.39803363341887593
93.81540627828129 -1.217289998692197
91.75426232768264 -2.9527969587606555
89.693118377084 -1.11499089284979
87.63197442648536 -2.5935784901815397
85.57083047588672 -0.25115741713514966
83.50968652528807 -1.2604506785179004
81.44854257468944 -1.419717824896157
79.3873986240908 -0.18676395635167597
77.32625467349214 -1.185040704104159
75.26511072289351 -2.381258580823671
73.20396677229486 -1.995715696512037
71.14282282169623 -0.5941502503794224
69.08167887109758 -0.5040171169796088
67.02053492049895 -0.37449080296747267
64.95939096990031 -0.20598914854305087
62.898247019301664 -0.961259998518637
60.83710306870303 -0.16136282736381974
58.77595911810439 -1.5593278179829144
56.71481516750575 -1.5692684092586506
54.65367121690711 -1.8751118658890353
52.592527266308466 -0.315217829110626
50.53138331570982 0.2612942403199785
48.470239365111176 -1.4221386185332163
46.40909541451254 1.0855232339750238
44.3479514639139 0.5687798095292169
42.28680751331526 0.041477324979122175
40.22566356271662 1.1257447029075442
38.16451961211798 0.6844347757206314
36.10337566151934 -0.6219748251275851
34.042231710920696 -1.9335501007071527
31.981087760322055 0.8919668079182052
29.919943809723417 0.9055251063066042
27.858799859124776 -0.7326816994907063
25.79765590852613 1.2873717706558654
23.736511957927494 5.081029971493549
21.675368007328856 7.1620738390891745
19.614224056730215 10.359424739939554
17.553080106131574 16.119420739904267
15.491936155532933 27.64639222387602
13.43079220493429 42.94267615219633
11.36964825433565 62.25676952513917
9.308504303737008 74.90647039069913
7.247360353138368 84.82469688378826
5.186216402539727 90.73322560743314
3.125072451941086 87.58787458610553
1.0639285013424455 85.13433660292924
-0.9972154492561953 81.40777188517738
-3.0583593998548357 79.63514657933702
-5.119503350453477 76.37906826169254
-7.180647301052118 74.22008647456138
-9.241791251650758 70.6909280482557
-11.3029352022494 66.50175594217293
-13.364079152848038 65.3381323187405
-15.42522310344668 57.079410688222566
-17.48636705404532 48.58517211221616
-19.54751100464396 43.94758712768683
-21.6086549552426 36.31748423960504
-23.669798905841244 31.180431802739207
-25.730942856439885 28.08665577800635
-27.792086807038526 27.355367391831088
-29.853230757637167 28.059967789043718
-31.914374708235812 30.50867567829479
-33.97551865883445 32.42269373741734
-36.03666260943309 37.03623905005042
-38.09780656003173 44.30984056744878
-40.15895051063037 48.173588173722315
-42.22009446122901 50.45878414130335
-44.28123841182765 47.79085081089764
-46.3423823624263 46.197144429559344
-48.40352631302494 42.003141407108686
-50.464670263623574 40.29742486544735
-52.525814214222216 35.82378980380678
-54.58695816482086 30.622533236286728
-56.6481021154195 29.094197531584875
-58.70924606601814 24.17007116035593
-60.77039001661678 23.9592586256206
-62.83153396721542 23.224692298681017
-64.89267791781405 28.520320233191978
-66.9538218684127 34.00670551319999
-69.01496581901134 37.587123527442316
-71.07610976960997 40.268527561034354
-73.13725372020862 44.43175534948753
-75.19839767080725 47.3244751736954
-77.25954162140592 45.512462915803425
-79.32068557200455 43.55687683619307
-81.3818295226032 38.64188782546655
-83.44297347320183 31.793698587017712
-85.50411742380047 31.022085624884145
-87.56526137439911 26.803312704266933
-89.62640532499775 26.689450790089854
-91.6875492755964 22.017509469116437
-93.74869322619503 18.860168356556223
-95.80983717679368 16.280477381341605
-97.87098112739231 11.386650913792366
-99.93212507799095 9.706997815324875
-101.9932690285896 7.730524945212345
-104.05441297918823 4.324056165695458
-106.11555692978688 4.94883748745553
-108.17670088038551 4.462600195811526
-110.23784483098416 3.1060750586043264
-112.29898878158279 2.766865503012822
-114.36013273218144 2.2436895660859024
-116.42127668278009 1.9557619618362452
-118.48242063337872 -0.05583421714548686
-120.54356458397737 -1.0103034601994678
-122.604708534576 0.47087224015481455
-124.66585248517465 1.6665174938246892
-126.72699643577329 -0.6146276245970328
-128.7881403863719 -1.1131587539252399
-130.84928433697056 -1.4137993802297106
-132.9104282875692 -0.48922811694336177
-134.97157223816785 -2.070472586104855
-137.0327161887665 -1.9860789906038532
-139.09386013936515 -0.10647131666418551
-141.15500408996377 -1.6010284272678834
-143.21614804056242 -2.4930439318897895
-145.27729199116104 -1.979628679565303
-147.3384359417597 -0.008042030500028934
-149.39957989235833 -0.538479555370004
-151.46072384295698 -2.1178737366962666
-153.5218677935556 0.12948360736245723
-155.58301174415425 -0.8355881844525768
-157.6441556947529 -1.195109050900251
-159.70529964535154 0.1995897230422847
-161.76644359595016 -1.9670949401476119
-163.8275875465488 -0.7350830600169047
-165.88873149714746 -1.4965941838706247
-167.9498754477461 -1.5703627400471423
-170.01101939834473 -2.484686964596063
-172.07216334894338 -0.5413524333975235
-174.13330729954203 -1.0665453861611902
-176.19445125014067 -1.322825795526798
-178.25559520073932 0.4571658569668587
-180.31673915133794 -0.16398272349155996
-182.3778831019366 -1.0158860822859466
-184.4390270525352 0.3267584395115328
-186.5001710031339 0.4972149698254066
-188.5613149537325 -1.165293901159755
-190.62245890433115 -0.35768683979939736
-192.68360285492977 -2.266669179950394
-194.74474680552842 -2.692427052979083
-196.80589075612707 -0.29013799032748644
-198.8670347067257 -0.79823109143986
-200.9281786573243 0.48694041988328063
-202.989322607923 -1.231713207666886
-205.0504665585216 -0.8130424127631997
-207.11161050912025 0.5175849470269934
-209.17275445971887 -1.4504948638366535
-211.23389841031752 -1.0075078476108787
-213.2950423609162 0.5085798542519507
-215.35618631151482 -1.9105139958438586
-217.41733026211347 -0.6539674396699663
-219.4784742127121 -0.23017251103668737
-221.53961816331076 0.1652428312915488
-223.60076211390938 1.1971318953696757
-225.66190606450803 -0.14216713100855555
-227.72305001510665 -0.8351143026058286
-229.7841939657053 -0.4004752005277761
-231.84533791630395 -1.1824938864726742
-233.9064818669026 -0.2752896628974901
