# BEGINHEADER
# This file contains data from the SALSA 2m radio telescope.
# DATE=2024-04-12T07:31:0029
# GLON and GLAT given in degrees
# GLON=71.81024061022183
# GLAT=4.114226323428278
# DATA in two columns below. Col. 1 is velocity relative to LSR [km/s]. Col. 2 is uncalibrated antenna temperature [K].
# ENDHEADER
299.1588695842758 0.0892294581794249
297.0977256336772 -0.4912945777366621
295.03658168307857 0.04260281343255984
292.9754377324799 0.8279944302446213
290.91429378188127 -0.6477874342494391
288.8531498312826 0.6142423394025036
286.79200588068403 1.9247795703254567
284.7308619300853 2.2760058804918426
282.6697179794867 1.1189273732907317
280.6085740288881 4.698587964735867
278.54743007828944 8.108051870099636
276.48628612769073 -1.383315530468899
274.42514217709214 2.3087150033920762
272.3639982264935 -0.46109280123618207
270.3028542758949 0.3414518016447874
268.2417103252962 1.7730541148989287
266.18056637469755 1.2372463666706388
264.11942242409896 2.2429826181378596
262.0582784735003 1.9819659147533026
259.99713452290166 1.3395164887782598
257.935990572303 -0.0700603987339249
255.8748466217044 1.0748270612342636
253.81370267110574 -0.15418771042444332
251.7525587205071 2.2783697449640052
249.69141476990845 3.1037873796581112
247.6302708193098 1.973167369772575
245.56912686871118 1.675766452934524
243.50798291811253 1.6480964796916802
241.44683896751388 0.8710876823412106
239.38569501691524 1.9723382147096409
237.32455106631662 -0.0985558688921704
235.26340711571797 0.11613651103074453
233.20226316511935 -0.15749099465997082
231.14111921452067 0.7617555904083533
229.07997526392205 1.8096893338128581
227.0188313133234 0.515774722453805
224.95768736272478 0.8417957472635621
222.8965434121261 0.992203372622373
220.8353994615275 1.7217432531456764
218.77425551092884 0.41573264679892225
216.71311156033022 -0.5905833924001539
214.65196760973157 1.5109797210093217
212.5908236591329 0.3888559508223772
210.52967970853427 -0.36447899403737266
208.46853575793563 0.6658215550463205
206.407391807337 0.7217620107602415
204.34624785673836 1.7940036005319115
202.2851039061397 0.6391635291025146
200.22395995554106 -0.4799169666045151
198.16281600494244 0.6475656771521044
196.1016720543438 0.2593513848002597
194.04052810374515 2.185396101463725
191.9793841531465 0.8363123888442411
189.91824020254788 0.001474926957036338
187.85709625194923 -0.22907939424880663
185.7959523013506 2.404456583321604
183.73480835075193 0.8688086489001798
181.6736644001533 -1.6342118170264377
179.61252044955467 0.2638221482216818
177.55137649895605 1.8087815713871302
175.4902325483574 1.8187094190183495
173.42908859775872 -0.5837626093502768
171.3679446471601 -0.1701053952055661
169.30680069656145 -1.1283624383207602
167.24565674596283 -0.7499414205120146
165.18451279536418 0.0697449279836989
163.12336884476554 0.03511430255075685
161.0622248941669 -0.057056455386369415
159.00108094356827 -1.380524879237736
156.93993699296962 -1.7744129847873795
154.87879304237097 -1.3181993711736821
152.81764909177232 -0.5960334371976369
150.7565051411737 -0.773171311928628
148.69536119057506 -0.2980865805428541
146.63421723997644 -0.8370638783280177
144.57307328937776 -0.8138315759161859
142.51192933877914 -1.6270097251314959
140.4507853881805 -1.0461618903321948
138.38964143758187 -0.7203982509052087
136.32849748698322 -1.8645485627142242
134.26735353638455 -1.2415346807469327
132.20620958578593 -1.413166626956264
130.14506563518728 -0.8829009378341701
128.08392168458863 -1.0398651795399108
126.02277773399001 -1.8143368863855787
123.96163378339138 -2.402060775082038
121.90048983279273 -1.1830637556377326
119.8393458821941 -2.590896442008156
117.77820193159545 -2.3711997574681494
115.71705798099681 -2.287702249384891
113.65591403039815 -1.77126087669508
111.59477007979952 -1.088450072935332
109.53362612920088 -2.8443610555770236
107.47248217860223 -1.89909550367839
105.4113382280036 -0.4430516456613784
103.35019427740495 -1.530420449173382
101.28905032680632 -0.07592902440774939
99.22790637620767 -1.3562874834994234
97.16676242560902 -2.1365480273962203
95.10561847501039 -2.4995001932967353
93.04447452441174 -2.6035903445323885
90.9833305738131 -1.3856074104522809
88.92218662321447 -1.409985687587783
86.86104267261582 -3.0793444953779803
84.79989872201719 -3.2916785776391584
82.73875477141854 -2.889478208694628
80.67761082081991 -2.02775303517446
78.61646687022126 -3.809476619590206
76.55532291962261 -2.8379187200187905
74.49417896902398 -2.0673390625008863
72.43303501842533 -0.9969226374300629
70.3718910678267 -1.3904420760028227
68.31074711722805 -2.725959426193403
66.24960316662941 -2.952472675685284
64.18845921603078 -4.164428002543651
62.12731526543213 -2.2059675071660476
60.06617131483349 -2.276290853796555
58.00502736423485 -1.676093359079534
55.94388341363621 -2.498890531688745
53.882739463037574 -1.7680997017372635
51.82159551243893 -2.6889609144497504
49.76045156184029 -1.95611253626091
47.69930761124166 -0.24607538131872922
45.63816366064301 -2.126157990303019
43.57701971004437 0.1214600458423413
41.51587575944573 -2.1599258491850355
39.454731808847086 -0.605219007055605
37.39358785824845 -1.1511999876325973
35.33244390764981 -1.0881018296640084
33.27129995705117 0.812957132392748
31.210156006452525 0.5419776432652359
29.149012055853884 3.9313430980899877
27.087868105255247 7.083098400024631
25.026724154656605 7.658463134005858
22.96558020405796 14.788561277997939
20.90443625345932 19.06929212789035
18.843292302860682 25.593236557750764
16.78214835226204 33.73320898466083
14.7210044016634 42.980609932875254
12.659860451064759 51.810645801707814
10.598716500466116 59.740072882985615
8.537572549867477 73.18285144545179
6.476428599268836 81.81795122125159
4.415284648670195 85.22622438811028
2.3541406980715536 85.39283396589809
0.292996747472913 78.53947690545665
-1.768147203125728 67.58683367786348
-3.829291153724369 58.40615779279083
-5.890435104323009 48.91446366552376
-7.95157905492165 39.69701520892856
-10.012723005520291 31.981655491288446
-12.07386695611893 26.085545683444344
-14.135010906717572 23.384965591832362
-16.196154857316213 21.78834839736995
-18.257298807914854 20.083586473396046
-20.318442758513495 18.436879591732968
-22.379586709112132 15.858099626313379
-24.440730659710773 13.9905397931552
-26.501874610309418 12.687491909300606
-28.563018560908056 13.10181602261771
-30.624162511506697 12.570758931537247
-32.68530646210534 12.059799721985447
-34.74645041270398 10.650602985606184
-36.80759436330262 10.672228844275189
-38.86873831390126 8.521076924047307
-40.9298822644999 8.38311253947867
-42.99102621509854 8.387246578368808
-45.052170165697184 9.063079856924666
-47.11331411629582 9.977264165910801
-49.17445806689446 9.301966659522702
-51.235602017493115 10.907020053543512
-53.296745968091756 13.375834264584729
-55.3578899186904 14.271589925055455
-57.41903386928903 17.280789342085193
-59.48017781988767 18.752544793123565
-61.54132177048631 19.305548779055634
-63.602465721084954 22.725724024049743
-65.66360967168359 26.11660671592677
-67.72475362228224 29.172891171547928
-69.78589757288087 29.187122581912224
-71.84704152347952 32.61843783592552
-73.90818547407815 29.69584402751768
-75.9693294246768 25.532250527059333
-78.03047337527545 22.667989472317057
-80.09161732587408 17.546377838928993
-82.15276127647273 14.299919619955672
-84.21390522707136 9.608067981621923
-86.27504917767001 9.014193614745158
-88.33619312826865 8.499431531220715
-90.39733707886728 5.146817344678389
-92.45848102946593 3.465615061227356
-94.51962498006456 4.799552290502032
-96.58076893066321 4.320690392624182
-98.64191288126185 5.030499291498804
-100.70305683186048 6.159312600039657
-102.76420078245911 4.707646735049886
-104.82534473305776 6.234105298955565
-106.8864886836564 7.59159502603642
-108.94763263425504 5.974114922338462
-111.00877658485368 4.0073400594522885
-113.06992053545231 1.6919715093353251
-115.13106448605096 -0.17651119951476799
-117.1922084366496 -1.2237802098702575
-119.25335238724826 -2.5745049822078054
-121.31449633784689 -2.806866605318828
-123.37564028844554 -1.3542724072908978
-125.43678423904417 -1.811274435469359
-127.4979281896428 -4.232821381140681
-129.55907214024145 -3.256304851302045
-131.62021609084007 -2.938707070631268
-133.68136004143872 -3.025054372091524
-135.74250399203737 -1.8534452601320013
-137.80364794263602 -5.243591977312874
-139.86479189323467 -3.0952210822850765
-141.9259358438333 -3.7892767679262715
-143.98707979443193 -4.545172898284804
-146.04822374503058 -4.002815812332507
-148.10936769562923 -3.347927904018077
-150.17051164622785 -3.343628151745662
-152.2316555968265 -2.8380240614215153
-154.29279954742512 -4.071529095356553
-156.3539434980238 -2.6972886436688572
-158.41508744862242 -3.153757103043008
-160.47623139922106 -4.093672107068466
-162.53737534981968 -4.079976145055307
-164.59851930041836 -3.003107151998064
-166.65966325101698 -1.9184012202395293
-168.72080720161563 -2.0492823466025722
-170.78195115221425 -2.441672434918417
-172.8430951028129 -3.2131888762986067
-174.90423905341157 -3.9332393281567657
-176.9653830040102 -2.0441525730204995
-179.02652695460884 -0.9277671241781061
-181.08767090520746 -2.6740762563704883
-183.1488148558061 -3.128678966629348
-185.20995880640476 -1.3698094873026854
-187.2711027570034 -4.258790514518903
-189.33224670760202 -4.188003237746427
-191.39339065820067 -1.354120291893332
-193.45453460879932 -3.922198513461385
-195.51567855939797 -2.71654606864655
-197.5768225099966 -1.6327766602885356
-199.63796646059524 -2.1595980663420087
-201.69911041119386 -4.684923047815087
-203.76025436179253 -3.736230823184987
-205.82139831239115 -1.4853744077958888
-207.8825422629898 -2.4742299148833844
-209.94368621358842 -1.5211557132997613
-212.00483016418707 -3.2433546262406723
-214.06597411478575 -2.613531388344673
-216.12711806538437 -2.2558176925530256
-218.188262015983 -2.326623090215655
-220.24940596658163 2.434794186385219
-222.31054991718028 -0.32910490838166506
-224.37169386777893 -1.083582627295852
-226.43283781837758 -3.2114819538931823
