# BEGINHEADER
# This file contains data from the SALSA 2m radio telescope.
# DATE=2024-04-12T06:19:0029
# GLON and GLAT given in degrees
# GLON=62.876613550859474
# GLAT=0.1530486174383439
# DATA in two columns below. Col. 1 is velocity relative to LSR [km/s]. Col. 2 is uncalibrated antenna temperature [K].
# ENDHEADER
303.2900182474051 0.14314688868001027
301.22887429680645 -1.68649055552853
299.1677303462078 -0.8540671682749272
297.1065863956092 0.495953397992241
295.0454424450105 -1.200269115516865
292.98429849441186 -0.5001315224560302
290.92315454381327 -0.9677076389297846
288.8620105932146 1.1967811488680407
286.800866642616 -3.681377770758301
284.7397226920173 -0.37478087382924485
282.6785787414187 8.107381355186327
280.6174347908201 -3.013342592662058
278.5562908402214 0.21685314082330934
276.49514688962273 -1.626244221482071
274.43400293902414 -0.424693833724366
272.3728589884255 0.1830736115041789
270.31171503782684 -1.946226843724686
268.2505710872282 -2.9033605512773115
266.18942713662955 -1.4323947855136578
264.12828318603096 0.21463534917139068
262.06713923543225 -0.45802263433897455
260.0059952848336 -1.3391468500167503
257.944851334235 -1.4420808491098145
255.88370738363636 3.459248351701492
253.82256343303771 4.11306158284869
251.76141948243907 -1.7489123877768264
249.70027553184042 -0.7028596633994098
247.6391315812418 -0.8691320228403405
245.57798763064315 -2.4341758727546985
243.51684368004453 -1.2349506076598862
241.45569972944585 -1.3230158471124598
239.39455577884723 -1.4453904530814674
237.3334118282486 -1.029192476258551
235.27226787764997 -0.649129097538484
233.21112392705132 -1.7667779087304298
231.14997997645267 -0.27541397202176504
229.08883602585402 -1.1579718201932132
227.0276920752554 -0.014209449428429938
224.96654812465675 -1.100705807954432
222.9054041740581 -3.0085427391341297
220.84426022345946 -1.8750135025065118
218.7831162728608 -1.3799847840042314
216.7219723222622 -0.7761421087005481
214.66082837166354 -2.980390172111948
212.5996844210649 -1.665095776480593
210.53854047046624 -0.9646151637655827
208.47739651986763 -1.8063431225141229
206.41625256926898 0.07313835179099948
204.35510861867036 -2.75351062462407
202.29396466807168 -1.5335541132699946
200.23282071747306 0.24670678878225116
198.1716767668744 0.19584730941692083
196.1105328162758 -0.40212984178856026
194.04938886567712 -1.8431250732283115
191.9882449150785 -2.9216935125686696
189.92710096447985 -1.973435843048866
187.86595701388123 -2.599032355170426
185.80481306328258 -1.2103561707862356
183.74366911268393 -0.44898729302425383
181.68252516208528 -2.9391710702857043
179.62138121148664 -1.1243533813344013
177.56023726088802 -2.3025583986941367
175.49909331028937 -3.1617873145238704
173.43794935969072 -3.1697361893589604
171.37680540909207 -2.1668088324651964
169.31566145849345 -1.0607013196449868
167.2545175078948 -2.4400563862508644
165.19337355729616 -0.8097195855113081
163.1322296066975 -2.5713788320369804
161.0710856560989 -2.3014619523466586
159.00994170550024 -2.727763872378536
156.94879775490162 -3.5863650939361515
154.88765380430294 -3.8502193713058332
152.82650985370432 -2.457314665898512
150.76536590310567 -2.902761905460645
148.70422195250705 -2.7462253410638304
146.6430780019084 -2.7043439950941965
144.58193405130973 -2.646243013195919
142.5207901007111 -1.2927651716940867
140.45964615011246 -0.6229676985437617
138.39850219951384 -3.7452056043855353
136.3373582489152 -1.3927029434992455
134.27621429831655 -2.3575507749963727
132.2150703477179 -4.327391179021795
130.15392639711928 -2.5099310685491356
128.09278244652063 -1.3353376776250034
126.031638495922 -3.797312781956738
123.97049454532333 -2.5964065588779053
121.9093505947247 -2.9888614993977507
119.84820664412607 -4.7077721421494445
117.78706269352742 -3.7005577561203147
115.72591874292878 -2.5895302848853614
113.66477479233014 -2.807886261710951
111.6036308417315 -3.1599785885968363
109.54248689113287 -2.65091502378373
107.48134294053422 -2.8172215869869635
105.42019898993559 -5.418162119262709
103.35905503933694 -4.134778414485529
101.2979110887383 -3.190277030268091
99.23676713813965 -3.87615335812631
97.17562318754104 -2.785261824408074
95.11447923694239 -3.5951565680516158
93.05333528634375 -4.189316807966768
90.9921913357451 -4.194202486622634
88.93104738514647 -5.173546411827641
86.86990343454784 -4.278142158620391
84.80875948394917 -3.8457567731045055
82.74761553335054 -2.9243790462244155
80.68647158275189 -3.9240073445742625
78.62532763215326 -4.154078012157268
76.56418368155461 -4.458331363060394
74.50303973095598 -4.341821027780865
72.44189578035734 -3.6084022049869255
70.3807518297587 -4.3769533535023095
68.31960787916006 -3.4809935771421756
66.25846392856141 -2.784378901637865
64.19731997796278 -3.580260604073802
62.13617602736414 -3.897048920019972
60.075032076765496 -0.9890943374684805
58.013888126166854 -2.993892052435315
55.952744175568206 -2.2589155498758955
53.89160022496957 -3.166701959707356
51.83045627437093 -2.029312476081266
49.76931232377229 -2.175934374258501
47.70816837317364 0.2333632415693027
45.647024422575 2.0281699702816076
43.58588047197637 3.1508460577517274
41.524736521377726 8.366784570917794
39.463592570779085 8.640029661095847
37.402448620180444 15.480092024965092
35.341304669581795 18.602674808667803
33.280160718983154 26.754152066101714
31.219016768384517 35.31421545755071
29.157872817785876 46.36249421995661
27.096728867187235 58.23451361167876
25.035584916588597 68.81315093120286
22.974440965989956 76.97426474148116
20.91329701539131 81.35524499683737
18.852153064792674 84.96635092345525
16.791009114194033 91.35443145524427
14.729865163595392 97.74657213522926
12.66872121299675 100.70237405900059
10.607577262398111 108.23072390198378
8.546433311799468 111.27494529631375
6.485289361200828 107.49180080204768
4.424145410602188 91.96286298599811
2.363001460003547 80.03916257675556
0.3018575094049064 69.75294049705612
-1.7592864411937343 55.50931574768696
-3.820430391792375 45.73235296183669
-5.881574342391016 39.13919190702297
-7.942718292989658 34.009261546056514
-10.003862243588298 31.657114795780092
-12.065006194186939 29.142575530087655
-14.12615014478558 30.08764653438065
-16.18729409538422 24.547613289492702
-18.248438045982862 20.85609039899568
-20.309581996581503 17.390113746610076
-22.37072594718014 13.236591556246717
-24.431869897778782 9.97068048685854
-26.493013848377426 10.378435934837556
-28.554157798976064 6.342371138745848
-30.615301749574705 8.155757465602143
-32.676445700173346 5.211235706594625
-34.73758965077199 4.278616132049691
-36.79873360137063 4.383277185590487
-38.85987755196926 4.922773697100445
-40.92102150256791 8.291239754392288
-42.98216545316655 9.506582178427402
-45.04330940376519 8.588101604574671
-47.104453354363834 10.318689455683558
-49.165597304962475 12.991133957532385
-51.22674125556111 16.846608712879416
-53.28788520615975 19.34557332171124
-55.34902915675839 21.774280111144833
-57.410173107357025 29.84229906964613
-59.471317057955666 34.96264844686703
-61.532461008554314 37.23544563279777
-63.593604959152955 40.74441035191214
-65.65474890975159 41.80383260224834
-67.71589286035022 42.30005000449636
-69.77703681094889 38.496514840722305
-71.83818076154752 34.28389176516368
-73.89932471214617 27.938911131214546
-75.9604686627448 22.73295194070163
-78.02161261334344 18.40515336099514
-80.08275656394208 14.041272947705359
-82.14390051454072 10.425616560972758
-84.20504446513937 9.615308317947486
-86.266188415738 7.137945424669788
-88.32733236633665 5.494069805061358
-90.38847631693528 3.3501013206402286
-92.44962026753392 1.6237592841650585
-94.51076421813256 1.2648945258346975
-96.5719081687312 1.4204311118144228
-98.63305211932985 -0.32487006309110245
-100.6941960699285 -0.5013128277001131
-102.75534002052713 1.3542412258846628
-104.81648397112578 -0.8072893363974111
-106.87762792172441 -0.5531836335244673
-108.93877187232307 -2.314858668750059
-110.99991582292171 -2.8079632772960528
-113.06105977352034 -2.642772642635905
-115.12220372411899 -4.685922064976191
-117.18334767471762 -3.6720688722064234
-119.24449162531627 -4.059218180341964
-121.3056355759149 -2.4884977491022395
-123.36677952651355 -3.0353558538072365
-125.42792347711219 -3.270983783754988
-127.48906742771082 -2.4164089763039542
-129.55021137830948 -0.6939274142701684
-131.6113553289081 -1.7663307775810277
-133.67249927950675 -2.1040341591601184
-135.7336432301054 -3.0263238595024715
-137.79478718070405 -2.9727931987750704
-139.85593113130267 -4.573212326060849
-141.91707508190132 -3.538948305823868
-143.97821903249994 -1.5826339943027066
-146.0393629830986 -4.823820129305927
-148.10050693369723 -3.6848232961032266
-150.16165088429588 -3.229394000749263
-152.2227948348945 -2.945006590366552
-154.28393878549315 -0.3367584738062452
-156.3450827360918 -1.820094544834369
-158.40622668669045 -2.4737204490346176
-160.46737063728906 -1.589814131173546
-162.5285145878877 -5.0452497888838534
-164.58965853848636 -1.8371040531039695
-166.650802489085 -2.243827741897185
-168.71194643968366 -3.438813890294866
-170.77309039028228 -2.9349291918827705
-172.83423434088093 -3.420719268867476
-174.89537829147957 -3.736149103792604
-176.95652224207822 -3.5345373964191045
-179.01766619267684 -1.586396653133116
-181.0788101432755 -2.3871390879339267
-183.1399540938741 -1.5241053009816958
-185.2010980444728 -3.6979409671894987
-187.2622419950714 -0.5158336936992748
-189.32338594567005 -3.1968898417987655
-191.38452989626867 -4.300903474810535
-193.44567384686735 -2.232522232962185
-195.50681779746597 -3.062914513939554
-197.56796174806462 -2.669367711305846
-199.62910569866324 -0.9254287763699793
-201.6902496492619 -1.0786798789763004
-203.75139359986056 -3.1112523288401706
-205.81253755045918 -3.9061134125747374
-207.87368150105783 -3.1715424345323564
-209.93482545165645 -1.7023037599509447
-211.9959694022551 -0.4928902648046323
-214.05711335285375 -2.8182656562713104
-216.1182573034524 1.0470503448247885
-218.17940125405102 -2.149737229693022
-220.24054520464966 -2.157566868620958
-222.30168915524828 -1.4012438753976892
