# BEGINHEADER
# This file contains data from the SALSA 2m radio telescope.
# DATE=2024-04-09T13:25:0008
# GLON and GLAT given in degrees
# GLON=129.86446855654205
# GLAT=-0.15102632303374713
# DATA in two columns below. Col. 1 is velocity relative to LSR [km/s]. Col. 2 is uncalibrated antenna temperature [K].
# ENDHEADER
258.74493692412074 -0.5559249976011684
256.6837929735221 -2.545367679994567
254.62264902292347 -3.4790021724139444
252.5615050723248 -1.9151323686921755
250.50036112172617 -3.413473860215223
248.43921717112752 -3.6495913070009522
246.3780732205289 -3.4019813990173295
244.31692926993026 -2.483224613749106
242.2557853193316 -3.805198362026838
240.19464136873296 -2.5931938716153042
238.13349741813434 -0.8906648454870871
236.0723534675357 -1.785491626805095
234.01120951693707 -1.1315101136401349
231.9500655663384 -1.9118121417406142
229.88892161573978 -4.0303321361147555
227.82777766514113 -1.801015692230787
225.7666337145425 -3.3984043899831757
223.70548976394383 -4.696842451184732
221.6443458133452 -3.0421196213413233
219.58320186274656 -2.398934609552455
217.52205791214791 -3.7214104369627456
215.4609139615493 -2.447762573602261
213.39977001095062 -3.2227683977403117
211.338626060352 -1.265576296796764
209.27748210975335 -2.783176593687523
207.21633815915473 -3.4665022350178636
205.15519420855608 -2.791658022502317
203.09405025795743 -2.5002176991626106
201.0329063073588 -1.987836688196691
198.97176235676017 -2.3815242982999467
196.9106184061615 -2.6097370782593337
194.84947445556287 -3.0172099994276453
192.78833050496422 -4.116050281337547
190.72718655436557 -3.0486443677147146
188.66604260376693 -3.474313376657535
186.6048986531683 -2.7514783439700974
184.54375470256966 -2.229323795648796
182.482610751971 -0.14766909412505516
180.42146680137236 -2.8175732794860693
178.3603228507737 -3.0879147897943495
176.2991789001751 -2.649217344106156
174.23803494957644 -2.84116112275789
172.1768909989778 -1.2792900048762346
170.11574704837915 -1.92420169612866
168.05460309778053 -2.4707662786114564
165.99345914718188 -1.2831594499677978
163.93231519658326 -2.4731319303029826
161.87117124598458 -1.6647043961044041
159.81002729538596 -2.9525740027344196
157.74888334478732 -2.0076325115780818
155.6877393941887 -3.07155760938752
153.62659544359002 -1.5556659789044218
151.5654514929914 -2.0913960984115314
149.50430754239275 -1.5024408104012306
147.44316359179413 -1.0402709187299168
145.38201964119548 -2.2084335971696665
143.3208756905968 -2.3051461228171184
141.2597317399982 -3.597554055236934
139.19858778939954 -1.536837207040454
137.13744383880092 -2.287398205207226
135.07629988820227 -2.6845910789527645
133.01515593760362 -2.412343830409404
130.95401198700498 -2.6143418640883054
128.89286803640636 -1.947146570868622
126.8317240858077 -1.735538232165942
124.77058013520907 -1.9608198057041213
122.70943618461042 -2.2421454584681904
120.64829223401178 -1.1559786391794913
118.58714828341314 -0.8008607304593899
116.5260043328145 -3.525414291145664
114.46486038221586 0.07689847878290679
112.40371643161721 -1.0539898047844174
110.34257248101858 -0.9224681901162649
108.28142853041994 -2.060004096410022
106.2202845798213 -2.3123821137552727
104.15914062922266 -2.2176458510885935
102.09799667862401 -1.7594210676666033
100.03685272802538 -1.8661428316641506
97.97570877742673 -2.5497307774702724
95.9145648268281 -2.068607936387245
93.85342087622946 -1.7378772001362417
91.79227692563082 -0.7557960335036243
89.73113297503218 -0.479499937967288
87.66998902443353 -1.1764492876493617
85.6088450738349 -0.9026889731251074
83.54770112323624 -1.3841523254808126
81.4865571726376 -0.9606824940607379
79.42541322203897 -2.113150254196852
77.36426927144032 -0.5038647493218872
75.30312532084169 -0.8100231946815075
73.24198137024304 -1.2324759668924907
71.1808374196444 -1.8652586766893575
69.11969346904577 -1.8815525210556092
67.05854951844712 -0.4495114642412839
64.99740556784847 -2.4709657256669515
62.93626161724984 -1.3266735431381664
60.87511766665121 -2.5517202350243604
58.813973716052566 -1.7567197773879255
56.752829765453924 0.026295728993932094
54.691685814855276 -0.22657332865084556
52.630541864256635 -0.7825560361086813
50.569397913657994 -1.1073512670257384
48.50825396305936 -1.5803246824276846
46.44711001246072 -0.74629735090382
44.38596606186208 -2.488068429671712
42.32482211126344 0.4308826476058854
40.263678160664796 -1.2808110934777166
38.202534210066155 0.8945194296252564
36.14139025946751 -2.238937864875048
34.08024630886887 0.6839297277102312
32.01910235827023 0.2524666580346485
29.95795840767159 -0.4226741442395387
27.89681445707295 0.5630486994996002
25.835670506474308 0.7219979055797963
23.77452655587567 0.3057001579017062
21.713382605277033 0.418911047153169
19.65223865467839 1.49630002441322
17.591094704079747 -2.417760339593681
15.529950753481108 2.1994357212861653
13.468806802882467 2.9627508665497366
11.407662852283826 4.874631636689052
9.346518901685183 8.16043491638354
7.285374951086543 12.589183232640794
5.224231000487903 24.07548352786321
3.163087049889262 42.7709817619421
1.1019430992906212 53.35132140266607
-0.9592008513080197 57.56389699209377
-3.02034480190666 58.78924230125667
-5.081488752505301 56.390197169306646
-7.142632703103942 60.2945772451469
-9.203776653702581 60.59156212136605
-11.264920604301224 60.714788187027125
-13.326064554899864 58.851625663240526
-15.387208505498505 51.589836156579466
-17.448352456097147 44.748894251315235
-19.509496406695785 37.66219096993651
-21.570640357294426 31.93428665070729
-23.631784307893067 29.07479987642045
-25.69292825849171 28.969604852469967
-27.754072209090353 31.495412925624933
-29.815216159688994 30.264411831233968
-31.87636011028763 33.256886046473696
-33.937504060886276 40.43425247284565
-35.99864801148491 45.82975831857715
-38.05979196208355 52.27235654673179
-40.12093591268219 59.784100381848546
-42.18207986328084 60.40373731195514
-44.24322381387948 62.59920285650942
-46.30436776447812 66.20007062270183
-48.36551171507676 68.37541028299634
-50.4266556656754 68.56028623509387
-52.48779961627404 69.14091311095866
-54.54894356687268 69.93626723704799
-56.61008751747132 67.10224520285483
-58.67123146806996 61.979206408505505
-60.73237541866861 56.917801760253106
-62.793519369267244 51.27001604364627
-64.85466331986588 44.55932161179283
-66.91580727046453 37.83281899629845
-68.97695122106316 34.72290539361191
-71.03809517166181 27.785349787190988
-73.09923912226046 23.555769540852552
-75.16038307285909 21.803235626769286
-77.22152702345774 22.75658027533423
-79.28267097405637 21.527075708618064
-81.34381492465502 20.27829078773733
-83.40495887525366 20.32546376324422
-85.46610282585229 18.90415441331127
-87.52724677645094 17.46773699492281
-89.58839072704957 16.989444392239907
-91.64953467764822 16.192551381845664
-93.71067862824685 17.860761005193293
-95.7718225788455 15.076738946557793
-97.83296652944414 13.660631142424343
-99.89411048004277 11.288160465272655
-101.95525443064142 12.94379268328096
-104.01639838124005 9.9957812797393
-106.0775423318387 6.378511105953777
-108.13868628243733 5.084681700556101
-110.199830233036 4.2102974069726296
-112.26097418363463 3.765614570203289
-114.32211813423326 0.8041773095881023
-116.38326208483191 -0.27895306497386674
-118.44440603543055 -0.7804666144593876
-120.5055499860292 -0.365331328671438
-122.56669393662783 -0.844227764680446
-124.62783788722646 -1.194453552709299
-126.68898183782511 -2.004616822718753
-128.75012578842376 -1.2818900009805825
-130.8112697390224 -2.743544342866146
-132.87241368962103 -1.9703887296160103
-134.93355764021968 -1.5331230520699417
-136.99470159081832 -3.0465923880501573
-139.05584554141697 -2.2698094746952453
-141.1169894920156 -2.4044857146180854
-143.17813344261424 -3.707764411213839
-145.23927739321286 -3.604270267075026
-147.30042134381154 -2.344855318313505
-149.36156529441016 -1.3599572733608656
-151.4227092450088 -3.4732178137837435
-153.48385319560742 -2.5120406328633806
-155.54499714620607 -4.952081483687646
-157.60614109680472 -3.0238521103628435
-159.66728504740337 -2.9630351734675946
-161.728428998002 -5.070946278363611
-163.78957294860064 -0.633581152612081
-165.85071689919926 -2.105681168248042
-167.91186084979793 -1.4857302651095914
-169.97300480039658 -2.0970669542554345
-172.0341487509952 -1.4476456039865082
-174.09529270159385 -1.4110774015289271
-176.1564366521925 -2.2854567100594996
-178.21758060279114 -2.005779859397467
-180.27872455338976 -1.5752658092771152
-182.3398685039884 -1.5134007295589524
-184.40101245458703 -1.6541938326792045
-186.4621564051857 -1.9020447927855622
-188.52330035578433 -3.4773774479522523
-190.58444430638298 -3.5821350768920466
-192.6455882569816 -2.3323942733749288
-194.70673220758025 -3.117211851930123
-196.7678761581789 -2.2685728514664047
-198.8290201087775 -2.3551594566642877
-200.89016405937613 -1.4066820484171705
-202.9513080099748 -3.2135989011634756
-205.01245196057343 -2.237588060793599
-207.07359591117208 -0.876278019916812
-209.13473986177073 -1.2896868191202557
-211.19588381236935 -2.3058595111977502
-213.25702776296802 -2.171603988135359
-215.31817171356664 -3.1499890241509783
-217.3793156641653 -0.5863029026061645
-219.4404596147639 -1.0031485425684399
-221.50160356536256 -2.4265935970776655
-223.5627475159612 -2.6704062573174596
-225.62389146655985 -2.211587592464051
-227.68503541715847 -3.1179949975004746
-229.74617936775712 -2.5618309669906703
-231.80732331835577 -1.7068587388179037
-233.86846726895442 -1.593635520614795
-235.92961121955304 -3.215715148916059
-237.9907551701517 -4.436287761419004
-240.0518991207503 -3.6051838843662454
-242.11304307134898 -1.2225022924596711
-244.1741870219476 -2.3733190368600288
-246.23533097254625 -3.0864638907121935
-248.2964749231449 -3.379885674228547
-250.35761887374352 -3.6119044671668368
-252.4187628243422 -2.723386984483809
-254.47990677494082 -3.7394185862425076
-256.54105072553944 -2.6599523500853435
-258.6021946761381 -3.1467429167598455
-260.66333862673673 -2.2558146296255215
-262.7244825773354 -3.769242968611293
-264.78562652793397 -3.0184201443092493
-266.8467704785327 -2.6577435907428137
