# BEGINHEADER
# This file contains data from the SALSA 2m radio telescope.
# DATE=2024-04-05T10:11:0033
# GLON and GLAT given in degrees
# GLON=44.815785794746304
# GLAT=0.24526047247661975
# DATA in two columns below. Col. 1 is velocity relative to LSR [km/s]. Col. 2 is uncalibrated antenna temperature [K].
# ENDHEADER
308.1738409376649 -1.2681566863780003
306.1126969870663 -1.2323628804660647
304.0515530364676 -0.5646252153222828
301.990409085869 0.2699077755962712
299.9292651352704 0.12234352761024735
297.86812118467174 -1.521493680580305
295.80697723407303 -1.2993356162263154
293.74583328347444 -0.0741472687177994
291.6846893328758 -1.1686314570784901
289.6235453822771 -1.12620911042266
287.5624014316785 0.20786626358168106
285.50125748107985 1.092694052425758
283.44011353048126 -0.31993650696280057
281.37896957988255 0.36986130524111754
279.3178256292839 1.2734732883452384
277.2566816786853 1.085343041571538
275.19553772808666 -0.5401627191821143
273.134393777488 1.638060828640697
271.07324982688937 1.7796368100873927
269.0121058762907 1.672635119778543
266.9509619256921 1.1384604794079576
264.8898179750934 0.5092033668408904
262.82867402449483 -0.6141488931359117
260.7675300738962 -0.9175247747017767
258.70638612329753 0.38884956926453434
256.6452421726989 0.2507331813088982
254.58409822210024 1.5861037550467831
252.52295427150162 -0.4310849535243505
250.46181032090297 1.7425340874705555
248.40066637030432 1.4566270346443928
246.33952241970567 0.5198887353207228
244.27837846910703 0.032445999752969495
242.2172345185084 2.117820458818822
240.15609056790976 -0.04106292393818928
238.09494661731114 -1.2618701450182412
236.03380266671246 0.9404827003437809
233.97265871611384 0.4164671495211451
231.9115147655152 1.764522308908752
229.85037081491657 1.1843858756408612
227.78922686431792 1.280474681532883
225.72808291371928 0.7118495610439786
223.66693896312063 0.4038922456784327
221.605795012522 1.0633259240446309
219.54465106192336 0.07280439376293232
217.48350711132474 1.7187858601183355
215.42236316072606 1.9425741185387195
213.36121921012744 -1.6958407848096766
211.3000752595288 0.490445542467976
209.23893130893015 0.17327411345939275
207.1777873583315 -0.7714293620035442
205.11664340773285 0.8671445223839421
203.05549945713423 0.9522633847435058
200.99435550653558 -0.6706961145689582
198.93321155593696 -0.8458969016594963
196.8720676053383 -0.8358430035928567
194.81092365473967 -1.9498427218792462
192.74977970414102 0.3289960046148468
190.6886357535424 -1.4469455101309994
188.62749180294375 -1.6279788882543795
186.5663478523451 -0.6097275214892791
184.50520390174646 -0.026188784826738414
182.44405995114784 0.9523479070653691
180.3829160005492 -0.3670317547431102
178.32177204995054 -0.16350832051553027
176.2606280993519 0.5106199148777087
174.19948414875327 0.1750567888586203
172.13834019815462 0.43000279853014545
170.07719624755597 0.5908759004282003
168.01605229695733 -2.0134168110935895
165.95490834635868 -0.26444125503936583
163.89376439576006 -0.722097683030937
161.8326204451614 -1.5759665667641922
159.7714764945628 -0.8042637767994785
157.7103325439641 -1.8341477872372947
155.6491885933655 -0.4112119580981213
153.58804464276685 -2.134569212547623
151.52690069216823 -1.7861144043073258
149.46575674156955 -0.4775394072468881
147.40461279097093 0.4657755388404915
145.34346884037228 -1.2698824191225853
143.28232488977366 -0.588877399656827
141.221180939175 -0.8610209510358421
139.16003698857637 -1.2945989400672027
137.09889303797772 -1.3418885927973014
135.0377490873791 0.29037964089503093
132.97660513678045 -0.13674209954864527
130.9154611861818 0.2581290196234992
128.85431723558315 1.3494395232549194
126.79317328498452 1.0882701603001403
124.73202933438589 0.543571456093591
122.67088538378724 1.001372690224728
120.6097414331886 1.100181751519917
118.54859748258997 -0.7551729808901944
116.48745353199132 0.5083753530014601
114.42630958139269 -0.8652085166975859
112.36516563079402 -0.7237614590985777
110.30402168019539 0.24237677882885958
108.24287772959674 0.052500077643486624
106.18173377899811 -0.894792687114841
104.12058982839947 -1.2580506445030009
102.05944587780083 0.025875314435738168
99.99830192720219 -0.41111294836786916
97.93715797660356 -1.121131497884226
95.87601402600492 -0.16174153882426176
93.81487007540628 1.316219462672047
91.75372612480764 1.4765613560846556
89.692582174209 1.797182115665446
87.63143822361036 0.83472140051015
85.57029427301173 2.226773050413419
83.50915032241308 2.4435992486272733
81.44800637181444 6.075739187846652
79.3868624212158 6.703272088757012
77.32571847061716 13.304204146174806
75.26457452001851 17.913685323919943
73.20343056941987 25.28939566264856
71.14228661882123 33.280472506159015
69.08114266822258 41.8062229880956
67.01999871762395 50.47320384491636
64.95885476702531 58.5587361266426
62.89771081642667 64.6687769176291
60.836566865828026 69.71781874839158
58.775422915229385 72.28221785923395
56.71427896463074 71.68928420917482
54.6531350140321 73.24780775439959
52.59199106343346 73.28345284933908
50.53084711283483 67.9137952301189
48.469703162236186 67.44068273776897
46.408559211637545 63.62221923654978
44.3474152610389 57.075192697638755
42.286271310440256 59.519204271224886
40.225127359841615 58.96530601483403
38.16398340924298 52.984491793146056
36.10283945864434 54.41791099730339
34.0416955080457 54.38894276722118
31.980551557447058 55.552001499257315
29.919407606848413 60.120626594205746
27.858263656249772 63.5816421294279
25.797119705651134 68.18560182377577
23.735975755052493 72.48398850754144
21.674831804453852 71.90248299494654
19.61368785385521 68.67969446298669
17.55254390325657 68.65717429134847
15.49139995265793 62.21210773558346
13.430256002059288 63.22508177729898
11.369112051460649 63.60589869817487
9.307968100862007 71.63813574452054
7.246824150263366 62.47601782389621
5.185680199664724 56.99872211969554
3.124536249066084 58.555854437693505
1.0633922984674438 45.5915727710498
-0.9977516521311971 26.93228870231838
-3.0588956027298377 17.71168445161237
-5.120039553328479 11.471372374605235
-7.1811835039271195 7.543028308512111
-9.242327454525759 7.909204622036434
-11.303471405124402 6.687055551797007
-13.364615355723041 8.105561848245644
-15.425759306321682 7.73367742927182
-17.486903256920325 6.649758330464252
-19.548047207518966 7.2268140839078665
-21.609191158117603 7.171957763641605
-23.670335108716245 7.50747654842409
-25.731479059314886 8.284652547158926
-27.792623009913527 11.726943358114589
-29.853766960512168 14.878736886342427
-31.91491091111081 15.406953174753202
-33.97605486170945 17.276744356809758
-36.03719881230809 20.378747036438902
-38.09834276290673 22.415366487664087
-40.15948671350537 23.16942912871708
-42.220630664104014 24.770469802822063
-44.281774614702655 26.168337440254046
-46.34291856530129 27.735459216767243
-48.40406251589993 25.44600014639403
-50.46520646649857 27.817153887326388
-52.52635041709722 26.25510306207118
-54.58749436769586 27.786098592983816
-56.6486383182945 26.8607970372019
-58.709782268893136 25.093765566076108
-60.77092621949178 21.689241433538996
-62.83207017009042 17.629733255896276
-64.89321412068907 15.753023165638293
-66.9543580712877 12.019244849301947
-69.01550202188633 9.45504755159521
-71.07664597248498 7.49119041224189
-73.13778992308362 5.146588923834021
-75.19893387368226 4.350529236954426
-77.2600778242809 3.126613006069632
-79.32122177487955 0.6726438064970257
-81.3823657254782 -0.31252721931924965
-83.44350967607683 -0.4104403444059466
-85.50465362667548 0.20837609168085533
-87.56579757727411 -2.2870647875712127
-89.62694152787276 -1.0855590685071852
-91.6880854784714 -1.3785469233174523
-93.74922942907003 -2.8513075003299044
-95.81037337966868 -2.097752121945705
-97.87151733026731 -3.4010348745833263
-99.93266128086597 -2.6860081119470243
-101.9938052314646 -1.981185912269407
-104.05494918206324 -3.4460754861345784
-106.11609313266189 -2.772315197623897
-108.17723708326052 -2.659121077334082
-110.23838103385917 -4.088926569293041
-112.2995249844578 -2.664858666565187
-114.36066893505644 -3.2922164798554743
-116.42181288565509 -3.987364535231844
-118.48295683625372 -2.781159130497855
-120.54410078685238 -1.5492977537514443
-122.60524473745102 -2.155272288270035
-124.66638868804966 -2.085665509452108
-126.7275326386483 -1.335139944461292
-128.78867658924693 -4.020301140855315
-130.84982053984558 -3.4971361529996754
-132.91096449044423 -4.742930335201891
-134.97210844104285 -2.076952737291706
-137.0332523916415 -4.103603603946028
-139.09439634224015 -3.357853948850313
-141.1555402928388 -2.3449253073777947
-143.21668424343744 -3.548947396851223
-145.27782819403606 -4.039432109081345
-147.3389721446347 -2.492358418649966
-149.40011609523333 -3.0547548629358388
-151.461260045832 -2.8946093470424046
-153.52240399643063 -2.2130449023128125
-155.58354794702927 -3.8604391080667955
-157.6446918976279 -3.2905213145834318
-159.70583584822654 -3.84804236143275
-161.7669797988252 -4.85801606971731
-163.82812374942384 -1.3663046573601134
-165.88926770002246 -3.252850451611109
-167.9504116506211 -2.952787735126028
-170.01155560121973 -2.3528991329105073
-172.0726995518184 -1.3598012773508013
-174.13384350241702 -2.685031786714802
-176.19498745301567 -3.703255667259664
-178.25613140361432 -1.8928882138309555
-180.31727535421297 -3.574937087948502
-182.37841930481162 -1.2889050763499723
-184.43956325541023 -2.586138713207847
-186.50070720600888 -3.90591547523179
-188.5618511566075 -3.389291002203171
-190.62299510720618 -3.6544235319204352
-192.6841390578048 -2.6806556978027833
-194.74528300840345 -0.714747149619431
-196.80642695900207 -3.5004411976851157
-198.86757090960072 -1.4553772088823316
-200.92871486019936 -2.6230762544252046
-202.989858810798 -1.9681264882111666
-205.05100276139663 -2.3704879708738256
-207.11214671199528 -3.9561288191401767
-209.17329066259393 -3.0330739723989297
-211.23443461319258 -1.0665173491999662
-213.2955785637912 -2.190508358592255
-215.35672251438984 -1.8696829985135859
-217.4178664649885 -3.3859357309648406
