# BEGINHEADER
# This file contains data from the SALSA 2m radio telescope.
# DATE=2024-04-05T10:14:0028
# GLON and GLAT given in degrees
# GLON=49.821452413418555
# GLAT=0.19786912327963166
# DATA in two columns below. Col. 1 is velocity relative to LSR [km/s]. Col. 2 is uncalibrated antenna temperature [K].
# ENDHEADER
307.0262357067215 0.05020272096238042
304.96509175612283 -0.1653121057403717
302.90394780552424 -0.07830282127182112
300.8428038549256 -0.1419756125972663
298.7816599043269 1.187002016327435
296.7205159537283 0.15981711332691365
294.65937200312965 0.012669442803879704
292.598228052531 0.6086651550495621
290.53708410193235 -0.2895862738347434
288.4759401513337 2.5148273927501763
286.4147962007351 1.8083071732701435
284.3536522501364 2.5367106484319843
282.2925082995378 2.4565011772023038
280.23136434893917 1.9349660265894029
278.1702203983405 1.3447999285692245
276.10907644774187 0.6841018841038131
274.0479324971432 -0.901305653758089
271.98678854654463 1.206994185572729
269.925644595946 1.6747532934119411
267.8645006453473 2.1635892341403893
265.8033566947487 2.0613857513097487
263.74221274415004 1.8365554510745727
261.6810687935514 2.2641118493200802
259.61992484295274 3.979209736056704
257.5587808923541 2.4113464259782473
255.49763694175545 0.3586489903552141
253.43649299115683 1.8667447641181576
251.37534904055818 0.9166024140357686
249.31420508995956 0.8299784832928088
247.2530611393609 -0.49848299813022295
245.19191718876226 0.30619952045736587
243.1307732381636 0.6575290825967975
241.069629287565 0.5091297581581751
239.00848533696634 -0.478838059949238
236.9473413863677 1.7814852308149955
234.88619743576905 1.371564582338753
232.82505348517043 0.142882466238627
230.76390953457178 0.0074971342351046934
228.70276558397316 1.7152305916561112
226.64162163337448 1.8481410460793743
224.58047768277586 1.5613836586929242
222.51933373217722 0.8348095941079701
220.4581897815786 0.25826104924990134
218.39704583097995 1.5575934579677664
216.33590188038127 2.4607069826264865
214.27475792978265 0.2190578524608602
212.213613979184 -0.94087008233434
210.15247002858538 0.8535366888199016
208.0913260779867 0.05637042903486771
206.0301821273881 0.8006049818715201
203.96903817678944 1.286966917202263
201.90789422619082 1.6733285008053598
199.84675027559217 1.5586048421830412
197.78560632499355 0.27641544562774745
195.7244623743949 -0.26221473314881844
193.66331842379628 1.3754954721035977
191.60217447319764 1.2030463634389779
189.541030522599 2.380187440235689
187.47988657200034 1.9548206228080625
185.41874262140172 0.8211740909545566
183.35759867080307 0.96933237532088
181.29645472020442 -0.13540129798148626
179.23531076960577 -0.7486194454955433
177.17416681900713 0.4474815602816099
175.1130228684085 -1.3554686574319303
173.05187891780986 0.6840685792695969
170.9907349672112 0.16285826359441094
168.92959101661256 2.8042391949081233
166.86844706601394 2.0251193209826717
164.8073031154153 1.3903880143138718
162.74615916481667 1.3872855798581505
160.685015214218 0.9805341732986079
158.62387126361938 0.9447658937819591
156.56272731302073 1.060142937354115
154.5015833624221 0.9869436059159845
152.44043941182343 -1.2392548693408036
150.3792954612248 1.0859433171284258
148.31815151062617 0.19522229611972064
146.25700756002755 1.8895531640543048
144.1958636094289 2.3531376745299695
142.13471965883022 0.45228310684483697
140.0735757082316 0.2502111867734805
138.01243175763295 1.1691043727944768
135.95128780703433 1.0556619585997769
133.89014385643569 0.3378908818788626
131.82899990583704 0.13189454394884778
129.7678559552384 1.4327670237609358
127.70671200463977 2.082139327111219
125.64556805404112 2.615856476381181
123.58442410344249 -1.8384771678406155
121.52328015284384 0.699138165555864
119.46213620224519 1.865562943346794
117.40099225164656 -1.1270795261411322
115.33984830104791 0.41947859575001645
113.27870435044927 -1.0397862911473574
111.21756039985063 -0.3847535928223008
109.15641644925199 0.35811259304136206
107.09527249865336 0.014885785156168334
105.03412854805471 0.07979323039045651
102.97298459745608 1.6626698278521372
100.91184064685743 0.3416817720496168
98.8506966962588 -0.06519782114996314
96.78955274566015 0.2964534636116951
94.72840879506151 2.4750984830947593
92.66726484446288 0.9513320805744913
90.60612089386423 0.8048002453293678
88.5449769432656 0.22508836145052294
86.48383299266695 2.073711216278022
84.42268904206831 2.347440626235176
82.36154509146967 2.55579112716499
80.30040114087102 3.9059532462751907
78.23925719027238 4.402292086333281
76.17811323967373 7.6824690267748945
74.1169692890751 9.06603850411294
72.05582533847645 12.50510722413885
69.99468138787782 18.960363367174036
67.93353743727918 25.19011910833807
65.87239348668054 33.90251490092935
63.811249536081895 42.106010804556945
61.75010558548326 48.54309869608132
59.68896163488462 54.99801629674297
57.62781768428598 57.67274097777519
55.56667373368734 66.46906387935846
53.50552978308869 70.67751352714379
51.44438583249005 74.78439948327029
49.38324188189141 74.57208089535389
47.32209793129277 73.74025553772144
45.260953980694126 72.60466837842921
43.199810030095485 64.65078239752754
41.13866607949684 64.0061195388036
39.0775221288982 60.39660685894369
37.01637817829957 56.75386368955777
34.95523422770092 55.079311828767544
32.89409027710228 54.06504115235053
30.83294632650364 55.252032909200466
28.771802375904997 54.749414398074855
26.71065842530636 57.628610514064604
24.64951447470772 66.94112255222852
22.588370524109077 71.5015753524975
20.527226573510433 69.07307338928503
18.466082622911795 68.30626285738256
16.404938672313154 68.1894342780781
14.343794721714515 72.97172149696996
12.282650771115874 80.47538206748051
10.221506820517234 88.61066115418933
8.160362869918593 87.06693604939312
6.099218919319952 74.25281757309311
4.038074968721311 66.15974643911312
1.97693101812267 57.09247478527962
-0.08421293247597078 43.544259107190584
-2.1453568830746117 33.853181239891164
-4.2065008336732514 23.143779702379728
-6.2676447842718925 19.035478286816883
-8.328788734870534 13.261275352621983
-10.389932685469173 13.290484343049291
-12.451076636067818 10.808596163395594
-14.512220586666457 7.351032903661715
-16.573364537265096 9.737473148002238
-18.63450848786374 7.0453647635231516
-20.695652438462382 9.65673807537994
-22.75679638906102 9.14643249715957
-24.81794033965966 9.282597425869882
-26.8790842902583 11.69353798848543
-28.940228240856943 15.17909492788103
-31.001372191455584 15.637122310342898
-33.06251614205422 16.558554069653038
-35.12366009265286 17.960565511388033
-37.1848040432515 19.897657328548085
-39.245947993850145 23.030792769222995
-41.307091944448786 23.134047086476983
-43.368235895047434 24.86483559283685
-45.42937984564607 28.122191723826926
-47.49052379624471 29.143137136687148
-49.55166774684334 30.371773222264917
-51.612811697441984 29.488137275899557
-53.673955648040625 29.829420393094097
-55.735099598639266 28.207474839299064
-57.79624354923791 23.976217143595246
-59.85738749983655 23.036743586949388
-61.9185314504352 22.511843064764125
-63.97967540103383 17.99259795572635
-66.04081935163246 16.070971213474905
-68.10196330223111 13.272218284587629
-70.16310725282975 9.901816563037848
-72.2242512034284 10.063818066315811
-74.28539515402704 8.231069742769675
-76.34653910462568 5.027808655977745
-78.40768305522433 5.758913019944017
-80.46882700582296 4.3392670408517375
-82.52997095642161 2.8806146137302178
-84.59111490702024 1.9151254786752463
-86.65225885761888 2.5582316698872813
-88.71340280821752 0.16933063363027293
-90.77454675881616 -0.02931372171089912
-92.8356907094148 -1.6794536784959035
-94.89683466001344 -3.3869403801689777
-96.95797861061209 -1.1152110355787888
-99.01912256121072 -2.7065717991196085
-101.08026651180936 -1.705196939453809
-103.141410462408 0.008511095968555668
-105.20255441300664 -0.08185304579953229
-107.26369836360529 -0.8323795457416494
-109.32484231420392 -3.04134499348373
-111.38598626480257 -2.3066284253016494
-113.44713021540122 -2.778371604188055
-115.50827416599985 -2.40838335406841
-117.5694181165985 -2.4584965164356656
-119.63056206719713 -3.5376643353651622
-121.69170601779578 -2.014136936277848
-123.75284996839441 -3.3727162437665816
-125.81399391899305 -2.648681754301099
-127.8751378695917 -3.054833955147244
-129.93628182019035 -2.2705183804914317
-131.997425770789 -3.5103380426945114
-134.0585697213876 -2.999825200005645
-136.11971367198626 -2.301219263609973
-138.1808576225849 -1.2084318729091832
-140.24200157318356 -2.509238608825114
-142.30314552378218 -1.6298526773940463
-144.36428947438083 -1.3143612487899003
-146.42543342497945 0.5646090183371348
-148.48657737557812 -1.4854525373578036
-150.54772132617674 -2.5076200336604506
-152.6088652767754 -1.570967305013842
-154.670009227374 -3.39359786977043
-156.73115317797266 -2.1524096823155516
-158.7922971285713 -1.664416750233669
-160.85344107916995 -2.2949289709829594
-162.91458502976857 -1.3154289489724502
-164.97572898036722 -1.6704483240039631
-167.03687293096584 -2.4386712535386623
-169.09801688156452 -2.279574932751086
-171.15916083216317 -1.7696794280536745
-173.2203047827618 -2.5915483702795754
-175.28144873336043 -3.14881635081326
-177.34259268395908 -2.3621998089472176
-179.40373663455773 -2.5379182811360024
-181.46488058515635 -2.1247298261436076
-183.526024535755 -1.9299037805351784
-185.58716848635362 -2.323483608749459
-187.6483124369523 -1.8289968288246716
-189.70945638755092 -2.0144261407736086
-191.77060033814956 -2.504956959256639
-193.83174428874818 -3.030636455688981
-195.89288823934683 -3.033137324013224
-197.95403218994548 -1.7015595356244293
-200.01517614054416 -2.031842285734563
-202.07632009114278 -2.270619869442593
-204.13746404174142 -3.342481748884083
-206.19860799234007 -1.498131842657476
-208.2597519429387 -1.8589204244299025
-210.32089589353737 -2.2704905338842205
-212.382039844136 -0.34469055625131717
-214.44318379473464 -2.2163490951191087
-216.50432774533326 -0.5833324677899244
-218.56547169593193 -2.637213738964044
