# BEGINHEADER
# This file contains data from the SALSA 2m radio telescope.
# DATE=2024-03-27T10:06:0047
# GLON and GLAT given in degrees
# GLON=134.86064085563578
# GLAT=-0.17598757008188531
# DATA in two columns below. Col. 1 is velocity relative to LSR [km/s]. Col. 2 is uncalibrated antenna temperature [K].
# ENDHEADER
251.38881590528737 16.64264306732254
249.3276719546887 27.683633222234207
247.26652800409008 22.341351778064077
245.20538405349143 25.276862653382132
243.1442401028928 23.25655449432651
241.08309615229413 17.018475573903913
239.0219522016955 19.82045633869353
236.96080825109686 22.25080454232397
234.89966430049824 21.22576806051804
232.8385203498996 14.717334812541079
230.77737639930095 3.560967572745006
228.7162324487023 24.28157617226212
226.65508849810368 19.092197302612785
224.59394454750503 20.86679245273966
222.5328005969064 18.672778981229126
220.47165664630774 25.846132225444663
218.41051269570912 22.07272315087609
216.34936874511047 18.309944041843345
214.28822479451182 16.262824093688153
212.2270808439132 19.974639488797244
210.16593689331452 19.991294173466205
208.1047929427159 17.67029314974135
206.04364899211726 22.21892469227978
203.98250504151864 22.467034140509966
201.92136109091996 18.345586667672407
199.86021714032134 18.975517693354693
197.7990731897227 18.676301809156783
195.73792923912407 19.653459848085507
193.67678528852542 20.847185557873427
191.61564133792677 21.134499426041415
189.55449738732813 22.94121184342777
187.4933534367295 19.592889457109198
185.43220948613086 20.048481839864113
183.37106553553224 21.302955795343507
181.30992158493356 18.07862987594536
179.24877763433494 20.393681136890248
177.1876336837363 21.565398780388353
175.12648973313765 23.570583252536395
173.065345782539 22.26565151114929
171.00420183194035 18.301996253226598
168.94305788134173 19.233494188046574
166.88191393074308 21.15085866414153
164.82076998014446 22.639830958150476
162.75962602954579 22.3894512527646
160.69848207894717 23.287392515107094
158.63733812834852 22.57730336024453
156.5761941777499 22.539637444292815
154.51505022715125 23.359697168045475
152.4539062765526 19.908736233630208
150.39276232595395 22.20358628539376
148.33161837535533 18.7275269830766
146.27047442475669 17.36462809965067
144.20933047415804 19.76331582206764
142.1481865235594 21.46296128252437
140.08704257296077 20.817980554369708
138.02589862236212 20.150958089671605
135.96475467176347 21.347341002715375
133.90361072116482 22.204111603895946
131.84246677056618 22.29183524761845
129.78132281996756 21.54077537594091
127.72017886936892 22.981783276680098
125.65903491877027 22.563905369194217
123.59789096817164 21.79131576275009
121.53674701757299 22.313659399580256
119.47560306697436 23.877991082413374
117.4144591163757 22.35938082163087
115.35331516577706 22.43699646941848
113.29217121517843 23.056614331407484
111.23102726457978 24.303360005156126
109.16988331398115 24.531855737890375
107.1087393633825 25.040027971650563
105.04759541278386 24.53114761888617
102.98645146218522 23.03125534734786
100.92530751158658 25.427292447383984
98.86416356098793 24.806237607675858
96.80301961038928 26.147268253662794
94.74187565979065 26.59299902947871
92.68073170919202 27.138297241274863
90.61958775859337 23.509531597205225
88.55844380799473 26.955418534675417
86.49729985739609 24.43864265889789
84.43615590679745 23.80713962240552
82.3750119561988 23.906850150920786
80.31386800560016 24.683623185925384
78.25272405500152 28.1249982862148
76.19158010440287 25.646485691618803
74.13043615380424 29.923401050865518
72.06929220320559 44.127132480490445
70.00814825260696 41.112493391743634
67.94700430200831 32.06336407137405
65.88586035140968 29.722561834567937
63.824716400811035 26.91238513782205
61.76357245021239 26.00740427076199
59.70242849961376 26.59727018432282
57.64128454901512 26.577394406176406
55.58014059841648 18.876579998865537
53.518996647817836 15.75584240196054
51.45785269721919 31.013550474663436
49.39670874662055 28.227772613869618
47.335564796021906 31.80324771357061
45.27442084542327 26.77702157668394
43.21327689482463 24.050026891204887
41.15213294422599 31.315257605964902
39.09098899362735 24.739265372835778
37.02984504302871 27.666914468026306
34.96870109243007 39.20313072609461
32.90755714183143 30.286705304559252
30.846413191232784 27.653789685197932
28.785269240634147 29.273353735942585
26.724125290035502 30.355810303294458
24.66298133943686 29.355445774801396
22.60183738883822 29.312625910432843
20.540693438239582 34.81966786184685
18.47954948764094 32.60397227885831
16.418405537042297 31.64964768954635
14.357261586443657 31.934282273848915
12.29611763584502 30.967224135192865
10.234973685246377 31.07208805487197
8.173829734647738 32.235058016036874
6.112685784049096 36.13831098066498
4.051541833450456 39.37949830575398
1.9903978828518147 42.11337529452049
-0.0707460677468261 42.922199129197786
-2.1318900183454668 36.799701741725706
-4.193033968944108 40.007938967045135
-6.254177919542748 31.084688898284295
-8.315321870141387 32.97890276175625
-10.37646582074003 40.2106610970792
-12.437609771338671 37.43186847059845
-14.498753721937312 35.03473146676931
-16.559897672535953 37.20802762054902
-18.621041623134595 39.86508332113919
-20.682185573733236 35.42844982750343
-22.743329524331877 37.19532207444964
-24.804473474930518 42.43310857162247
-26.865617425529155 42.45182167500189
-28.926761376127796 38.257355406334085
-30.98790532672644 34.566427776553745
-33.04904927732508 37.841086132611125
-35.11019322792372 38.87293786119117
-37.17133717852236 37.84511923289885
-39.232481129121 39.96064692096703
-41.29362507971964 41.91680339495475
-43.35476903031828 42.19000490320747
-45.41591298091693 39.60638933198458
-47.47705693151557 40.28897608343714
-49.53820088211421 39.45418457950212
-51.599344832712845 41.815335376586376
-53.660488783311486 38.85257731863908
-55.72163273391013 38.58069917901924
-57.78277668450877 40.61574405857946
-59.84392063510741 38.10725191283738
-61.90506458570605 37.41942970840529
-63.966208536304684 38.20065692285323
-66.02735248690333 35.99073263586741
-68.08849643750197 34.78627386786877
-70.14964038810061 33.64943434220423
-72.21078433869924 35.99807173567329
-74.2719282892979 36.45688688488146
-76.33307223989654 36.52100144052371
-78.39421619049519 38.573477372535315
-80.45536014109382 36.371715544717226
-82.51650409169247 39.566424353956464
-84.5776480422911 36.851649579836234
-86.63879199288974 38.24188413423161
-88.69993594348838 50.06260063508627
-90.76107989408702 38.248372254460946
-92.82222384468567 35.26922579854127
-94.8833677952843 36.67377745178538
-96.94451174588295 36.63416911906586
-99.00565569648158 34.89793190584009
-101.06679964708022 34.787721040307964
-103.12794359767885 35.14674766774752
-105.1890875482775 35.912162739102996
-107.25023149887613 36.240833251017314
-109.31137544947477 35.05462032759544
-111.37251940007341 35.715739418291356
-113.43366335067206 35.78477636927701
-115.49480730127071 36.46349425934614
-117.55595125186935 36.542995361347465
-119.61709520246798 41.416328172334296
-121.67823915306663 36.19879419282274
-123.73938310366526 33.75451645105696
-125.80052705426391 35.89470390984976
-127.86167100486254 36.35593729925949
-129.92281495546118 33.19786330928399
-131.98395890605983 33.753555253756645
-134.04510285665847 34.968149498807534
-136.1062468072571 35.816504670636654
-138.16739075785577 32.628090978541614
-140.2285347084544 34.46115940865723
-142.28967865905304 33.118976419946364
-144.35082260965166 27.017269601577624
-146.41196656025033 36.08465452172668
-148.47311051084895 34.32337487189578
-150.5342544614476 37.371264007033865
-152.59539841204622 34.27001241088639
-154.65654236264487 34.69247066336584
-156.71768631324352 34.176860490474546
-158.77883026384217 34.96919161013787
-160.8399742144408 30.87524952127025
-162.90111816503943 30.599696565732565
-164.96226211563805 37.12232095457083
-167.02340606623673 35.09503808968167
-169.08455001683535 34.62423345322121
-171.145693967434 35.543481021192406
-173.20683791803265 32.84808653636785
-175.26798186863127 32.94328616502763
-177.32912581922994 35.51492163219503
-179.39026976982856 34.176261391963656
-181.4514137204272 35.31604853020284
-183.51255767102583 34.40416735210212
-185.5737016216245 33.511415406450205
-187.63484557222313 32.953344150396866
-189.69598952282178 34.386314915738495
-191.7571334734204 27.355225082293707
-193.81827742401904 31.02800117284718
-195.8794213746177 35.222543709537895
-197.94056532521634 32.11593943853732
-200.00170927581496 35.03935983513465
-202.0628532264136 34.85960074948259
-204.12399717701223 33.075234582066834
-206.1851411276109 32.31440439485369
-208.24628507820952 33.946984685136734
-210.30742902880817 32.27607829917286
-212.36857297940682 32.85476828785275
-214.42971693000547 31.92517555154508
-216.49086088060412 34.77801714484819
-218.55200483120274 39.057833064318
-220.61314878180139 36.144363044785116
-222.6742927324 30.213037330450177
-224.73543668299868 29.990204345265415
-226.7965806335973 33.30556330915881
-228.85772458419595 30.635255106190275
-230.91886853479457 32.12899090270477
-232.98001248539322 32.22495114902793
-235.04115643599187 34.63344172648563
-237.1023003865905 21.5972615473471
-239.16344433718913 27.915735392886372
-241.22458828778778 33.44894725383197
-243.28573223838643 34.97445232901601
-245.34687618898508 34.21139331300683
-247.4080201395837 30.292316093179583
-249.46916409018235 32.33026339475333
-251.530308040781 33.9123399321735
-253.59145199137964 29.71509784818199
-255.6525959419783 25.97509064114101
-257.71373989257694 35.29116959620876
-259.77488384317553 35.90490404107513
-261.8360277937742 33.44075091056924
-263.8971717443728 33.24765551135549
-265.9583156949715 30.52849336907301
-268.0194596455701 28.612365746718424
-270.08060359616877 27.32752638953178
-272.1417475467674 25.162036589329578
-274.202891497366 31.390030962769508
