# BEGINHEADER
# This file contains data from the SALSA 2m radio telescope.
# DATE=2024-04-09T13:11:0037
# GLON and GLAT given in degrees
# GLON=104.82017127299692
# GLAT=-0.027205766284661034
# DATA in two columns below. Col. 1 is velocity relative to LSR [km/s]. Col. 2 is uncalibrated antenna temperature [K].
# ENDHEADER
277.9393989673857 -1.9136770043436007
275.878255016787 -4.195813528305852
273.81711106618843 -4.744415455859677
271.7559671155898 -4.922953210882299
269.6948231649912 -4.395207023055234
267.6336792143925 -2.5368266511622077
265.57253526379384 -3.5967435051995897
263.51139131319525 -2.874440443086738
261.45024736259654 -3.037742761505638
259.38910341199795 -3.3202229026283994
257.3279594613993 0.8300768237767745
255.26681551080065 -4.674345814918589
253.205671560202 -3.211067522519889
251.14452760960336 -4.023240517160053
249.08338365900474 -2.4148010947683494
247.0222397084061 -3.2778271219615647
244.96109575780747 -3.4224935137860357
242.8999518072088 -4.46814409357332
240.83880785661017 -3.8468403422713138
238.77766390601153 -5.375045721015187
236.7165199554129 -3.3892926254907185
234.65537600481423 -3.4983636212455576
232.5942320542156 -2.1874490071632167
230.53308810361696 -0.31156750919422627
228.47194415301834 -1.115049660996418
226.4108002024197 -3.948025627236711
224.34965625182105 -2.950367126770342
222.2885123012224 -3.2219715762038486
220.22736835062375 -3.438479026420438
218.16622440002513 -3.5623825517090784
216.10508044942648 -3.141730763427056
214.04393649882783 -4.56372805486743
211.98279254822918 -3.6256222380413345
209.92164859763056 -4.152472959243783
207.86050464703192 -3.894561186991889
205.79936069643327 -3.762574168597866
203.73821674583462 -4.485072257299485
201.677072795236 -2.1799345128116867
199.61592884463735 -1.7305632448381607
197.55478489403873 -2.971975841392086
195.49364094344008 -2.7265321372723212
193.43249699284146 -5.090430488486676
191.37135304224282 -3.189627462090361
189.3102090916442 -3.1283947848260985
187.24906514104552 -4.128046105378431
185.1879211904469 -3.9941904707781997
183.12677723984825 -3.3547506785118917
181.0656332892496 -2.3611090666379195
179.00448933865096 -2.7807267049059945
176.9433453880523 -2.310500128842192
174.8822014374537 -2.8564393342508154
172.82105748685504 -1.8318970836398212
170.75991353625642 -4.2238822513499175
168.69876958565774 -3.8398003654167465
166.63762563505912 -1.9367230175970718
164.57648168446048 -2.9965964163876206
162.51533773386186 -2.799658734892619
160.4541937832632 -4.080990418932537
158.39304983266456 -2.235715218506628
156.3319058820659 -2.8253469802194675
154.2707619314673 -2.510476612801952
152.20961798086864 -1.6028872070126126
150.14847403027 -3.079164578755436
148.08733007967135 -3.943437993602317
146.02618612907273 -2.885567879917664
143.96504217847408 -1.651988015786528
141.90389822787543 -3.766503532754588
139.84275427727678 -3.25675205704163
137.78161032667813 -2.529918865023672
135.72046637607951 -3.63017401952848
133.65932242548087 -1.7438213607625643
131.59817847488225 -3.3579056619035534
129.5370345242836 -3.2501939402670073
127.47589057368495 -2.5157689645396544
125.41474662308632 -2.823153583934021
123.35360267248765 -2.384569126076405
121.29245872188902 -2.9975173741252528
119.23131477129039 -3.012786114265312
117.17017082069174 -3.824883626596683
115.1090268700931 -3.591724573243991
113.04788291949446 -3.1727529753872705
110.98673896889582 -2.8090150680551282
108.92559501829717 -1.5647688432376148
106.86445106769854 -2.3326774357655213
104.8033071170999 -2.235829938108416
102.74216316650126 -2.9623489637955505
100.68101921590262 -4.371759050999006
98.61987526530397 -2.7687107197918452
96.55873131470534 -1.2789123648393812
94.49758736410669 -2.5864969897110535
92.43644341350806 -3.917028527218467
90.37529946290942 -4.201636833201192
88.31415551231078 -3.8416071218480505
86.25301156171214 -2.248035243297993
84.19186761111348 -2.886706870482253
82.13072366051485 -2.989427066619025
80.06957970991621 -2.9832932127907905
78.00843575931756 -1.7331185878836564
75.94729180871893 -1.6600097080800134
73.88614785812028 -3.2938161591160977
71.82500390752165 -2.979433110041301
69.763859956923 -4.62006587630018
67.70271600632437 -2.610802629568947
65.64157205572573 -3.2937635379980534
63.58042810512708 -3.1069106829654367
61.51928415452844 -1.5500983617817659
59.4581402039298 -1.0788285375061843
57.39699625333117 -0.9535718446561924
55.33585230273252 -1.1349077865203108
53.27470835213388 -3.1016499279688485
51.21356440153524 -3.1171478166075657
49.15242045093659 -1.419884123118902
47.091276500337955 -2.549582513800643
45.030132549739314 -2.4603624450145882
42.96898859914067 -2.546170683262109
40.90784464854203 -2.746958389338458
38.84670069794339 -1.472360264383787
36.78555674734474 -3.9994807975739612
34.72441279674611 -3.84344034089787
32.66326884614747 -3.315091998858359
30.602124895548826 -1.5662917245878203
28.540980944950185 -1.4423146775502922
26.479836994351544 -0.6915159000280968
24.418693043752906 -1.946063749843973
22.357549093154265 -2.12862812695103
20.296405142555624 -2.5160866269853503
18.235261191956983 0.544454626808845
16.174117241358342 0.21874302917606753
14.112973290759703 0.940360446117046
12.051829340161062 5.4046394866503
9.99068538956242 10.324770287322353
7.92954143896378 19.93276719781421
5.868397488365138 30.074410624682358
3.8072535377664978 45.138898821464394
1.7461095871678571 66.63106151397515
-0.3150343634307836 84.15683088380484
-2.376178314029424 83.0840017911493
-4.437322264628065 78.51420734222627
-6.498466215226705 70.7229985669675
-8.559610165825347 61.748017860486584
-10.620754116423987 54.26249751219524
-12.681898067022628 42.76937689652915
-14.743042017621269 36.20475409236717
-16.80418596821991 33.050036128438435
-18.86532991881855 35.75743778468676
-20.92647386941719 39.42158453874868
-22.98761782001583 35.10332315304878
-25.048761770614476 32.4744655089116
-27.109905721213117 31.208347962366517
-29.17104967181176 28.292045702843357
-31.232193622410396 28.559676493116925
-33.29333757300904 30.16091408744212
-35.354481523607674 32.85292753302321
-37.415625474206315 36.32180092927802
-39.47676942480496 38.48018828413755
-41.537913375403605 41.175870105580024
-43.599057326002246 43.82112130604971
-45.66020127660089 48.08758105237411
-47.72134522719953 56.87777594609516
-49.78248917779816 58.964230711271604
-51.843633128396796 62.17549173331949
-53.90477707899544 62.65343166477609
-55.96592102959408 61.74540945799906
-58.02706498019272 58.3511603693852
-60.08820893079137 57.79433178787047
-62.14935288139001 54.42777991515887
-64.21049683198865 55.47390865597147
-66.27164078258728 51.53832410209705
-68.33278473318592 44.17652402470473
-70.39392868378458 35.862482954213185
-72.45507263438321 29.515891661384035
-74.51621658498185 22.705644144379338
-76.5773605355805 17.50423922103851
-78.63850448617913 12.619866083125498
-80.69964843677778 9.926552498599241
-82.76079238737641 9.012671069144247
-84.82193633797506 10.361544387669726
-86.8830802885737 8.337986719619794
-88.94422423917233 8.753214671884944
-91.00536818977098 12.97691102964367
-93.06651214036961 15.393346284119914
-95.12765609096826 17.49667384163223
-97.18880004156689 18.34749822569185
-99.24994399216554 15.783154512160452
-101.31108794276417 12.629649341288022
-103.37223189336281 8.49656435511003
-105.43337584396146 7.7029750172157545
-107.49451979456009 6.125860250340508
-109.55566374515875 5.572122369965749
-111.61680769575739 4.865921569672189
-113.67795164635602 1.995287343290411
-115.73909559695467 2.912639040425182
-117.8002395475533 -0.31322211582940807
-119.86138349815195 0.688438521239907
-121.92252744875059 0.4353834189446306
-123.98367139934923 -2.6667881625435736
-126.04481534994787 -1.1075465916371559
-128.10595930054652 -1.6210291905595553
-130.16710325114516 -2.964461510092836
-132.2282472017438 -2.929572123384994
-134.28939115234243 -4.095150362421185
-136.35053510294108 -3.134908664835187
-138.4116790535397 -3.1413239623541567
-140.47282300413838 -5.222970785997449
-142.533966954737 -4.634679476152786
-144.59511090533564 -5.138692272174112
-146.65625485593426 -4.498707996278004
-148.7173988065329 -4.7403179246865195
-150.77854275713156 -4.193216433357935
-152.8396867077302 -4.423042017394147
-154.90083065832883 -5.3133670149304075
-156.96197460892748 -2.931796421976593
-159.0231185595261 -4.572632709314509
-161.08426251012477 -4.770610122999138
-163.1454064607234 -4.338798878599904
-165.20655041132204 -4.967417956604552
-167.2676943619207 -5.402514753352537
-169.3288383125193 -4.185234777932591
-171.389982263118 -2.78288700238396
-173.4511262137166 -4.9743929851111295
-175.51227016431525 -4.20396485734097
-177.57341411491387 -4.229980354855932
-179.63455806551255 -5.376655569761146
-181.69570201611117 -5.314745854673923
-183.75684596670982 -3.942595000058178
-185.81798991730844 -2.3165356958366052
-187.8791338679071 -2.7572313426644004
-189.94027781850573 -2.9068661525839894
-192.00142176910438 -4.497119990788111
-194.062565719703 -3.31905344792374
-196.12370967030165 -2.5457703975332984
-198.1848536209003 -4.029850058164114
-200.24599757149895 -5.321839289491904
-202.30714152209762 -3.9974573909196764
-204.36828547269624 -3.444520538183265
-206.4294294232949 -2.4348863339767433
-208.4905733738935 -3.692665837406322
-210.5517173244922 -3.344104129106081
-212.6128612750908 -1.3247119374059797
-214.67400522568946 -4.412310767712853
-216.73514917628808 -3.6079583600914185
-218.79629312688672 -3.8594532748917616
-220.85743707748537 -4.198811572941701
-222.91858102808402 -2.853514246026487
-224.97972497868264 -3.3407452364253145
-227.0408689292813 -3.830694897531487
-229.1020128798799 -3.582882342824165
-231.16315683047858 -5.007446563825147
-233.2243007810772 -3.3337740601093238
-235.28544473167585 -2.8742399948780872
-237.34658868227447 -2.477623422470314
-239.40773263287312 -4.215276504837064
-241.4688765834718 -0.5063316942254538
-243.53002053407042 -4.595023200277695
-245.59116448466906 -4.027160435534786
-247.65230843526768 -3.579893643113172
