# BEGINHEADER
# This file contains data from the SALSA 2m radio telescope.
# DATE=2024-04-09T14:52:0037
# GLON and GLAT given in degrees
# GLON=194.8393732013268
# GLAT=-0.2502337134160103
# DATA in two columns below. Col. 1 is velocity relative to LSR [km/s]. Col. 2 is uncalibrated antenna temperature [K].
# ENDHEADER
222.56095554555054 -1.8301945861777336
220.4998115949519 -2.9423347784739566
218.43866764435327 -2.589149167406708
216.3775236937546 -3.5509752165564863
214.31637974315598 -1.254129291206705
212.25523579255733 -1.8910594367386082
210.1940918419587 -2.3712329099813827
208.13294789136006 -1.8700324581325007
206.0718039407614 -2.135199898316897
204.01065999016276 -1.4458407339769264
201.94951603956414 -0.6805352512371733
199.8883720889655 -2.0730574344585233
197.82722813836685 -2.178967444733316
195.76608418776817 -2.2472090502522
193.70494023716952 -1.4120251444582708
191.6437962865709 -1.326424470202884
189.58265233597226 -1.7196651949265087
187.52150838537364 -1.0666060994132718
185.46036443477496 -1.4269936179856046
183.39922048417634 -2.7219158260145075
181.3380765335777 -1.0320803044868119
179.27693258297907 -3.387225800100175
177.21578863238042 -1.183886530076341
175.15464468178178 -0.418343499587205
173.09350073118313 -0.2519322371074051
171.0323567805845 -1.8366168075628975
168.97121282998586 -0.3822761615677212
166.9100688793872 -3.9583683821266247
164.84892492878856 -0.10071744733160663
162.78778097818994 -1.5583974775758458
160.7266370275913 0.19708082759865084
158.66549307699268 -0.47197389211261737
156.604349126394 -1.4974984986174176
154.54320517579535 -0.7620258631269309
152.48206122519673 -1.964154072493297
150.42091727459808 -1.279238112625499
148.35977332399946 -0.004781929082572005
146.2986293734008 1.698895956486317
144.23748542280217 -0.03451388988166402
142.17634147220352 -1.4420059943268866
140.1151975216049 -1.253229450311415
138.05405357100625 0.9524847291036536
135.9929096204076 0.054007500959938934
133.93176566980895 -0.282141922833333
131.87062171921033 -0.09138997555141008
129.80947776861169 -1.1488728254600777
127.74833381801304 0.14652146387514214
125.68718986741439 0.41428415455433193
123.62604591681576 -0.24237068473153528
121.56490196621712 -1.795215131459239
119.50375801561847 -1.120953596400912
117.44261406501984 0.5002584949755882
115.38147011442119 -2.306403992632268
113.32032616382256 -1.8446773765350764
111.25918221322392 0.14881427754419183
109.19803826262527 -0.6088126202071884
107.13689431202664 -1.999952187715948
105.07575036142799 -1.9580460176641192
103.01460641082936 -0.6414257176745538
100.9534624602307 -0.2579357117122656
98.89231850963208 -0.9139097416858281
96.83117455903343 0.13569195127421266
94.7700306084348 -0.3061706310327052
92.70888665783615 -0.6795556499496777
90.64774270723751 1.1115229894655145
88.58659875663888 -1.3426507373485246
86.52545480604023 -1.130159651438315
84.4643108554416 -0.1375563178675867
82.40316690484295 -1.0848943354483025
80.34202295424431 -1.3980400424287343
78.28087900364567 -2.6217767728055748
76.21973505304703 -0.5135524273849883
74.1585911024484 -1.8567867578363417
72.09744715184975 -0.4531390839012766
70.03630320125112 -0.00545310796079204
67.97515925065247 -1.0895164148864254
65.91401530005383 -0.864385253199046
63.852871349455185 -0.44017742076701777
61.791727398856544 -0.5036515321542131
59.7305834482579 -0.12584928371441156
57.66943949765926 -2.316886127871241
55.60829554706063 -0.5052290536365094
53.54715159646199 0.7652292195368924
51.486007645863346 0.5557171987154415
49.4248636952647 0.8355436152879712
47.36371974466606 0.23304409304188992
45.302575794067415 3.183387141610691
43.241431843468774 4.96200738811375
41.18028789287014 7.096781124480118
39.1191439422715 9.842545268094348
37.05799999167286 12.627156333453865
34.99685604107422 17.887604663280168
32.935712090475576 24.73715048936425
30.874568139876935 32.009342611939175
28.813424189278294 43.49991279871321
26.75228023867965 54.09615357464463
24.691136288081008 66.78136387475887
22.629992337482367 77.26439097759751
20.568848386883726 83.8489824268982
18.50770443628509 91.11985937538705
16.446560485686444 96.74462386930442
14.385416535087804 99.89699002006576
12.324272584489165 103.87784161471235
10.263128633890524 106.55802754489753
8.201984683291883 111.48340807864751
6.140840732693242 108.36525650610812
4.079696782094601 105.03861748959037
2.01855283149596 92.92228017144248
-0.04259111910268049 75.85868762254714
-2.103735069701321 61.12633936055293
-4.164879020299962 46.78602944585657
-6.226022970898602 36.11915628051121
-8.287166921497242 25.785396426133833
-10.348310872095885 18.79183012004531
-12.409454822694526 12.290013842140398
-14.470598773293167 8.427276480216008
-16.531742723891806 6.702198573551859
-18.592886674490448 3.580520286662621
-20.65403062508909 2.6746604724451237
-22.71517457568773 1.0846751232201794
-24.776318526286367 3.346076599512094
-26.83746247688501 3.134293798002982
-28.89860642748365 1.5527729432194124
-30.95975037808229 -0.24915124275078657
-33.02089432868093 0.9034708420315646
-35.08203827927957 -0.8491527278177436
-37.143182229878214 -0.435831332022475
-39.204326180476855 -0.26758279239532434
-41.26547013107549 -0.941750035513642
-43.32661408167413 -0.2865836747188047
-45.38775803227278 0.05571671692653643
-47.44890198287142 -0.5389588780128799
-49.51004593347006 -0.6565864297725371
-51.5711898840687 -1.4765165094296917
-53.63233383466734 -2.1777056614427335
-55.693477785265976 -0.21335289515729253
-57.75462173586462 -0.4723913203082492
-59.81576568646326 -0.32378138002006374
-61.8769096370619 -1.2741397984898348
-63.93805358766054 0.12913729523602033
-65.99919753825918 0.09193280757533666
-68.06034148885783 -0.4579572396579938
-70.12148543945646 -0.3118331141353413
-72.18262939005511 -1.7444677048441672
-74.24377334065375 -0.0044301787123818505
-76.30491729125238 -0.3585557602581249
-78.36606124185103 -1.10441415372709
-80.42720519244966 -1.2935647827824834
-82.48834914304831 0.670703097088802
-84.54949309364694 -1.4009726615332583
-86.61063704424559 -0.36956355662503604
-88.67178099484423 -0.7494448081346571
-90.73292494544286 0.24918955927986564
-92.79406889604151 -0.5105129389522783
-94.85521284664016 -2.0935991005092043
-96.9163567972388 -1.639964080779868
-98.97750074783744 -1.7051915164942943
-101.03864469843609 -1.9828629934698474
-103.09978864903474 -2.737244541294455
-105.16093259963337 -2.2355691843295205
-107.22207655023202 -2.282272620059564
-109.28322050083065 -2.5718218050203365
-111.34436445142929 -1.2435821659763224
-113.40550840202793 -2.269015782344087
-115.46665235262657 -4.124496072197416
-117.52779630322522 -2.457997807749411
-119.58894025382385 -2.7585236072958117
-121.6500842044225 -2.992494080323139
-123.71122815502113 -2.8934747026745433
-125.77237210561977 -2.5377776973221886
-127.83351605621841 -2.568230059355106
-129.89466000681705 -3.242299945762023
-131.9558039574157 -2.2529955596938684
-134.01694790801434 -4.082084502470467
-136.078091858613 -2.5133296014212285
-138.1392358092116 -1.7778226472749887
-140.20037975981026 -3.1103398551355106
-142.26152371040888 -1.060898164767059
-144.32266766100756 -2.595066048600865
-146.38381161160618 -2.921559361811189
-148.44495556220483 -1.9337540409598835
-150.50609951280344 -2.9717060975915177
-152.5672434634021 -4.25857714060602
-154.62838741400077 -3.1276350910792967
-156.6895313645994 -3.3612561457284533
-158.75067531519804 -4.061843014223492
-160.81181926579666 -2.2418190405476546
-162.87296321639533 -2.9979429258170964
-164.93410716699395 -3.7200413696923995
-166.9952511175926 -3.207105817599948
-169.05639506819122 -2.9101866568218155
-171.11753901878987 -2.304823619059009
-173.17868296938852 -2.501659152434259
-175.23982691998717 -2.315480179311111
-177.3009708705858 -2.050140341734551
-179.36211482118443 -2.5087961132576906
-181.42325877178305 -1.8991241558902514
-183.48440272238173 -2.8361130970944513
-185.54554667298035 -3.804545900518435
-187.606690623579 -2.8000301550763766
-189.66783457417762 -3.760720576516084
-191.7289785247763 -3.5372172398485833
-193.79012247537494 -3.4122042000144703
-195.85126642597356 -3.1273237662553695
-197.9124103765722 -2.9015725367008542
-199.97355432717083 -2.865601465252768
-202.03469827776948 -2.1263037781589675
-204.0958422283681 -2.6215438888309026
-206.15698617896675 -3.1138554644649217
-208.21813012956537 -1.4899423469172777
-210.27927408016404 -1.9564092329432248
-212.34041803076266 -0.9384605226044697
-214.4015619813613 -3.5209895956882775
-216.46270593195993 -2.662705049986732
-218.5238498825586 -1.507904768210882
-220.58499383315723 -0.5146956634370085
-222.64613778375588 -3.0262830986535922
-224.7072817343545 -2.9591771668694093
-226.76842568495314 -2.6570936456265017
-228.8295696355518 -2.129242819922606
-230.89071358615044 -2.3204853749113745
-232.9518575367491 -2.6629242289538833
-235.0130014873477 -2.8825192136596773
-237.07414543794636 -2.70242936378839
-239.135289388545 -3.982698234084547
-241.19643333914365 -2.961093336557211
-243.25757728974227 -2.2867149800960953
-245.31872124034092 -2.071447292482134
-247.37986519093957 -3.6908814828164327
-249.44100914153822 -2.856408719625085
-251.50215309213684 -2.1487473192414184
-253.56329704273548 -2.2379067861530824
-255.6244409933341 -2.208373011162994
-257.6855849439328 -4.045456259575148
-259.74672889453143 -2.175721851546476
-261.80787284513 -1.9503734655891247
-263.8690167957287 -2.383742794678416
-265.9301607463273 -1.689678577995488
-267.99130469692597 -1.8237326664072324
-270.05244864752456 -1.9635841476982134
-272.11359259812326 -1.6971830315056657
-274.1747365487219 -2.1343787907709166
-276.2358804993205 -3.2463184885114424
-278.2970244499192 -2.021173030527767
-280.3581684005178 -2.7038052153546386
-282.41931235111645 -1.8474534296661844
-284.4804563017151 -2.1512486838584786
-286.54160025231374 -2.297819488618795
-288.6027442029124 -3.701599430405916
-290.663888153511 -1.6422203220690013
-292.72503210410963 -1.5554962878969774
-294.78617605470833 -2.377782744268268
-296.8473200053069 -0.7629097057454411
-298.9084639559056 -2.5996259101140455
-300.9696079065042 -1.5818984688869109
-303.03075185710287 -1.4177713043709608
