# BEGINHEADER
# This file contains data from the SALSA 2m radio telescope.
# DATE=2024-04-09T14:58:0016
# GLON and GLAT given in degrees
# GLON=204.81534665325694
# GLAT=-0.2752964483507193
# DATA in two columns below. Col. 1 is velocity relative to LSR [km/s]. Col. 2 is uncalibrated antenna temperature [K].
# ENDHEADER
220.96890129563104 0.17484225076793697
218.90775734503242 -0.7817990836400476
216.84661339443377 0.07858440064849548
214.78546944383515 0.23202774434369036
212.72432549323648 -0.03695217361892783
210.66318154263786 1.3498499272747726
208.6020375920392 0.8262775786385452
206.5408936414406 -0.14673505081594074
204.47974969084194 -0.8918867380103329
202.4186057402433 -0.6764342041702439
200.35746178964465 1.1495550714246945
198.29631783904603 -1.393532838741714
196.23517388844738 0.08053131288665016
194.1740299378487 -0.16588757696011633
192.11288598725008 -0.2371727770389343
190.05174203665143 -1.6299919283353186
187.9905980860528 -1.4628343875193999
185.92945413545416 0.17434309429762834
183.86831018485552 -1.1130801876102219
181.80716623425687 0.16570594472563305
179.74602228365825 -1.6966752854801173
177.6848783330596 -1.0534862888563894
175.62373438246098 1.402415910063593
173.5625904318623 1.4424696079595627
171.50144648126368 -0.3606801914885957
169.44030253066504 1.4193227738701306
167.37915858006642 0.23963349016823027
165.31801462946774 -0.041208680971393324
163.25687067886912 -0.4915635652718529
161.19572672827047 0.19899543834957792
159.13458277767185 -1.3423113150418973
157.0734388270732 -1.3518358745875336
155.01229487647453 0.12333559610887807
152.9511509258759 0.026662292193879358
150.89000697527726 -0.37499287209194393
148.82886302467864 -0.14797696628072646
146.76771907408 -0.5088438212652833
144.70657512348134 -0.5088890907861102
142.6454311728827 -0.04793175550726992
140.58428722228408 -0.764184002107436
138.52314327168543 -0.12396473738379804
136.4619993210868 1.09063571543837
134.40085537048813 -1.0489282367086754
132.3397114198895 0.6326149136195671
130.27856746929086 0.022461337922493274
128.21742351869221 -0.47890331454997187
126.15627956809358 -0.6984180060756257
124.09513561749493 -1.0399127238109442
122.0339916668963 -0.47992676064829914
119.97284771629766 1.014164473161513
117.91170376569902 0.7333372533860008
115.85055981510038 -0.7517460336690878
113.78941586450173 -0.033701269553367615
111.7282719139031 -0.39323403747948993
109.66712796330445 0.7246669992964686
107.60598401270582 -0.13257729762951326
105.54484006210718 -0.6354497366269676
103.48369611150854 1.3667853805477808
101.4225521609099 -0.6568263145567078
99.36140821031125 0.03602589227419266
97.3002642597126 -0.03964351872275585
95.23912030911397 -0.32270982756047506
93.17797635851532 0.8729392653168947
91.11683240791669 -0.37917276273362194
89.05568845731804 -0.5820346562075611
86.99454450671941 -1.111430168782819
84.93340055612076 0.3002655735635812
82.87225660552213 1.2132803264816898
80.81111265492349 -0.7758244358710457
78.74996870432484 0.41659621808936076
76.68882475372621 0.11641949542842393
74.62768080312756 0.05036538581978736
72.56653685252893 -0.08454101035738111
70.50539290193028 -0.2744782594775399
68.44424895133164 -0.5877422251125584
66.38310500073301 -0.033879184059070096
64.32196105013436 1.9223902677782465
62.260817099535714 1.2622618406452217
60.19967314893708 3.1775408878766047
58.13852919833844 4.377352589004585
56.0773852477398 6.114610879869453
54.01624129714116 9.263386933881522
51.955097346542516 13.807183056609137
49.893953395943875 22.645557029359296
47.83280944534523 31.16676686465924
45.77166549474659 36.96250198890814
43.71052154414795 46.36807021993043
41.64937759354931 53.18670429464779
39.58823364295067 57.676958513648636
37.52708969235203 65.5051538158884
35.46594574175339 71.03990644738677
33.40480179115475 72.11916313231904
31.343657840556105 71.42085437571723
29.282513889957468 69.49578006762214
27.221369939358826 70.11005841950619
25.160225988760185 72.42569635345686
23.09908203816154 71.79916294737379
21.0379380875629 76.52631689313851
18.97679413696426 77.4962399929125
16.91565018636562 69.7809230692096
14.854506235766978 65.4651547897776
12.793362285168335 71.05883008172341
10.732218334569698 77.1822013399816
8.671074383971057 79.14860550219719
6.609930433372416 79.07317515245862
4.548786482773774 71.98916748795898
2.4876425321751334 55.70093185049916
0.426498581576493 40.445247720970976
-1.6346453690221479 27.600019884560574
-3.695789319620789 19.069731259937747
-5.75693327021943 12.861675407011441
-7.81807722081807 9.45717976327711
-9.87922117141671 7.880561899348824
-11.940365122015352 4.171381754504151
-14.001509072613993 2.177663244127275
-16.062653023212633 0.8277798042670005
-18.123796973811274 -1.1568082713765684
-20.184940924409915 0.3356985887917039
-22.246084875008556 0.24939590734622824
-24.307228825607197 -0.5987248967024456
-26.368372776205835 0.6807088776187049
-28.429516726804476 -0.7715949228814631
-30.490660677403117 -0.15571088252694848
-32.551804628001754 0.29177713448541065
-34.6129485786004 -2.0543272666014247
-36.67409252919904 0.29678020009535916
-38.73523647979768 0.43630767006988685
-40.79638043039632 -0.537465301701802
-42.85752438099496 -0.7220506919590767
-44.9186683315936 -1.3693206412599603
-46.97981228219224 -2.811212679136159
-49.04095623279089 -0.6167426880304723
-51.102100183389524 -0.08691287258247068
-53.163244133988165 -0.3589621720997256
-55.224388084586806 -1.7342808858159966
-57.28553203518545 -1.113641010682414
-59.34667598578409 0.1722107814707064
-61.40781993638273 0.2142871473733306
-63.46896388698136 -1.0996901090467248
-65.53010783758 -3.44435839646478
-67.59125178817865 -2.2445906089639576
-69.6523957387773 -1.2322028890700387
-71.71353968937593 0.0713819956267202
-73.77468363997457 -2.3346672667531063
-75.83582759057322 -1.784351818544859
-77.89697154117185 -1.538576517316193
-79.9581154917705 -1.814973294488417
-82.01925944236913 -2.43738553223717
-84.08040339296778 -1.7066257819934945
-86.14154734356642 -1.3305096726027366
-88.20269129416505 -1.648396510357815
-90.2638352447637 -2.603815936774318
-92.32497919536233 -1.7058224386187937
-94.38612314596098 -0.9862439470192859
-96.44726709655963 -1.8390046409386316
-98.50841104715826 -1.1077421033923904
-100.56955499775691 -1.6314436383941509
-102.63069894835554 -2.905133682841341
-104.69184289895419 -1.754393612021767
-106.75298684955283 -3.6915959310938784
-108.81413080015147 -1.7677114787041792
-110.87527475075011 -2.0847470404393467
-112.93641870134874 -2.6342677478165295
-114.99756265194739 -2.4089515909502404
-117.05870660254602 -2.7058517542736142
-119.11985055314467 -1.2215459343282755
-121.1809945037433 -2.9254591963443586
-123.24213845434195 -3.6671702628621
-125.30328240494059 -3.5994790504828265
-127.36442635553922 -2.9879292720567916
-129.42557030613787 -2.2242967943659795
-131.48671425673652 -2.2637073940582306
-133.54785820733514 -2.503796598321096
-135.60900215793382 -4.045710193429132
-137.67014610853244 -2.9925907995210754
-139.73129005913108 -1.2864556700904308
-141.7924340097297 -2.245260333367936
-143.85357796032835 -1.4289999153022235
-145.914721910927 -3.734885017979924
-147.97586586152565 -1.7228657352653807
-150.03700981212427 -2.259759540916691
-152.09815376272292 -2.896017722811638
-154.15929771332154 -2.684511220230617
-156.2204416639202 -2.1310452777053963
-158.28158561451886 -3.283850081800027
-160.34272956511748 -1.7743870456140416
-162.40387351571613 -2.504958937999578
-164.46501746631478 -2.3895508009721604
-166.52616141691342 -1.5268326160137151
-168.58730536751204 -0.47250871053038557
-170.6484493181107 -2.253510221553029
-172.7095932687093 -2.075562473693095
-174.770737219308 -1.6026632183538705
-176.8318811699066 -2.235959946350396
-178.89302512050526 -2.0477708371751646
-180.95416907110388 -0.9387317343343669
-183.01531302170253 -1.5706742834428846
-185.07645697230117 -1.3604629014822625
-187.13760092289982 -2.0318699467062196
-189.19874487349844 -1.6380752248500008
-191.2598888240971 -1.4485256169530338
-193.32103277469577 -3.693526402862968
-195.38217672529439 -2.3729000659168076
-197.44332067589303 -1.6141068165968615
-199.50446462649165 -1.8965627070981315
-201.5656085770903 -1.854961520558593
-203.62675252768895 -0.7488308468451704
-205.6878964782876 -3.1999579070838253
-207.74904042888622 -3.780718184698099
-209.81018437948487 -3.5480292856077873
-211.8713283300835 -3.0587548292975772
-213.93247228068216 -3.779418786592785
-215.99361623128078 -1.6661405185139886
-218.05476018187943 -2.3968699229581647
-220.11590413247805 -3.8486472102478655
-222.17704808307673 -3.403138153830235
-224.23819203367535 -2.213584792991803
-226.299335984274 -1.7040914510963119
-228.36047993487261 -3.773754920409908
-230.42162388547126 -3.6722336972160967
-232.48276783606994 -1.6893244228142608
-234.54391178666856 0.33126143326777374
-236.6050557372672 -1.2608096308155858
-238.66619968786583 -2.89045779264917
-240.72734363846448 -1.7246144732455113
-242.78848758906312 -0.6471463756604492
-244.84963153966177 -1.87521152884239
-246.9107754902604 -2.26414821355894
-248.97191944085904 -1.4894345959984083
-251.03306339145766 -2.729094378606991
-253.09420734205634 -0.6611464041110054
-255.15535129265496 -1.876217276667523
-257.2164952432536 -1.8068857566357917
-259.2776391938522 -2.367230619127025
-261.3387831444509 -2.066690970428784
-263.3999270950495 -0.4704441118346572
-265.4610710456481 -2.1149269907521404
-267.5222149962468 -2.2950209787661313
-269.58335894684546 -0.19526412696415407
-271.64450289744406 -0.8533501811128507
-273.70564684804276 -0.7288856145976195
-275.7667907986414 -3.622379847486038
-277.82793474924 0.008108861117673059
-279.88907869983865 -3.237275015210461
-281.9502226504373 -1.686427823094748
-284.01136660103595 -1.1030528745134585
-286.0725105516346 -2.1590452677344607
-288.1336545022332 -1.1954034523904082
-290.1947984528319 -2.559137876146794
-292.2559424034305 -2.3114911733838004
-294.31708635402913 -1.5328712515643106
-296.3782303046278 -0.18352462605153894
-298.4393742552264 -1.1582938376878444
-300.5005182058251 -1.1570317178026335
-302.56166215642367 0.4108789458612866
-304.6228061070223 -2.2780586484541394
