# BEGINHEADER
# This file contains data from the SALSA 2m radio telescope.
# DATE=2024-04-12T06:05:0046
# GLON and GLAT given in degrees
# GLON=47.80072637589209
# GLAT=0.23465244229045656
# DATA in two columns below. Col. 1 is velocity relative to LSR [km/s]. Col. 2 is uncalibrated antenna temperature [K].
# ENDHEADER
307.74585721999995 -0.3994664264612842
305.6847132694013 -2.1665023969182973
303.62356931880265 -0.4323797383807206
301.562425368204 -0.6631389847982807
299.50128141760536 -0.05856538460975313
297.4401374670067 -0.8086408661524345
295.3789935164081 -2.1590066690642553
293.3178495658094 -1.737901031791258
291.2567056152108 -1.5364168373606584
289.19556166461217 0.31572851349590353
287.13441771401347 2.3551266764886347
285.0732737634149 -0.2983800006623246
283.0121298128162 1.946454409669248
280.95098586221764 -0.8458260155424917
278.88984191161893 -1.29008279991988
276.8286979610203 -1.2001860274591902
274.7675540104217 -0.8656667471977305
272.70641005982304 -0.07397115241365311
270.6452661092244 -0.058303680913792226
268.58412215862575 -0.09541826840126712
266.5229782080271 -1.705485281855596
264.4618342574285 0.6352122030358723
262.4006903068298 -2.201128525822796
260.3395463562312 1.822292775274858
258.27840240563256 3.1823863218065034
256.2172584550339 -1.4675486746477866
254.15611450443527 0.38145477528167815
252.09497055383662 -2.0305932107909177
250.03382660323797 -1.9857077246770445
247.97268265263935 -1.7655533903973015
245.9115387020407 -1.3407286033756414
243.85039475144205 -0.24366339549369104
241.7892508008434 -1.0821781810256363
239.72810685024479 -0.29079101279280695
237.66696289964614 0.3526601605636702
235.60581894904752 -1.276022836342819
233.54467499844884 -2.407972976269241
231.48353104785022 -0.48988379045841474
229.42238709725157 0.6211648973739825
227.36124314665295 -1.0806755662047614
225.3000991960543 0.012484467067453979
223.23895524545566 1.658520271119309
221.177811294857 -0.7404950647825511
219.1166673442584 -1.91636490218717
217.05552339365974 -1.2388350468552558
214.99437944306106 -0.8743948915064662
212.93323549246244 -1.2733110795125848
210.8720915418638 -1.053379834793105
208.81094759126518 -2.62886074675967
206.74980364066653 -1.2942105531386574
204.68865969006788 -1.0032285642977592
202.62751573946923 -2.5489387841308195
200.5663717888706 -1.890398419540303
198.50522783827196 -2.260611617786003
196.44408388767334 -2.215815691418699
194.38293993707467 -1.1602857370305928
192.32179598647605 -1.6994349922482421
190.2606520358774 -2.2087229578360295
188.19950808527878 -2.4192481588218735
186.13836413468013 -1.0330292121433444
184.07722018408148 -1.3358317706181222
182.01607623348283 -2.2840745144813654
179.95493228288422 -3.26079719785108
177.89378833228557 -0.9985750024194379
175.8326443816869 -0.5558972585997743
173.77150043108827 -2.0083474251580182
171.71035648048962 -3.7129693386386293
169.649212529891 -2.6812275688982057
167.58806857929235 -2.5066665397252743
165.5269246286937 -1.3187492959229699
163.46578067809506 -4.079582215108364
161.40463672749644 -3.4406416428888513
159.3434927768978 -1.7325882104245844
157.28234882629917 -2.9240495934860538
155.2212048757005 -2.4353000570055214
153.16006092510187 -0.43225158175192224
151.09891697450323 -4.18573026933914
149.0377730239046 -3.57774066287133
146.97662907330593 -3.6334523740355507
144.9154851227073 -2.7116875451521367
142.85434117210866 -2.756446143005329
140.79319722151004 -3.985437382120811
138.7320532709114 -1.1559272808048615
136.67090932031272 -2.029270951285644
134.6097653697141 -2.9872559950064046
132.54862141911545 -4.276208550800446
130.48747746851683 -4.10367339781035
128.42633351791818 -2.228262667640753
126.36518956731955 -2.169403420970689
124.3040456167209 -2.704050287539608
122.24290166612226 -2.707924992785163
120.1817577155236 -4.207345755800032
118.12061376492497 -3.419366686851992
116.05946981432633 -2.203307727576105
113.99832586372769 -3.678198979115665
111.93718191312905 -3.596737417690532
109.8760379625304 -2.041452832787943
107.81489401193177 -3.3995516832121804
105.75375006133312 -3.7366876539211025
103.69260611073449 -2.679100424971834
101.63146216013585 -4.091961120800925
99.5703182095372 -3.0172430935957935
97.50917425893857 -3.149764881425241
95.44803030833992 -3.811761440958362
93.38688635774129 -3.1008675858636323
91.32574240714264 -2.6658727536900457
89.26459845654401 -3.4237345710627842
87.20345450594537 -2.1813517707680066
85.14231055534673 -2.690421008741575
83.08116660474809 -1.1387301160882768
81.02002265414943 0.5045273794786369
78.9588787035508 1.9616965521068601
76.89773475295215 5.643006425794354
74.83659080235351 10.430133263891271
72.77544685175488 16.854516687710024
70.71430290115623 20.248946142602914
68.6531589505576 31.155106325906996
66.59201499995895 38.050619084523056
64.53087104936031 47.92937395799392
62.46972709876167 53.86318730812985
60.40858314816303 59.2355251131209
58.34743919756439 67.434141776075
56.28629524696575 71.16028032877912
54.225151296367116 74.46446077072511
52.16400734576847 75.36926578064852
50.10286339516983 75.9054560087649
48.04171944457118 74.02268657065179
45.98057549397254 68.13231151382723
43.9194315433739 61.020930276086375
41.85828759277526 62.49723354994144
39.79714364217662 58.03511403596183
37.73599969157798 51.6248885619582
35.67485574097934 48.18972472401752
33.61371179038069 48.58014610603004
31.552567839782057 48.637340092931204
29.491423889183416 49.78797498264928
27.430279938584775 57.421778318126876
25.369135987986134 64.6177835014693
23.307992037387493 68.51194224977405
21.24684808678885 71.33405507270479
19.185704136190214 70.17013172589371
17.12456018559157 67.29672358019234
15.06341623499293 68.60515973122968
13.002272284394289 71.67049496863264
10.941128333795648 76.08316696428209
8.879984383197007 79.07713113619478
6.818840432598367 69.371063110268
4.757696481999726 63.10708489515003
2.696552531401086 63.29568945809539
0.6354085808024446 48.13195331829832
-1.425735369796196 30.06239356316611
-3.4868793203948374 19.47684317719889
-5.548023270993478 11.845459150656604
-7.609167221592119 8.49071678878178
-9.67031117219076 4.892953415208321
-11.7314551227894 5.357189746887127
-13.792599073388041 6.461889336936983
-15.85374302398668 5.7913471348630345
-17.914886974585322 4.105899030687346
-19.976030925183967 4.7029086329720124
-22.037174875782604 3.5512726375296495
-24.098318826381245 6.42696840501636
-26.159462776979886 6.842576955392632
-28.220606727578524 9.703207344705906
-30.28175067817717 11.413198415250118
-32.34289462877581 12.67261356160388
-34.40403857937445 14.998235148399399
-36.46518252997309 17.63017589228917
-38.526326480571726 18.68212270452426
-40.58747043117037 17.82910525138184
-42.64861438176901 21.759374811503733
-44.709758332367656 22.759183690316938
-46.7709022829663 25.391410743428516
-48.83204623356494 27.60029796110906
-50.89319018416357 26.836340489011665
-52.95433413476221 26.39802472639065
-55.015478085360854 26.579070186277423
-57.07662203595949 24.973021533037233
-59.13776598655813 20.378544302811335
-61.19890993715677 18.104744325045452
-63.26005388775541 16.918006233673843
-65.32119783835405 12.067300542845494
-67.38234178895269 10.940824301885854
-69.44348573955133 8.999372472094572
-71.50462969014997 6.989219022055063
-73.56577364074863 6.493093572755556
-75.62691759134727 5.7935629555541635
-77.6880615419459 3.621632989090762
-79.74920549254455 1.5317052128555533
-81.81034944314318 -0.2065529104294713
-83.87149339374183 -1.8581370598699873
-85.93263734434046 -2.0427127373699334
-87.99378129493911 -1.6367704157791187
-90.05492524553775 -3.571857891989676
-92.11606919613638 -3.9254205198146828
-94.17721314673503 -4.419185903313264
-96.23835709733366 -3.6642113437315693
-98.29950104793231 -3.3949877574940146
-100.36064499853094 -5.4092656039991365
-102.42178894912959 -4.295295268300308
-104.48293289972823 -4.211638494887576
-106.54407685032686 -5.179576261240293
-108.60522080092551 -4.189213789991544
-110.66636475152414 -2.7042154103504643
-112.7275087021228 -2.0499414487644043
-114.78865265272144 -3.5471418445279634
-116.84979660332009 -2.730848171129633
-118.91094055391872 -4.640428198723056
-120.97208450451735 -3.5598614274991354
-123.033228455116 -3.136866934809688
-125.09437240571464 -2.922025442774716
-127.15551635631329 -4.529776159067679
-129.2166603069119 -3.102791866295359
-131.27780425751055 -3.8479729440883252
-133.3389482081092 -4.644929445407269
-135.40009215870785 -4.235862006887657
-137.4612361093065 -2.917878385398333
-139.52238005990512 -2.4668853335663163
-141.58352401050377 -3.2735994590622566
-143.6446679611024 -3.5880602734748273
-145.70581191170106 -2.312388124165241
-147.76695586229968 -4.277031808560978
-149.82809981289833 -3.108483834755255
-151.88924376349695 -4.531003147464954
-153.95038771409563 -3.977278594659332
-156.01153166469425 -2.7369270803424883
-158.0726756152929 -3.8037051040449303
-160.1338195658915 -2.3277383024732874
-162.19496351649016 -3.4177485401919094
-164.2561074670888 -4.38471094910334
-166.31725141768746 -1.8071587007319805
-168.37839536828608 -2.9361545228415733
-170.43953931888473 -3.573911849976667
-172.5006832694834 -3.4676602881899794
-174.56182722008202 -3.2115344137576107
-176.62297117068067 -3.930978193181592
-178.6841151212793 -4.51578449553574
-180.74525907187794 -3.086717817002765
-182.8064030224766 -1.8992463027269293
-184.86754697307524 -3.2490243726309007
-186.92869092367386 -2.2839239003695053
-188.9898348742725 -1.5072529304285907
-191.05097882487112 -2.5904230188987656
-193.1121227754698 -2.638247570906061
-195.17326672606842 -1.5026718009813658
-197.23441067666707 -2.543440564879826
-199.2955546272657 -2.564127879018779
-201.35669857786434 -4.188476127713026
-203.41784252846298 -2.7829628071486057
-205.47898647906163 -2.1146654442239767
-207.54013042966025 -2.7263131747398988
-209.6012743802589 -1.9995142033801843
-211.66241833085758 -0.8309950121403401
-213.7235622814562 -1.067158614583059
-215.78470623205484 -1.7805479043148642
-217.84585018265346 -2.130434967137707
