# BEGINHEADER
# This file contains data from the SALSA 2m radio telescope.
# DATE=2024-04-12T06:34:0049
# GLON and GLAT given in degrees
# GLON=81.80642349636865
# GLAT=0.056494145661385366
# DATA in two columns below. Col. 1 is velocity relative to LSR [km/s]. Col. 2 is uncalibrated antenna temperature [K].
# ENDHEADER
294.0227547524687 -0.9893727937920233
291.96161080187 -1.08310250059572
289.90046685127135 0.6741660438465423
287.83932290067276 0.5299859634680092
285.77817895007405 -1.6695689253817008
283.71703499947546 1.0477502162732313
281.6558910488768 -1.688435058538868
279.59474709827816 -0.8686460041491769
277.5336031476795 0.7815894744905163
275.47245919708087 1.1265930368578505
273.4113152464823 3.2115741251762846
271.3501712958836 0.8193379029878155
269.2890273452849 2.3926879484167483
267.22788339468633 0.5174314141006212
265.1667394440877 0.010352163778425873
263.1055954934891 0.7576632914603718
261.0444515428904 -0.6372487322390432
258.9833075922918 -0.28340636171908135
256.9221636416931 0.9857959123003086
254.86101969109447 1.9417990192339718
252.79987574049585 1.2990909711620497
250.7387317898972 1.5116264353731799
248.67758783929855 -0.3818346120909432
246.6164438886999 3.0195669718258156
244.55529993810126 2.4007843862399607
242.49415598750264 1.0583361172634873
240.433012036904 1.0282794207733554
238.37186808630537 -2.107557630012052
236.3107241357067 -0.8110132675562891
234.24958018510807 -0.13876722782088471
232.18843623450942 1.8443549512151656
230.1272922839108 0.29547293054600365
228.06614833331213 -1.646457875387415
226.0050043827135 1.19709063963928
223.94386043211486 -0.7077260092280838
221.88271648151624 -0.045458955541950126
219.8215725309176 -0.8265377195142466
217.76042858031894 0.9486957471415982
215.6992846297203 0.9391175175326011
213.63814067912168 -0.14900220799611122
211.57699672852303 1.3595909224891787
209.51585277792438 0.14562939693786045
207.45470882732573 -1.4657089571870436
205.39356487672708 -0.4933278482240321
203.33242092612846 0.2751037576277428
201.27127697552982 -1.0841152448917981
199.2101330249312 0.05062322730168008
197.14898907433252 -0.715937464515251
195.08784512373387 -1.8125912917981906
193.02670117313522 -0.092643258782722
190.9655572225366 2.107581958666165
188.90441327193795 1.1573419720114977
186.8432693213393 -2.3120189328153993
184.78212537074066 -0.5323759623777242
182.72098142014204 -0.29301569529370325
180.6598374695434 -1.1391205356582021
178.59869351894477 0.4338077935434548
176.5375495683461 -1.404874498399937
174.47640561774745 -2.024685789320672
172.41526166714883 -0.6218909829871976
170.35411771655018 -1.304204005055132
168.29297376595156 0.04277272841248145
166.23182981535288 -0.757868943989491
164.17068586475426 -0.406348507837492
162.1095419141556 -1.0078696101486853
160.048397963557 -4.049067685382813
157.98725401295832 -2.1321191991419086
155.9261100623597 -0.9130597421939689
153.86496611176105 -1.511449698116994
151.80382216116243 -1.5641288024399684
149.74267821056378 -1.8045733275490214
147.68153425996513 -1.9413089846426552
145.62039030936648 0.2898170304489142
143.55924635876787 -2.123894826931646
141.49810240816922 -1.375930489158169
139.4369584575706 -0.7170809501313454
137.37581450697192 -2.270646725860519
135.31467055637327 -0.4313868219265184
133.25352660577465 -1.3461303711533048
131.192382655176 -2.031737249785839
129.13123870457736 -2.7319561211168715
127.07009475397874 -2.4564581083153074
125.00895080338009 -1.2298914895931432
122.94780685278145 -2.2514308100357394
120.8866629021828 -1.3517972060989043
118.82551895158417 -1.2546407211566093
116.76437500098551 -1.1335047448270426
114.70323105038688 0.0067243004753878635
112.64208709978824 -0.5833558243918854
110.5809431491896 -0.747120155616967
108.51979919859096 -1.2699212406572014
106.45865524799231 -0.622906029432004
104.39751129739368 -2.718581562259754
102.33636734679504 -0.17650778335039108
100.2752233961964 -2.6469411973056394
98.21407944559776 -1.3524833900725197
96.15293549499913 -2.8212968735690858
94.0917915444005 -1.7978377097772422
92.03064759380185 -3.7671531909104568
89.96950364320321 -1.4415144724415754
87.90835969260456 -1.6316945194278438
85.84721574200593 -2.9190014135872984
83.78607179140728 -4.393879096145322
81.72492784080865 -4.016468772503065
79.66378389021001 -2.157654901744005
77.60263993961135 -3.199635213964602
75.54149598901272 -2.6003523755498335
73.48035203841407 -1.488706557096594
71.41920808781543 -3.5309352970594707
69.35806413721679 -3.9598379392684473
67.29692018661815 -2.115253200371063
65.23577623601952 -3.0532427845879333
63.17463228542087 -3.2745950926924428
61.113488334822236 -2.686088693371124
59.052344384223595 -3.9148400857054875
56.991200433624954 -3.0172280570497696
54.93005648302631 -2.0987778378551463
52.86891253242767 -3.0248844245651045
50.80776858182903 -2.6209222192961983
48.74662463123038 -2.9432442965944374
46.68548068063174 -2.0122152161093187
44.6243367300331 -2.346861322220559
42.56319277943446 -2.812087126382352
40.50204882883582 -2.3316909961901753
38.44090487823718 -1.6089140025390753
36.37976092763854 -1.2610633916498633
34.3186169770399 -1.416893513819829
32.25747302644126 -1.265774627363671
30.196329075842616 0.7417174928809316
28.135185125243975 3.5280117595982654
26.074041174645338 3.9497486877165255
24.012897224046693 5.695010021046261
21.951753273448052 13.032830909907776
19.89060932284941 21.337882155811865
17.829465372250773 34.29688669721182
15.76832142165213 49.860296392190996
13.707177471053491 67.42934354218227
11.64603352045485 89.54323456401285
9.58488956985621 100.84478661885969
7.52374561925757 103.87237240023751
5.462601668658928 105.56578667584047
3.4014577180602865 101.82064336448725
1.340313767461646 102.39953358774824
-0.7208301831369948 99.82417262360208
-2.7819741337356354 97.27501254581574
-4.843118084334276 92.36777146363264
-6.904262034932916 83.5398697200664
-8.965405985531557 76.1734216306587
-11.026549936130197 71.5909841164366
-13.087693886728841 62.2762105742044
-15.14883783732748 47.91980201833368
-17.20998178792612 37.204993850720385
-19.271125738524763 31.13230106069811
-21.332269689123404 25.408245062971286
-23.393413639722045 23.580007153260283
-25.454557590320686 22.23919718263797
-27.515701540919327 22.98760599350622
-29.576845491517965 24.428126105750707
-31.637989442116606 31.05410337522447
-33.69913339271525 35.20860021035848
-35.76027734331389 41.3242474467781
-37.82142129391253 46.654357596437585
-39.88256524451117 48.29184818682582
-41.94370919510981 49.72990472555276
-44.00485314570845 46.35567338770741
-46.065997096307086 40.77988464212491
-48.127141046905734 38.90819179815899
-50.18828499750437 30.770532006683187
-52.24942894810301 23.664314009088457
-54.31057289870165 20.584978122013133
-56.37171684930029 17.16305932741881
-58.43286079989893 15.782811163016309
-60.494004750497574 18.69359603199837
-62.555148701096215 22.35143962138388
-64.61629265169485 28.358857341172556
-66.6774366022935 34.78824860997797
-68.73858055289213 37.4859062520099
-70.79972450349076 40.51169518772296
-72.86086845408941 41.23367120140092
-74.92201240468805 39.0917914318849
-76.98315635528671 37.29595528869275
-79.04430030588534 32.92912221169267
-81.10544425648399 30.338515164382503
-83.16658820708263 28.513723219297685
-85.22773215768126 24.933846638757256
-87.28887610827991 22.875530201524246
-89.35002005887854 20.89786501985319
-91.41116400947719 15.067585062310606
-93.47230796007582 12.141100135046848
-95.53345191067447 9.614156275540969
-97.5945958612731 5.631083231268438
-99.65573981187175 3.5167282236416333
-101.7168837624704 0.9782675214379065
-103.77802771306904 0.33034119925917416
-105.83917166366767 1.7006117830568848
-107.90031561426632 1.3006829947039749
-109.96145956486495 0.31777339437821833
-112.0226035154636 -0.217569002556623
-114.08374746606223 2.1958942244811244
-116.1448914166609 -1.0432034928469849
-118.20603536725953 -1.2274425583376143
-120.26717931785817 -1.520199144013931
-122.32832326845681 -0.6892633916125337
-124.38946721905545 -1.3069196425950593
-126.4506111696541 -2.0237356182471276
-128.51175512025273 -1.257657994123123
-130.57289907085138 -3.357257466955241
-132.63404302145 -2.3385919679065448
-134.69518697204867 -1.9903631582207182
-136.7563309226473 -3.223312994064489
-138.81747487324594 -1.8250468204611765
-140.87861882384456 -1.7142655255523014
-142.93976277444324 -2.8962542121362165
-145.00090672504186 -3.4900153024045233
-147.0620506756405 -3.9276874524565746
-149.12319462623913 -3.2407146409861354
-151.18433857683777 -2.3157776863907396
-153.24548252743642 0.008626799957273763
-155.30662647803507 -1.9083769423683148
-157.3677704286337 -3.079957588363216
-159.42891437923234 -1.212838084023072
-161.49005832983096 -1.1587642090397599
-163.55120228042964 -1.368289887862915
-165.61234623102825 -1.7599546387468747
-167.6734901816269 -1.5916096563072104
-169.73463413222552 -2.777362876634248
-171.7957780828242 -2.6895599670786634
-173.85692203342285 -3.590071597191267
-175.91806598402147 -3.414406245581228
-177.97920993462012 -0.7278171251198507
-180.04035388521874 -0.8239447270760697
-182.1014978358174 -2.607827215513514
-184.16264178641603 -2.8050033649011064
-186.22378573701468 -1.7349987960434978
-188.2849296876133 -1.4838989070663386
-190.34607363821195 -0.4154884472635848
-192.4072175888106 -0.534957016638507
-194.46836153940924 -1.8432057825349943
-196.52950549000786 -1.1976303030305995
-198.5906494406065 -1.4301079945950317
-200.65179339120513 -1.942950719168166
-202.71293734180378 -1.8727678311345615
-204.7740812924024 -2.6457050468536365
-206.83522524300105 -2.1368268154739534
-208.8963691935997 -1.1947543395339988
-210.95751314419834 -1.1017786535064795
-213.018657094797 -0.8034632966936669
-215.0798010453956 -3.001745855361656
-217.14094499599426 -1.224499676366435
-219.2020889465929 -1.1492377201457271
-221.26323289719156 -1.3845948254953355
-223.32437684779018 -1.1296459203129345
-225.38552079838882 0.08845526586316647
-227.44666474898747 -2.4168790307182326
-229.50780869958612 -1.4266837691072125
-231.56895265018474 -0.5171309145460447
