# BEGINHEADER
# This file contains data from the SALSA 2m radio telescope.
# DATE=2024-04-12T07:28:0025
# GLON and GLAT given in degrees
# GLON=67.87920311328713
# GLAT=4.150771689613661
# DATA in two columns below. Col. 1 is velocity relative to LSR [km/s]. Col. 2 is uncalibrated antenna temperature [K].
# ENDHEADER
300.9803929444778 -1.863606122308042
298.9192489938792 -2.2523322470142126
296.85810504328055 -0.7726779881692654
294.7969610926819 -3.2957398501849475
292.73581714208325 -2.2005688374703776
290.6746731914846 0.40433802403412156
288.613529240886 -0.4100473676979719
286.5523852902873 1.238478597610069
284.49124133968866 -0.4366516733880008
282.43009738909007 0.46375845711981356
280.3689534384914 3.887786840163013
278.30780948789277 -0.5903806513736611
276.2466655372941 0.8336343019031491
274.1855215866955 -0.4366556740878832
272.1243776360969 0.6472027505579965
270.0632336854982 0.6739253469638983
268.0020897348996 -2.1375243820166245
265.94094578430094 -1.2809133660143202
263.87980183370223 1.0248993868241842
261.81865788310364 1.4142716440305458
259.757513932505 0.7119601233319023
257.69636998190634 0.5219770554440286
255.63522603130772 -0.03617674284403834
253.57408208070908 0.9336752850556265
251.51293813011046 2.2417364602016474
249.45179417951178 0.19420271119377244
247.39065022891316 0.5616290310841787
245.3295062783145 -0.055843939128729626
243.2683623277159 0.8267296271852891
241.20721837711721 0.8880261747574697
239.1460744265186 -0.5679532911920603
237.08493047591995 0.39606410624719585
235.02378652532133 -0.21428844215816686
232.96264257472268 0.5033722310671198
230.901498624124 0.7428195970100869
228.84035467352538 0.260497944757493
226.77921072292673 -0.1896488686203165
224.71806677232811 1.683283724856224
222.65692282172947 -0.20697090236691543
220.59577887113082 -1.240756557994154
218.53463492053217 -0.2887021503815653
216.47349096993355 0.9989502236394033
214.4123470193349 -0.9685416869693413
212.35120306873628 0.5297174363476215
210.2900591181376 -0.6689506846556713
208.228915167539 -0.35233100019236663
206.16777121694034 0.30754221014631217
204.10662726634172 -2.1274409216742822
202.04548331574304 -3.19788531727191
199.98433936514442 -0.17828429578139782
197.92319541454577 0.8005740859940007
195.86205146394715 -0.6432972295847124
193.8009075133485 0.08641160858083416
191.73976356274983 -1.3761183357183584
189.6786196121512 -0.41010726905272304
187.61747566155256 -1.618414358465088
185.55633171095394 -0.19606512237471882
183.4951877603553 -1.3802477684298868
181.43404380975664 0.03295890152409759
179.372899859158 -0.7375598019189324
177.31175590855938 -0.9043646368251783
175.25061195796073 -0.20886769780794762
173.18946800736208 -2.500106092815073
171.12832405676343 -2.120093974038205
169.0671801061648 0.33392274268427113
167.00603615556616 -1.2508877271074537
164.94489220496754 -1.2208586028152164
162.88374825436887 -1.4365406688790772
160.82260430377025 -1.859769473902121
158.7614603531716 -0.8184334493207782
156.70031640257298 -2.5138495202862456
154.63917245197433 -0.7518066567876103
152.57802850137566 -1.6012935931778312
150.51688455077704 -0.6115635717093401
148.4557406001784 -0.535733770142802
146.39459664957977 -1.292230258858693
144.3334526989811 -2.0472523312776643
142.27230874838247 -2.1495510468740138
140.21116479778382 -0.7282484695303622
138.1500208471852 -0.20000639345738774
136.08887689658656 -0.38925899507288775
134.0277329459879 -0.7046876857364325
131.96658899538926 -3.3053399368639753
129.90544504479064 -1.4750514443583056
127.84430109419199 -1.6541752723228842
125.78315714359334 -1.7323446398555964
123.72201319299471 -1.0713372467784272
121.66086924239606 -2.9170192355323623
119.59972529179743 -1.7703220500143437
117.53858134119878 -2.570769930168783
115.47743739060014 -2.818013291758746
113.41629344000151 -2.746295300245684
111.35514948940286 -2.4361916175172493
109.29400553880423 -2.8949166344301425
107.23286158820558 -1.704783671256109
105.17171763760695 -1.1313097953709708
103.1105736870083 -2.3902750914557203
101.04942973640966 -3.1314314446141234
98.98828578581102 -1.7216331224042138
96.92714183521235 -3.3393332770787234
94.86599788461372 -2.2534776519225668
92.80485393401509 -3.663206933739519
90.74370998341644 -3.250622577163323
88.6825660328178 -1.9891733747239602
86.62142208221915 -2.7828193338413403
84.56027813162052 -3.691648528366061
82.49913418102187 -1.4686720766044132
80.43799023042324 -2.666365812621092
78.3768462798246 -2.916735949952304
76.31570232922596 -3.070515767577386
74.25455837862732 -1.8774928445678591
72.19341442802867 -2.5616664944823104
70.13227047743004 -1.6873396406633279
68.07112652683139 -2.6586528240063836
66.00998257623276 -2.4097960245794425
63.94883862563411 -2.115126575366842
61.88769467503547 -3.1486833840447703
59.826550724436835 -3.0876985781443045
57.765406773838194 -2.90209895022208
55.70426282323955 -1.888225669726955
53.64311887264091 -2.258455382852983
51.58197492204227 -1.2854046445285918
49.52083097144363 -3.2179678851104785
47.45968702084498 -2.4683397882168223
45.39854307024635 -0.9323121401242181
43.337399119647706 -0.28489563729023604
41.276255169049065 -0.4342111773887396
39.215111218450424 -0.21807565442531737
37.15396726785178 0.2420506312894886
35.09282331725314 2.455814292749756
33.0316793666545 4.986051188533407
30.97053541605586 5.7327538281657535
28.909391465457222 11.700133454678681
26.84824751485858 14.815302242853651
24.78710356425994 22.473080274621676
22.725959613661296 26.393266182595745
20.664815663062658 34.25135273425527
18.603671712464017 41.2912966460683
16.542527761865376 49.84519021769645
14.481383811266735 57.48268785194914
12.420239860668095 62.07285658596709
10.359095910069454 70.12678813080004
8.297951959470815 75.51082852925248
6.236808008872174 78.79020395437523
4.175664058273533 77.05002432892327
2.114520107674892 67.47649701581615
0.05337615707625105 58.703687915474745
-2.00776779352239 50.158601085179754
-4.0689117441210305 39.57796057631545
-6.130055694719671 32.29715507029541
-8.191199645318312 26.61158423043412
-10.252343595916953 22.177840854290206
-12.313487546515594 18.731832203266613
-14.374631497114235 17.0259418922961
-16.435775447712878 16.25359425203424
-18.49691939831152 15.344616977158713
-20.558063348910157 12.672942380146152
-22.619207299508798 10.249289733353564
-24.680351250107442 8.157665350286065
-26.74149520070608 8.74152896892133
-28.80263915130472 7.653708008525184
-30.863783101903362 5.13209644018068
-32.92492705250201 5.165990660781555
-34.98607100310065 3.834595099512429
-37.04721495369928 3.1281672688122355
-39.10835890429792 2.2669757818110288
-41.169502854896564 1.817064577244398
-43.230646805495205 4.586802176743716
-45.291790756093846 5.850576892691634
-47.35293470669249 5.89940219868485
-49.414078657291135 8.382757162496306
-51.47522260788977 9.30889175789983
-53.53636655848841 10.455752442601124
-55.59751050908705 13.30622460809094
-57.65865445968569 15.704947036812104
-59.719798410284334 18.895389121148508
-61.780942360882975 22.728824555372547
-63.842086311481616 26.675247418941712
-65.90323026208026 29.3180228254696
-67.9643742126789 30.169716665812224
-70.02551816327754 29.659443766364586
-72.08666211387617 27.039535363980388
-74.14780606447482 22.492438379663163
-76.20895001507346 18.14552107375686
-78.2700939656721 14.17049798900418
-80.33123791627074 10.560208232617507
-82.39238186686939 10.152972609419127
-84.45352581746802 6.246685757574724
-86.51466976806665 6.531993267448839
-88.5758137186653 6.9088704873161495
-90.63695766926394 7.393235275430454
-92.69810161986258 4.889155205956305
-94.75924557046122 4.380131235521618
-96.82038952105988 6.433672085465177
-98.88153347165851 6.0471713121847
-100.94267742225715 5.456868327009539
-103.00382137285578 4.538932870022519
-105.06496532345443 6.530385127825279
-107.12610927405306 6.539851050404426
-109.1872532246517 4.551323013340524
-111.24839717525035 1.9983881633746845
-113.30954112584898 -0.10044351186326832
-115.37068507644763 -1.12101978428999
-117.43182902704626 -0.9920492349089911
-119.4929729776449 -3.114639370095552
-121.55411692824354 -4.051115298969266
-123.61526087884218 -2.954826778078794
-125.67640482944083 -2.722608875761204
-127.73754878003946 -2.7014702079284842
-129.79869273063812 -2.5071138529614108
-131.85983668123674 -3.2462183235795803
-133.9209806318354 -2.9717545776528977
-135.982124582434 -2.863006637226703
-138.0432685330327 -2.531161995186695
-140.1044124836313 -3.0000568806727985
-142.16555643422996 -2.82979694525677
-144.22670038482858 -2.6703464282322056
-146.28784433542725 -3.566300375043626
-148.34898828602587 -2.2036142660632163
-150.41013223662452 -3.535735092682844
-152.47127618722314 -3.6330083158545925
-154.5324201378218 -2.0681415534209773
-156.59356408842046 -2.7306711747760763
-158.65470803901908 -3.21796472277096
-160.71585198961773 -3.925075910497053
-162.77699594021635 -3.5502684868608325
-164.838139890815 -3.235462259238717
-166.89928384141365 -3.247090925902495
-168.9604277920123 -3.3507483933706608
-171.02157174261092 -1.8826751732428468
-173.08271569320956 -2.5598173678342393
-175.14385964380818 -3.0198387558964965
-177.20500359440686 -3.463652143851897
-179.26614754500548 -3.761951297294554
-181.32729149560413 -2.6765456442876503
-183.38843544620275 -2.596010536695365
-185.44957939680143 -1.0172785070825987
-187.51072334740005 -2.5454712382670475
-189.5718672979987 -2.4223897652301356
-191.6330112485973 -2.5038234261396104
-193.69415519919596 -3.6777011374231225
-195.75529914979464 -3.4535813836236957
-197.81644310039326 -2.265939322771762
-199.8775870509919 -3.6428210548020723
-201.93873100159053 -1.992175155517651
-203.99987495218917 -3.1276001442112134
-206.06101890278782 -1.9997826553408116
-208.12216285338647 -1.8930829470574513
-210.1833068039851 -3.2398002696877217
-212.24445075458374 -1.8547731650566697
-214.3055947051824 -0.8955046430493782
-216.36673865578103 -1.1298852120502567
-218.42788260637965 0.6540128247537726
-220.4890265569783 -0.6935577852387271
-222.55017050757692 -2.9558501229101
-224.6113144581756 -1.0430856953054306
