# BEGINHEADER
# This file contains data from the SALSA 2m radio telescope.
# DATE=2024-04-09T13:22:0044
# GLON and GLAT given in degrees
# GLON=124.89034179411674
# GLAT=-0.1544971652299018
# DATA in two columns below. Col. 1 is velocity relative to LSR [km/s]. Col. 2 is uncalibrated antenna temperature [K].
# ENDHEADER
262.5792922853841 -1.1858239327865796
260.51814833478545 -3.232208026998925
258.4570043841868 -4.62437451091943
256.3958604335882 -4.897178243977781
254.33471648298956 -2.080763411421861
252.2735725323909 -3.981877973426885
250.21242858179227 -3.8908625951312903
248.15128463119362 -3.0854916367343805
246.090140680595 -2.4725700029167585
244.02899672999635 -1.4094968727197075
241.96785277939767 -1.9554654309180461
239.90670882879905 -2.6025789108625785
237.8455648782004 -2.156321864753607
235.7844209276018 -3.5564761570181513
233.72327697700314 -3.126800777675734
231.6621330264045 -2.4906176875528607
229.60098907580584 -2.549797289712311
227.53984512520722 -2.7761010120487986
225.47870117460857 -4.132421710670179
223.41755722400995 -3.826158773993786
221.35641327341128 -2.6647859964594276
219.29526932281266 -3.6185014189257836
217.234125372214 -3.319072323518824
215.1729814216154 -3.9100585042532803
213.1118374710167 -1.688562691962072
211.0506935204181 -3.8315382684346977
208.98954956981945 -2.874479837886846
206.92840561922083 -3.0426190167646827
204.86726166862218 -1.7136523012989848
202.8061177180235 -2.394818848081922
200.74497376742488 -3.7289616811427826
198.68382981682623 -2.682039674703047
196.62268586622758 -3.5723908611104935
194.56154191562894 -2.5276730028646424
192.50039796503032 -3.7432246532542623
190.43925401443164 -3.8960562846745215
188.37811006383302 -3.1223786881021978
186.31696611323437 -2.040843787204129
184.25582216263575 -3.111165448078054
182.19467821203708 -4.41077491176856
180.13353426143846 -3.1431355621291552
178.0723903108398 -2.2007768995794246
176.0112463602412 -1.8437570683828517
173.95010240964254 -4.3594062417184025
171.8889584590439 -1.3798935136299728
169.82781450844524 -4.317962418382032
167.76667055784662 -3.74306553742498
165.70552660724798 -4.247582250916537
163.64438265664933 -4.505196986885023
161.58323870605068 -1.3408758431974392
159.52209475545203 -3.019335658875096
157.4609508048534 -1.754126539110287
155.39980685425476 -3.349754835065846
153.33866290365614 -2.7967239657613634
151.27751895305747 -3.0542125849381003
149.21637500245885 -3.834394147820444
147.1552310518602 -2.701466713904355
145.09408710126158 -2.7462448518044984
143.0329431506629 -3.7392096025338213
140.97179920006428 -1.5747440641078756
138.91065524946563 -1.1651753438577472
136.84951129886701 -1.4965865701640784
134.78836734826837 -2.795378756219136
132.72722339766972 -1.2393202020156824
130.66607944707107 -1.2821107243924903
128.60493549647245 -2.0798682675446973
126.5437915458738 -1.4672598918550648
124.48264759527515 -2.1837082161007393
122.42150364467652 -0.8389347782950308
120.36035969407787 -0.9472725047999687
118.29921574347924 -1.6418579097217594
116.23807179288059 -2.956206697056781
114.17692784228196 -0.35075635503579006
112.11578389168332 0.029435844082681756
110.05463994108467 -2.630093213964984
107.99349599048602 -1.8628939944375342
105.93235203988738 -1.1304753562411993
103.87120808928874 -3.8363558815233585
101.8100641386901 -4.974852676453944
99.74892018809146 -1.2315925833538581
97.68777623749283 -1.147832817186837
95.62663228689419 -1.2536218340859089
93.56548833629554 -2.1487288003580574
91.50434438569691 -2.042212438475693
89.44320043509828 -2.2967645307328683
87.38205648449963 -2.774960168407318
85.320912533901 -1.5546599356425082
83.25976858330235 0.04796642093640912
81.19862463270371 -1.4533874359162937
79.13748068210506 0.23457713484908904
77.07633673150643 -1.0167924550686327
75.0151927809078 -2.4620816453456156
72.95404883030915 -1.8170012604894812
70.89290487971051 -0.08433489613386974
68.83176092911185 -1.0652382181073092
66.77061697851322 -2.354825939051397
64.70947302791458 -2.7825867546395915
62.64832907731594 -1.6787757443852955
60.5871851267173 -2.142876536866274
58.52604117611865 -2.255336452378047
56.46489722552002 -2.0121015779113183
54.40375327492138 -0.8959178771597679
52.34260932432274 -2.726570736039672
50.281465373724096 -0.15215069755391775
48.220321423125455 -1.924990768930104
46.159177472526814 -3.1289909054676164
44.09803352192817 -1.0231366128155341
42.03688957132954 -1.4404334160880068
39.9757456207309 -1.7882058777357275
37.91460167013225 -1.8831485071307974
35.85345771953361 -0.576864975442114
33.79231376893497 -0.2669368596528912
31.73116981833633 -0.01295465566953556
29.67002586773769 -0.2869336929395252
27.608881917139048 -0.5523520920706233
25.54773796654041 -0.6020584488458975
23.486594015941765 0.28464957106990685
21.425450065343124 0.46245493906550883
19.364306114744487 0.42323667282624233
17.303162164145846 1.4576834954350357
15.242018213547203 1.053705730745282
13.180874262948562 0.6302449759984579
11.11973031234992 3.3520738128275487
9.05858636175128 8.140040656080254
6.9974424111526385 14.636656308438637
4.9362984605539975 26.23697763967729
2.8751545099553573 41.43242243092223
0.8140105593567164 51.89005649683558
-1.2471333912419242 57.67833934086543
-3.308277341840565 65.0117626107074
-5.369421292439206 66.2125835395116
-7.430565243037847 69.13912201867142
-9.491709193636487 72.2288131820051
-11.55285314423513 72.08998338072116
-13.613997094833767 62.3160711543675
-15.67514104543241 52.42182680769537
-17.73628499603105 42.586334995965345
-19.79742894662969 34.99588353374114
-21.858572897228328 30.519295055817295
-23.919716847826972 24.06105524202836
-25.980860798425613 21.034274293619312
-28.042004749024255 20.874819316415287
-30.103148699622892 25.544796214085807
-32.16429265022153 29.537884953579567
-34.225436600820174 31.64545267423934
-36.286580551418815 36.05047231915279
-38.34772450201746 38.741404372129765
-40.4088684526161 44.16847363065351
-42.47001240321474 49.64260802656995
-44.53115635381338 49.53454630946843
-46.59230030441202 50.683579163684925
-48.65344425501066 51.77666101117405
-50.7145882056093 57.21403628746661
-52.77573215620794 61.42118268133405
-54.83687610680658 65.44248879900647
-56.898020057405226 68.37300481329405
-58.95916400800387 67.62063000889205
-61.02030795860251 62.45737328286061
-63.08145190920115 56.254554801743694
-65.14259585979978 53.60741349976107
-67.20373981039843 45.581234573295056
-69.26488376099707 40.29889500767142
-71.32602771159571 34.20501364453302
-73.38717166219435 28.420354995719606
-75.44831561279298 23.968139671426208
-77.50945956339163 21.494345528556742
-79.57060351399026 18.52164726318945
-81.63174746458891 18.500394734667523
-83.69289141518755 17.527810198234388
-85.75403536578621 16.87098299465077
-87.81517931638484 17.0998164755636
-89.87632326698348 16.060548905312945
-91.93746721758212 15.240703170002732
-93.99861116818076 12.488812755860307
-96.0597551187794 15.299612108204954
-98.12089906937804 15.313501057095882
-100.18204301997669 15.964669740589608
-102.24318697057534 13.808889765015136
-104.30433092117397 11.594674625873848
-106.36547487177262 10.697045884890056
-108.42661882237125 7.738089611901915
-110.48776277296989 6.02888837498195
-112.54890672356854 3.153347011201856
-114.61005067416717 3.063066621271746
-116.67119462476582 1.3823978987789882
-118.73233857536445 0.5580154158829886
-120.7934825259631 -1.1775427677158807
-122.85462647656173 -1.9921288522723044
-124.91577042716038 0.5173969460289963
-126.97691437775903 -1.8490973384726361
-129.03805832835766 -2.3161507989797867
-131.0992022789563 -0.929202330192143
-133.16034622955493 -2.32018128730685
-135.22149018015358 -3.1229638552595005
-137.2826341307522 -4.0002120034598905
-139.34377808135088 -4.619113279343888
-141.4049220319495 -3.387191676742184
-143.46606598254814 -4.076008748757897
-145.5272099331468 -3.0351289361149574
-147.58835388374544 -3.760944722900424
-149.6494978343441 -4.795232178628419
-151.7106417849427 -4.688713067952708
-153.77178573554136 -4.884022154700559
-155.83292968613998 -2.478467515868275
-157.89407363673865 -5.287709579184777
-159.95521758733727 -4.126158251167278
-162.01636153793592 -4.419754818056451
-164.07750548853454 -5.28880391632668
-166.1386494391332 -5.117890396555591
-168.19979338973184 -4.81839569323036
-170.26093734033049 -6.116565132448764
-172.3220812909291 -3.282900241457099
-174.38322524152775 -3.8923636026864528
-176.4443691921264 -3.268525469379014
-178.50551314272505 -3.849442951087626
-180.56665709332367 -5.013476853150385
-182.62780104392232 -4.392949300850506
-184.68894499452097 -2.342923149252885
-186.75008894511961 -3.687179970299872
-188.81123289571826 -4.656992772875944
-190.87237684631688 -5.322118092796621
-192.93352079691553 -3.48614832675271
-194.99466474751415 -1.8842457662277994
-197.05580869811283 -3.927844288661589
-199.11695264871142 -4.778652645754441
-201.17809659931007 -3.1342434752107606
-203.23924054990871 -3.7495005112411532
-205.30038450050736 -3.4267879810496717
-207.36152845110598 -3.505100897922978
-209.42267240170463 -1.4170883509918173
-211.48381635230325 -3.9047746980012437
-213.54496030290193 -3.702747243017771
-215.60610425350055 -0.7024751493901736
-217.6672482040992 -3.1848622353973233
-219.72839215469781 -4.731225095717169
-221.78953610529646 -1.922029371181647
-223.85068005589514 -3.1063791891744184
-225.91182400649376 -5.006612056484379
-227.9729679570924 -3.078959645551716
-230.03411190769103 -3.2803823263371856
-232.0952558582897 -2.6336618730695625
-234.15639980888832 -3.0113556666752284
-236.21754375948697 -5.31299308499478
-238.2786877100856 -3.432448207405355
-240.33983166068424 -3.3381089816078426
-242.4009756112829 -2.7724063418341607
-244.46211956188154 -4.7372255818968405
-246.52326351248016 -2.8351424766657165
-248.5844074630788 -4.062227520967453
-250.64555141367742 -3.5729354218205995
-252.7066953642761 -2.652823698156491
-254.76783931487472 -4.431142515835289
-256.82898326547337 -2.4480006139053097
-258.890127216072 -4.92085571672978
-260.9512711666706 -3.1729693878235143
-263.01241511726926 -5.0650591152286255
