# BEGINHEADER
# This file contains data from the SALSA 2m radio telescope.
# DATE=2024-03-27T09:15:0045
# GLON and GLAT given in degrees
# GLON=64.81390197380185
# GLAT=0.12426413380930519
# DATA in two columns below. Col. 1 is velocity relative to LSR [km/s]. Col. 2 is uncalibrated antenna temperature [K].
# ENDHEADER
300.2693895785238 16.17020715930282
298.20824562792524 30.059376776959034
296.14710167732653 26.004990780369646
294.0859577267279 25.465833463114425
292.0248137761293 25.273250722690175
289.96366982553064 19.27465137031127
287.90252587493194 22.100066465576425
285.84138192433335 22.536028647404315
283.7802379737347 23.585248549892345
281.71909402313605 15.429031479514709
279.6579500725374 3.5258821415090793
277.59680612193876 26.00118369510984
275.53566217134016 18.968610467690088
273.47451822074146 22.979733753576493
271.41337427014287 20.68177360033132
269.3522303195442 26.316143771037304
267.29108636894557 24.322248079248652
265.2299424183469 21.424148670672658
263.1687984677483 15.592925172886183
261.1076545171496 20.428795358386083
259.04651056655104 19.32176977666801
256.9853666159524 16.106799749823896
254.92422266535374 23.05305544473385
252.8630787147551 24.2522894803993
250.80193476415644 22.313905255471184
248.74079081355782 19.97018952571568
246.67964686295917 22.90023040211484
244.61850291236053 18.866490726312595
242.55735896176188 20.466981453712506
240.49621501116323 23.936646344605045
238.4350710605646 23.734755015402133
236.37392710996596 20.434950862550217
234.3127831593673 20.886399336314874
232.25163920876867 19.26101659017924
230.19049525817005 19.206180157310175
228.1293513075714 23.70760815846269
226.06820735697278 24.15097182778207
224.0070634063741 23.75874255495993
221.94591945577548 24.52191590310503
219.88477550517683 22.146161257622563
217.8236315545782 21.08574439957687
215.76248760397957 21.081733229919813
213.70134365338092 23.158919161645642
211.64019970278227 20.578665660298125
209.57905575218365 20.95959110570741
207.517911801585 24.97334810250784
205.45676785098632 23.378097989664905
203.3956239003877 23.229346281940053
201.33447994978906 24.002843993435025
199.27333599919044 24.201840944712174
197.2121920485918 23.079601057666196
195.15104809799314 19.85492935991934
193.0899041473945 22.618852425973675
191.02876019679587 23.204752734240675
188.96761624619722 22.46286286235517
186.9064722955986 23.19990243228982
184.84532834499993 23.93159444889296
182.7841843944013 24.2532514939917
180.72304044380266 24.70383818125757
178.66189649320404 23.31764609083324
176.6007525426054 23.6760798572019
174.53960859200674 23.637789650916297
172.4784646414081 24.052647056821534
170.41732069080948 22.356102544454476
168.35617674021083 24.434186197633107
166.29503278961215 23.27415262246416
164.23388883901353 22.711749588725585
162.17274488841488 26.60647030687713
160.11160093781626 25.675760993685202
158.05045698721761 26.229970685501094
155.98931303661897 27.45333078610583
153.92816908602032 26.45118309300941
151.8670251354217 24.46844108456931
149.80588118482305 25.573913839525705
147.74473723422443 27.582012737929535
145.68359328362575 29.93997778666314
143.62244933302713 29.76260305565298
141.5613053824285 28.533783692066116
139.50016143182987 27.500583656612434
137.4390174812312 30.00226948716702
135.37787353063257 26.327776520551822
133.31672958003392 28.30088939585546
131.2555856294353 27.59946053041224
129.19444167883663 26.55493615178184
127.133297728238 29.300397376800785
125.07215377763936 27.681099718489442
123.01100982704072 30.44106442205777
120.94986587644209 37.805967973192864
118.88872192584344 34.81069790514825
116.82757797524481 30.221038878654124
114.76643402464616 29.972606954374715
112.70529007404753 31.374459869783262
110.64414612344886 29.05339057051085
108.58300217285023 27.215402978333
106.5218582222516 27.2071010179652
104.46071427165295 19.088398797418613
102.39957032105431 16.50864053005729
100.33842637045566 33.433706061723925
98.27728241985704 30.456767846095712
96.2161384692584 32.337198495624136
94.15499451865976 29.547688473432085
92.09385056806111 26.32121694989866
90.03270661746248 31.801287882385196
87.97156266686383 30.030862565917044
85.9104187162652 30.098137760374573
83.84927476566656 39.754664487061454
81.78813081506792 33.881498474335594
79.72698686446928 31.196767955367513
77.66584291387063 31.663999082449532
75.604698963272 31.180103563449173
73.54355501267335 31.77666554532741
71.4824110620747 32.00053953713355
69.42126711147607 36.217377017196085
67.36012316087742 34.97579346158491
65.29897921027879 31.181139555757042
63.23783525968015 32.137654487251844
61.176691309081505 31.26848908311103
59.115547358482864 33.557611923926
57.05440340788422 32.59399227769817
54.99325945728558 34.56728908422381
52.93211550668694 40.638821896626695
50.87097155608831 38.27193853131085
48.809827605489666 35.1448633777806
46.748683654891025 34.20026047055922
44.687539704292384 35.835192689044675
42.626395753693735 26.240564367879482
40.565251803095094 29.16689727383287
38.50410785249645 37.05135824986857
36.44296390189782 36.617111609633284
34.38181995129918 34.83231288936173
32.32067600070054 35.60481509191517
30.259532050101896 41.66822710736703
28.19838809950325 36.96584477477669
26.137244148904614 43.30686859428361
24.076100198305973 53.46119064894243
22.01495624770733 46.14778227236643
19.953812297108694 44.9235478123608
17.89266834651005 42.75397200055483
15.83152439591141 45.99161172291804
13.77038044531277 45.0390702868784
11.709236494714128 47.95106020431255
9.648092544115487 45.96953822446835
7.586948593516847 48.23266138433352
5.525804642918205 50.29533516497348
3.4646606923195646 43.93042305056737
1.403516741720924 43.4735966740093
-0.6576272088777166 41.71984654010637
-2.7187711594763573 42.14079606850944
-4.779915110074999 38.22643322779822
-6.841059060673639 38.6914866610392
-8.90220301127228 45.12115827285008
-10.96334696187092 39.48496257405656
-13.024490912469561 40.06624863154824
-15.085634863068202 38.845209095037134
-17.14677881366684 37.32006429893877
-19.207922764265483 35.8829158165867
-21.269066714864124 33.955357516622335
-23.330210665462765 39.67596713527
-25.391354616061406 36.8761241795589
-27.452498566660044 37.51948033433431
-29.51364251725869 38.23950466837417
-31.57478646785733 39.02581864643338
-33.63593041845596 38.292994126076856
-35.69707436905461 37.464340983428876
-37.75821831965325 40.17667705763032
-39.819362270251894 48.97918702754457
-41.880506220850535 41.09568429508061
-43.941650171449176 37.09282463926489
-46.00279412204781 38.475898717284096
-48.06393807264645 40.996619427819184
-50.12508202324509 37.01789312437424
-52.18622597384373 35.65880140823734
-54.24736992444238 39.36947377814194
-56.30851387504102 41.53478054472086
-58.369657825639656 41.87664303023917
-60.4308017762383 42.29830243446425
-62.49194572683694 40.31926920264681
-64.55308967743558 40.720097202827404
-66.61423362803421 41.942479760718456
-68.67537757863286 42.67455284865783
-70.7365215292315 49.324352414775014
-72.79766547983014 41.576006576072444
-74.85880943042878 38.859451974540505
-76.91995338102743 37.175885287485386
-78.98109733162606 39.128924857229
-81.0422412822247 35.206837003823836
-83.10338523282336 34.62311562920766
-85.16452918342199 38.35222133045537
-87.22567313402064 39.23051471710723
-89.28681708461927 36.065814446054276
-91.34796103521792 36.794062861690584
-93.40910498581655 33.40071440798729
-95.47024893641519 28.350879239199312
-97.53139288701384 35.19648566095003
-99.59253683761249 36.38545200090978
-101.65368078821112 35.663026328560285
-103.71482473880977 35.65674121724389
-105.7759686894084 38.26260108252099
-107.83711264000705 36.056146473665336
-109.89825659060568 37.20427972310635
-111.95940054120433 33.87198273763306
-114.02054449180297 31.99678666866579
-116.0816884424016 37.51007620296611
-118.14283239300025 35.82986315765484
-120.20397634359888 36.64547647453388
-122.26512029419754 35.48431359182577
-124.32626424479618 37.38577772194604
-126.38740819539483 37.56115936879563
-128.44855214599346 36.04776830319336
-130.50969609659208 36.1143038979326
-132.57084004719073 37.44140189353335
-134.63198399778938 34.70589356905415
-136.69312794838802 36.44019984828613
-138.75427189898664 35.00165229712076
-140.8154158495853 37.368983982398404
-142.87655980018394 26.958060031962436
-144.9377037507826 29.903909061403386
-146.99884770138124 38.83503381258238
-149.05999165197986 32.86348201904236
-151.1211356025785 35.76029069618988
-153.18227955317715 32.183209910701756
-155.2434235037758 33.53866614091035
-157.30456745437442 34.35174771826374
-159.36571140497307 33.160707857205345
-161.4268553555717 33.961132171053876
-163.48799930617037 36.550802793748055
-165.54914325676899 35.95796885994837
-167.61028720736763 35.30215467501703
-169.67143115796625 37.341474132635796
-171.7325751085649 39.12735829742836
-173.79371905916355 31.88249360538973
-175.8548630097622 31.87229232296205
-177.91600696036082 35.99003956620578
-179.97715091095947 34.208702516274215
-182.03829486155814 34.406739408067885
-184.09943881215676 32.53872331087222
-186.1605827627554 36.697434584885336
-188.22172671335403 23.025636756889796
-190.28287066395268 30.91763772619933
-192.34401461455133 33.72591362810115
-194.40515856514997 35.20485623173499
-196.4663025157486 36.62289991125762
-198.52744646634724 32.85746642395151
-200.58859041694586 32.843114849809794
-202.64973436754454 33.125013127909455
-204.71087831814316 30.733974364135005
-206.7720222687418 30.088942559570036
-208.83316621934043 37.12000035371008
-210.89431016993908 37.99208684706396
-212.95545412053772 33.13379259723573
-215.01659807113637 34.03675617862992
-217.077742021735 32.33334324429814
-219.13888597233364 29.221875006464767
-221.20002992293232 26.68956638393478
-223.26117387353094 28.020036102929584
-225.32231782412958 34.36112697751376
