# BEGINHEADER
# This file contains data from the SALSA 2m radio telescope.
# DATE=2024-03-28T15:04:0012
# GLON and GLAT given in degrees
# GLON=214.8187028681123
# GLAT=-0.28700201016662447
# DATA in two columns below. Col. 1 is velocity relative to LSR [km/s]. Col. 2 is uncalibrated antenna temperature [K].
# ENDHEADER
220.79081361345368 17.52420900994163
218.72966966285506 30.79542173361174
216.6685257122564 24.69373622653842
214.6073817616578 26.243946558319273
212.54623781105911 23.283175477220126
210.48509386046047 18.687900540374006
208.42394990986185 20.586789253917733
206.3628059592632 21.897562322930487
204.30166200866458 25.032359813155498
202.2405180580659 15.825337460142979
200.17937410746728 3.092807508824661
198.1182301568686 27.601107364143193
196.05708620627 20.94318578403859
193.99594225567134 23.915794823106875
191.93479830507272 21.876376953891157
189.87365435447404 27.97436797102375
187.81251040387542 23.27571333333867
185.75136645327677 22.234126445050183
183.69022250267815 18.663473826479944
181.62907855207948 20.186250054417364
179.56793460148086 20.183208852062144
177.5067906508822 20.880782538223176
175.44564670028356 23.844461015628717
173.38450274968494 25.348764907308443
171.32335879908626 22.81709910995965
169.26221484848764 21.08664733652366
167.201070897889 22.800730150306578
165.13992694729038 20.822290724897357
163.07878299669173 21.91165777019378
161.01763904609308 24.137241979541923
158.95649509549443 23.9575152408004
156.8953511448958 24.103345350246112
154.83420719429716 21.295630990995168
152.77306324369852 22.057587490245705
150.71191929309987 19.945665709853238
148.65077534250125 21.631314450593667
146.5896313919026 21.68616405806671
144.52848744130398 25.73133736792203
142.4673434907053 23.19301684916972
140.40619954010668 23.229320361876756
138.34505558950804 21.519751410542174
136.2839116389094 21.760686555554127
134.22276768831077 25.120279215308685
132.1616237377121 25.403583042840175
130.10047978711347 21.50219151343791
128.03933583651482 25.31738705676861
125.97819188591619 24.876148812625708
123.91704793531756 22.860767616493504
121.85590398471892 21.519931615561298
119.79476003412026 24.182799961860194
117.73361608352162 22.996141363366505
115.67247213292298 20.300432230858373
113.61132818232434 22.959986591613514
111.5501842317257 21.066575231316182
109.48904028112706 22.79402161529477
107.42789633052843 21.67110534896618
105.36675237992978 24.00455748052345
103.30560842933114 24.11765944223182
101.2444644787325 26.696122581632185
99.18332052813386 25.54521641600725
97.12217657753521 23.36222015482378
95.06103262693658 23.841192076479405
92.99988867633795 22.56711470231178
90.9387447257393 24.72941512572886
88.87760077514066 26.129993949087627
86.81645682454202 24.778949576811513
84.75531287394338 25.3341913085185
82.69416892334473 25.50539145912088
80.63302497274609 25.91406440794728
78.57188102214745 25.964091146114644
76.5107370715488 24.87712032825027
74.44959312095017 28.085473410451414
72.38844917035152 27.22783133410557
70.32730521975289 27.292945409735704
68.26616126915424 28.046789959232374
66.2050173185556 31.969553282289137
64.14387336795697 30.418901894001003
62.08272941735832 32.726014284088244
60.02158546675969 36.73860764576396
57.96044151616105 40.818149160948145
55.89929756556241 39.75003804396654
53.838153614963765 44.17651673295494
51.77700966436512 47.72675494138059
49.715865713766476 50.366675585425746
47.65472176316784 48.951385151935455
45.5935778125692 50.633455236684284
43.53243386197057 50.20311229451863
41.471289911371926 50.5951244417397
39.410145960773285 54.604633242399466
37.349002010174644 44.868067733734186
35.287858059576 46.93279909151273
33.22671410897736 46.932391897815194
31.16557015837872 47.296420749095766
29.10442620778008 47.50384474656004
27.043282257181435 48.766830858067685
24.982138306582797 40.667139039351746
22.920994355984153 38.213848595384206
20.859850405385515 52.63685935809269
18.798706454786874 46.84223565837398
16.73756250418823 50.5614066273827
14.67641855358959 43.695693814848546
12.61527460299095 40.96870778805971
10.55413065239231 52.30899918146422
8.492986701793669 46.58846333698062
6.4318427511950285 49.04307821976244
4.370698800596387 53.58640749400606
2.3095548499977463 44.60924578305307
0.2484108993991059 38.68642785597548
-1.812733051199535 38.79196246672973
-3.8738770017981756 32.86094889828691
-5.935020952396816 34.867214075373404
-7.996164902995457 34.408785841880594
-10.057308853594098 35.44392425138723
-12.118452804192739 35.30262377349242
-14.179596754791381 31.825636139285297
-16.24074070539002 29.757068274819034
-18.301884655988662 30.871704821235756
-20.3630286065873 32.4028569568878
-22.424172557185944 32.85034815883154
-24.485316507784585 34.23200404470191
-26.546460458383223 37.6682796284709
-28.607604408981864 37.01961991419871
-30.668748359580505 37.60527915751165
-32.729892310179146 31.237495437086743
-34.79103626077779 32.516331104152655
-36.85218021137643 29.21253350291159
-38.91332416197507 28.38016547218494
-40.9744681125737 34.32593572547
-43.035612063172344 35.13428890518198
-45.09675601377099 33.29648367058992
-47.15789996436963 30.349733822291046
-49.219043914968275 35.23035114887729
-51.280187865566916 33.65756662540081
-53.34133181616556 36.58600458673703
-55.4024757667642 40.2379192135401
-57.46361971736284 36.24578934597639
-59.52476366796148 31.90198243532473
-61.58590761856012 29.629698101138032
-63.647051569158755 31.02773402927218
-65.7081955197574 33.14463113405784
-67.76933947035604 35.100080842793105
-69.83048342095468 32.026623849316366
-71.89162737155331 35.5225967119719
-73.95277132215197 38.39972297136965
-76.01391527275061 34.50477526885786
-78.07505922334926 32.27900045605513
-80.13620317394789 34.73093900232561
-82.19734712454654 35.50425249985308
-84.25849107514517 32.704375171440496
-86.3196350257438 32.83429912927635
-88.38077897634246 37.61551343258844
-90.44192292694109 34.108067611418335
-92.50306687753974 34.30886791209793
-94.56421082813837 34.92604532566794
-96.62535477873702 33.57243437037037
-98.68649872933565 29.63361831745208
-100.74764267993429 30.373537787727052
-102.80878663053294 34.653978734470726
-104.86993058113157 35.29746858873786
-106.93107453173022 33.4754168728529
-108.99221848232885 35.090673359128495
-111.0533624329275 36.829103592770444
-113.11450638352615 34.13142524084543
-115.17565033412478 34.6102282680001
-117.23679428472343 36.22461358356232
-119.29793823532206 45.87330066100911
-121.35908218592071 33.60681131355987
-123.42022613651935 34.081841033410655
-125.481370087118 33.4286433522612
-127.54251403771663 33.5099008127962
-129.60365798831526 31.788352068518254
-131.6648019389139 31.245573350742028
-133.72594588951256 35.208177858193636
-135.78708984011118 35.088734780862076
-137.84823379070986 35.51106301180038
-139.90937774130848 33.91924858706501
-141.97052169190712 35.049487513804245
-144.03166564250574 33.8750014487582
-146.0928095931044 34.61622663677819
-148.15395354370304 36.0634647485387
-150.2150974943017 40.372796602834676
-152.2762414449003 34.81431533564952
-154.33738539549896 34.06305481454832
-156.39852934609758 32.66513821596955
-158.45967329669625 32.82455215184445
-160.52081724729487 30.090371362234762
-162.58196119789352 29.857837406130628
-164.64310514849214 35.029603851692634
-166.70424909909082 34.09379835895536
-168.76539304968944 31.089136842899617
-170.82653700028808 33.65765518072056
-172.88768095088673 30.211689070576906
-174.94882490148535 25.136595865857906
-177.00996885208403 34.0497219721882
-179.07111280268265 30.578916854275842
-181.1322567532813 34.88539044660101
-183.19340070387992 32.774203673861294
-185.25454465447856 33.387586452270135
-187.3156886050772 31.764108697156132
-189.37683255567586 32.740571570001066
-191.43797650627448 28.760137556873392
-193.49912045687313 28.978530263083762
-195.56026440747175 33.52828992458821
-197.62140835807043 32.79733679000884
-199.68255230866902 31.5069372601057
-201.74369625926767 34.34376477530255
-203.8048402098663 33.04041286014992
-205.86598416046496 30.82358732751809
-207.92712811106358 33.84270887655165
-209.98827206166223 34.48794391086197
-212.04941601226088 32.25174491094038
-214.11055996285953 32.07278864261943
-216.17170391345817 31.43611962499862
-218.2328478640568 30.23048766784999
-220.29399181465544 32.11868449526173
-222.35513576525406 29.16325846410712
-224.41627971585274 29.89560791928113
-226.47742366645136 34.454565082636876
-228.53856761705 30.698633705951266
-230.59971156764863 31.854815520018686
-232.6608555182473 31.7459298719977
-234.72199946884592 30.444923455801945
-236.78314341944457 30.960934990938476
-238.8442873700432 31.83421489866635
-240.90543132064184 29.83055920192929
-242.9665752712405 32.92170612662574
-245.02771922183913 29.715124959709144
-247.08886317243775 33.64039115719774
-249.1500071230364 36.08975824306835
-251.21115107363505 34.98371969606908
-253.2722950242337 29.926766393009274
-255.33343897483235 28.473087714438503
-257.394582925431 31.57092995562777
-259.4557268760296 31.238684154001678
-261.5168708266283 30.33061629533488
-263.5780147772269 29.129425258804837
-265.63915872782553 33.60334669176682
-267.7003026784242 19.703662988159277
-269.7614466290228 29.787353171424712
-271.8225905796214 31.28297039944672
-273.8837345302201 31.090500702720572
-275.9448784808188 30.697503340032938
-278.00602243141736 29.325760279657384
-280.067166382016 30.54216116184443
-282.12831033261466 33.027121881647155
-284.1894542832133 28.971640235020896
-286.25059823381196 25.954475028430064
-288.31174218441055 32.629975659342385
-290.37288613500925 32.394269231606486
-292.43403008560784 29.857270569096894
-294.4951740362065 33.785547522526834
-296.5563179868052 29.128596163969906
-298.6174619374038 27.962196311850853
-300.67860588800244 29.11895796069148
-302.739749838601 24.774671510353734
-304.80089378919973 32.18831578428115
