# BEGINHEADER
# This file contains data from the SALSA 2m radio telescope.
# DATE=2024-03-27T09:57:0039
# GLON and GLAT given in degrees
# GLON=124.78916360608666
# GLAT=-0.14984501645136486
# DATA in two columns below. Col. 1 is velocity relative to LSR [km/s]. Col. 2 is uncalibrated antenna temperature [K].
# ENDHEADER
259.01871087000563 20.002172548441845
256.957566919407 34.179986311838114
254.89642296880837 28.113486151500982
252.83527901820972 28.16435664987006
250.7741350676111 27.121089915524603
248.71299111701242 18.49808452434888
246.6518471664138 23.08413965647782
244.59070321581515 26.21129224008695
242.52955926521653 26.65781858496046
240.46841531461786 19.247714718524172
238.40727136401924 1.0544689971082224
236.3461274134206 29.005803220415988
234.28498346282197 21.27504122301332
232.22383951222332 24.216361787406626
230.16269556162467 23.75803130102085
228.10155161102603 30.756450769176727
226.0404076604274 24.769450110874228
223.97926370982876 20.39444760919545
221.9181197592301 19.107021513674912
219.85697580863146 23.282757033255987
217.7958318580328 21.79794514412429
215.7346879074342 19.714640432560333
213.67354395683554 25.596119971998387
211.61240000623692 25.769250390972125
209.55125605563825 24.107544725164523
207.49011210503963 23.440465327274314
205.42896815444098 23.555034245557593
203.36782420384236 23.433278485686778
201.30668025324368 25.613289367641183
199.24553630264506 25.420236125683097
197.18439235204642 27.69550410151729
195.1232484014478 24.45809772622718
193.06210445084915 22.5107403138656
191.0009605002505 24.62574413775282
188.93981654965185 22.91391661809489
186.87867259905323 24.256317948960525
184.81752864845458 22.264460098478548
182.75638469785594 28.33806540817113
180.6952407472573 26.668297955643986
178.63409679665864 25.13006069308638
176.57295284606002 24.197102436532727
174.51180889546137 23.68820611352175
172.45066494486272 26.451705858154867
170.38952099426407 26.393967989074355
168.32837704366545 26.733713429064856
166.2672330930668 26.15858235152162
164.2060891424682 25.404945195361176
162.1449451918695 24.208388998891376
160.0838012412709 25.584652790627885
158.02265729067224 25.642490654939646
155.96151334007362 24.638569813808676
153.90036938947497 22.037291499737478
151.83922543887633 23.736244963198114
149.77808148827768 24.2539824023609
147.71693753767906 24.80552715540126
145.6557935870804 24.928536238879143
143.59464963648173 27.179815762801514
141.5335056858831 27.45701821561393
139.47236173528447 25.739629656223165
137.41121778468585 26.470128832927067
135.3500738340872 29.285536631094317
133.28892988348855 25.40592854311706
131.2277859328899 24.143365126499365
129.16664198229128 26.683460334348414
127.10549803169263 27.360617206022113
125.04435408109399 25.135779675055673
122.98321013049535 25.795321782818764
120.9220661798967 29.484827332418035
118.86092222929807 28.458335837150283
116.79977827869942 28.043244324365645
114.73863432810079 29.406078482784547
112.67749037750215 28.708175507310905
110.6163464269035 28.10213460198159
108.55520247630487 28.83033712580816
106.49405852570622 27.883731026408757
104.43291457510759 31.304156974171008
102.37177062450894 29.799015457689222
100.3106266739103 29.274936530269834
98.24948272331167 30.280387399530984
96.18833877271304 31.400111651838653
94.1271948221144 29.87956960215116
92.06605087151576 27.799022423230852
90.00490692091712 28.472385972209757
87.94376297031846 29.180089934447775
85.88261901971983 30.290286572798507
83.82147506912118 29.27691549022037
81.76033111852254 35.788662252927914
79.69918716792391 56.826229234750556
77.63804321732526 51.5162589632011
75.57689926672663 37.40531376862556
73.51575531612798 34.02949954677403
71.45461136552935 34.153026658865876
69.3934674149307 32.37300022107755
67.33232346433206 29.508667988713494
65.27117951373341 32.1300729229135
63.21003556313478 20.53818056731307
61.14889161253614 17.40590856284018
59.0877476619375 36.61751247747112
57.02660371133886 30.027344085144623
54.96545976074022 34.700694481132665
52.904315810141576 30.353106195358375
50.843171859542934 30.791087266505766
48.78202790894429 34.088405280021675
46.72088395834565 29.218773865895397
44.65974000774701 32.61119277335299
42.59859605714837 42.51836956218808
40.53745210654973 36.707590952070795
38.47630815595108 33.81180871886635
36.41516420535244 34.67258666247341
34.354020254753806 33.93340401653819
32.292876304155165 34.14937609201817
30.231732353556524 34.62017955209107
28.170588402957883 38.49929404523936
26.10944445235924 38.204095751665314
24.0483005017606 35.99479064578693
21.98715655116196 34.359710385070294
19.92601260056332 35.10098600331528
17.86486864996468 36.318561466113536
15.803724699366038 33.88071811930862
13.742580748767395 36.96438594258404
11.681436798168757 42.83657817199484
9.620292847570116 41.89226466897356
7.559148896971475 43.491470689569766
5.498004946372834 39.46561326998018
3.436860995774193 40.496985264252665
1.375717045175553 31.623139438328565
-0.6854269054230882 35.78770065486165
-2.7465708560217292 47.43795472254377
-4.80771480662037 45.04103678606114
-6.8688587572190105 41.58108990622532
-8.93000270781765 43.684998057832594
-10.991146658416293 47.15106218768927
-13.052290609014934 44.76453138547814
-15.113434559613573 46.614737423394544
-17.174578510212214 52.75875215169958
-19.235722460810855 47.985788546667415
-21.296866411409496 41.94023903859959
-23.358010362008137 39.76421256646271
-25.41915431260678 40.018224390449596
-27.48029826320542 42.571518625841875
-29.54144221380406 42.813591619904464
-31.602586164402698 39.34144878210424
-33.663730115001336 44.92601076124385
-35.72487406559998 47.06358966938278
-37.786018016198625 44.25478598663805
-39.847161966797266 45.499660194379715
-41.90830591739591 42.65969378299667
-43.96944986799455 46.47911192550073
-46.03059381859319 44.25906163262454
-48.09173776919182 44.6293923604911
-50.152881719790464 48.355535345648704
-52.2140256703891 43.46463269100491
-54.27516962098774 45.55963829078841
-56.33631357158638 46.64216825552227
-58.39745752218503 46.03769084671396
-60.45860147278367 41.92407682705211
-62.51974542338231 41.83215771502972
-64.58088937398094 45.72738943351663
-66.6420333245796 42.49970988775368
-68.70317727517823 42.687150792467186
-70.76432122577688 42.52894793403309
-72.82546517637552 43.935680941437866
-74.88660912697415 42.66993155717846
-76.9477530775728 37.6378706579051
-79.00889702817143 42.88509008490026
-81.07004097877008 56.86392312143281
-83.13118492936871 43.929086850040015
-85.19232887996735 41.15903979158304
-87.253472830566 42.84816148034591
-89.31461678116463 41.54744953151941
-91.37576073176328 38.82727342372444
-93.43690468236191 38.83603870442362
-95.49804863296056 44.00482552158189
-97.5591925835592 40.619107492474846
-99.62033653415784 42.438455834831984
-101.68148048475649 40.79371870260866
-103.74262443535513 41.964759084775565
-105.80376838595379 41.866960964478885
-107.86491233655242 41.18570367929914
-109.92605628715106 43.13343255166351
-111.9872002377497 49.208537728284675
-114.04834418834834 42.31451633576955
-116.10948813894699 41.28485726062424
-118.17063208954562 41.413816241544154
-120.23177604014425 41.97420289902617
-122.2929199907429 37.921016230416804
-124.35406394134154 35.11765249810664
-126.41520789194018 43.34115887814601
-128.47635184253883 41.29988243437949
-130.53749579313748 40.043247005494976
-132.5986397437361 43.57530865708246
-134.65978369433475 35.96008494920142
-136.72092764493337 27.755805476054917
-138.78207159553205 42.4101294924993
-140.84321554613066 39.52931068737293
-142.9043594967293 43.121583438693506
-144.96550344732793 41.39206740988994
-147.0266473979266 40.94987867766701
-149.08779134852523 39.62971648369481
-151.14893529912388 41.520958160328206
-153.2100792497225 32.689016115513944
-155.27122320032115 36.862508507528375
-157.3323671509198 41.009273803074194
-159.39351110151844 39.132459431070075
-161.45465505211706 39.818384802873794
-163.5157990027157 42.17444475839802
-165.57694295331436 39.465757848249076
-167.638086903913 41.36931348779722
-169.69923085451165 42.01989951753176
-171.76037480511027 40.963926022241374
-173.82151875570892 42.726924598510216
-175.88266270630754 38.795357616246
-177.94380665690622 41.729266061197
-180.00495060750484 37.00331041105834
-182.0660945581035 41.1786278663041
-184.1272385087021 32.094146019221576
-186.18838245930078 32.05673656910804
-188.2495264098994 43.32459416482095
-190.31067036049805 38.6509017663928
-192.37181431109667 38.864178522230404
-194.43295826169532 36.98314934242365
-196.49410221229397 35.05699157348074
-198.55524616289262 36.95424807091423
-200.61639011349124 37.000912418363136
-202.67753406408988 40.727294937529976
-204.73867801468853 41.933670395529035
-206.79982196528718 36.820354038398804
-208.86096591588583 40.58531386021158
-210.92210986648445 41.827998244137284
-212.9832538170831 42.16625536445105
-215.04439776768174 34.77808082857796
-217.1055417182804 32.89634444417107
-219.166685668879 40.67319847723892
-221.22782961947766 39.17432772607075
-223.28897357007628 38.529689347909766
-225.35011752067496 36.04490087723511
-227.41126147127358 39.336774818303965
-229.47240542187222 25.29994562448665
-231.53354937247084 36.10098433760376
-233.5946933230695 39.11696299318135
-235.65583727366814 39.43849794917821
-237.7169812242668 37.42640782210584
-239.7781251748654 35.70938628557597
-241.83926912546406 37.46288226235389
-243.90041307606273 37.71220257564509
-245.96155702666135 33.28114788048663
-248.02270097726 31.321285175280988
-250.08384492785862 39.421487141290655
-252.14498887845727 39.90186638223224
-254.20613282905592 36.45070126812108
-256.26727677965454 37.86512879607217
-258.3284207302532 35.08433751647226
-260.38956468085183 32.36942897310787
-262.4507086314505 31.505922940180444
-264.5118525820491 29.246145902266896
-266.5729965326478 37.25624194926649
