# BEGINHEADER
# This file contains data from the SALSA 2m radio telescope.
# DATE=2024-03-27T10:33:0001
# GLON and GLAT given in degrees
# GLON=179.84018213566637
# GLAT=-0.26700680946186217
# DATA in two columns below. Col. 1 is velocity relative to LSR [km/s]. Col. 2 is uncalibrated antenna temperature [K].
# ENDHEADER
225.38524730446335 16.599866362132463
223.32410335386473 28.04651154000492
221.26295940326605 22.913576121491406
219.20181545266743 23.5931698681409
217.14067150206878 20.456368874944843
215.07952755147016 14.936834093879682
213.01838360087152 17.623408906881195
210.95723965027287 19.450747184191332
208.89609569967422 19.965662564834243
206.8349517490756 10.791099714871267
204.77380779847695 1.2342924415369667
202.7126638478783 22.73324399602575
200.65151989727966 16.505451123310966
198.590375946681 19.34998573270861
196.5292319960824 16.172461830915402
194.46808804548374 22.44622157207379
192.40694409488512 19.179951250782636
190.34580014428644 16.198315280525573
188.28465619368782 14.599800338341689
186.22351224308917 18.12643775047388
184.16236829249056 15.046988974551288
182.10122434189188 15.003278559967693
180.04008039129326 19.02409747101933
177.9789364406946 18.92218253202367
175.917792490096 19.60759371510463
173.85664853949734 18.609538949958548
171.7955045888987 19.406986658873127
169.73436063830005 16.727399531245688
167.67321668770143 18.095653209816007
165.61207273710278 19.257192759519018
163.55092878650413 22.318259613116034
161.48978483590548 18.92319255941903
159.42864088530683 17.20913768597921
157.3674969347082 19.28715871639353
155.30635298410957 18.355220192163838
153.24520903351092 17.792535750627113
151.18406508291227 18.811511837291036
149.12292113231365 19.608794797368084
147.061777181715 18.436452776529645
145.00063323111638 16.288975679047894
142.9394892805177 17.083221185998706
140.87834532991909 16.774350187287407
138.81720137932044 19.28624120929968
136.75605742872182 19.76122788537669
134.69491347812317 17.406481336283907
132.63376952752452 20.62447726717929
130.57262557692587 19.426209822602992
128.51148162632725 20.50106709303278
126.45033767572859 18.358933618356932
124.38919372512996 19.76227518087405
122.32804977453132 18.911657676570208
120.26690582393267 16.483440978574375
118.20576187333404 17.434469984835918
116.14461792273539 17.563618446431896
114.08347397213676 18.911162848852296
112.02233002153811 18.373375670545048
109.96118607093948 19.283215431701336
107.90004212034084 19.984437978047776
105.83889816974218 19.84575767183209
103.77775421914355 20.424306635116434
101.7166102685449 19.288866824354432
99.65546631794626 20.301643107197776
97.59432236734762 19.24832143884605
95.53317841674898 18.389568008440094
93.47203446615035 19.551440119741503
91.4108905155517 18.717583842071793
89.34974656495307 19.25103300271347
87.28860261435442 22.086578399827495
85.22745866375578 20.89976687902758
83.16631471315713 20.05680994043568
81.1051707625585 21.666226569474475
79.04402681195987 22.764123961329805
76.98288286136122 20.133087281144267
74.92173891076258 22.507308249973914
72.86059496016394 22.569626723078777
70.7994510095653 23.396435316859094
68.73830705896664 21.6795130696385
66.677163108368 23.887965372222776
64.61601915776937 23.29493493820668
62.55487520717073 23.20263319413333
60.4937312565721 22.284107454357486
58.43258730597345 21.572300044619432
56.37144335537481 23.166889838388098
54.31029940477617 20.520477532262518
52.249155454177526 23.038121593265913
50.188011503578885 23.69188889346617
48.126867552980244 22.82244320732846
46.0657236023816 28.203741713325947
44.00457965178296 29.8393082046626
41.94343570118432 25.898837904880423
39.88229175058567 27.616492680341764
37.82114779998703 24.2017503395447
35.7600038493884 25.668813785623005
33.698859898789756 22.490500630532683
31.637715948191115 24.372795467860577
29.576571997592474 16.937342378089195
27.515428046993833 13.363795699584168
25.454284096395195 29.17413944223719
23.393140145796554 24.41774337114373
21.331996195197913 28.548119890094306
19.270852244599272 25.713727958108965
17.209708294000635 21.350797809712695
15.148564343401992 28.78836026603268
13.087420392803349 26.143657075989164
11.026276442204708 27.243845305514473
8.965132491606068 41.67096132891438
6.903988541007426 37.407062675820335
4.842844590408786 36.048624844368256
2.781700639810145 37.75470672940378
0.7205566892115047 36.770909004831175
-1.3405872613871361 36.821274736930924
-3.401731211985777 35.5906124986052
-5.462875162584418 38.94553808623133
-7.524019113183059 36.651806817594625
-9.5851630637817 33.89562847690894
-11.64630701438034 32.29143686897949
-13.70745096497898 33.186272080115906
-15.76859491557762 33.73176175331832
-17.82973886617626 31.629133942509494
-19.8908828167749 32.32979178718482
-21.952026767373543 37.58004983889458
-24.013170717972184 34.89898969324367
-26.07431466857083 33.05849350834572
-28.13545861916947 30.339637924807885
-30.196602569768107 28.81010733572222
-32.25774652036675 25.381406919922238
-34.318890470965385 25.331606082313094
-36.38003442156403 31.860033137391476
-38.441178372162675 33.042003176863346
-40.502322322761316 30.23329946672865
-42.56346627335996 29.117008291361962
-44.6246102239586 32.15755263853923
-46.68575417455723 29.351597019417497
-48.74689812515587 32.03235823329939
-50.80804207575451 37.58273753804371
-52.86918602635315 37.69036212100501
-54.93032997695179 33.18517401931555
-56.99147392755043 27.869379398136296
-59.05261787814908 31.316166168348566
-61.11376182874772 28.99554144107759
-63.17490577934635 31.541685916338192
-65.236049729945 31.647272585337028
-67.29719368054364 30.727005224560155
-69.35833763114228 35.05248211750264
-71.41948158174091 32.42417559651918
-73.48062553233956 31.869810206988912
-75.5417694829382 32.05413701153028
-77.60291343353684 35.43790232016761
-79.66405738413548 30.693639644113702
-81.72520133473412 32.46100270147857
-83.78634528533276 36.221913183850354
-85.84748923593139 32.563714302088826
-87.90863318653005 32.25286855873982
-89.96977713712869 33.35294275772916
-92.03092108772734 32.68694779164296
-94.09206503832597 28.581404684918994
-96.15320898892462 29.72684704880546
-98.21435293952325 32.773083347996256
-100.27549689012189 32.948548261894025
-102.33664084072053 32.451768974353016
-104.39778479131917 32.796303064238145
-106.45892874191782 33.85061415689472
-108.52007269251645 34.38645149477122
-110.5812166431151 30.39729915771891
-112.64236059371373 36.75395245748758
-114.70350454431237 46.41365695370001
-116.76464849491101 35.30509461812033
-118.82579244550965 34.134097854401
-120.8869363961083 33.78247767072297
-122.94808034670693 34.01314652674971
-125.0092242973056 29.225560136246358
-127.07036824790423 30.233415903523554
-129.13151219850286 34.38862177764111
-131.1926561491015 36.66894407904178
-133.25380009970013 35.83494884641558
-135.31494405029878 32.55207719770538
-137.37608800089743 33.53516795519755
-139.43723195149607 33.19149113608201
-141.4983759020947 32.735281870720115
-143.55951985269334 33.02077692655395
-145.620663803292 41.67947753256904
-147.68180775389064 35.552945535098814
-149.7429517044893 32.80215756639569
-151.8040956550879 33.60248557050708
-153.86523960568655 33.56007501186207
-155.92638355628517 31.14553891311412
-157.98752750688385 29.848942109929894
-160.04867145748247 35.53657049647714
-162.10981540808112 33.884609639867904
-164.17095935867974 30.164574142621845
-166.23210330927841 33.19174737995547
-168.29324725987703 29.27619275775385
-170.35439121047568 23.654022101909373
-172.4155351610743 31.49311160901089
-174.47667911167295 29.938527637395982
-176.5378230622716 34.869481724915914
-178.59896701287025 33.93851061431564
-180.66011096346887 31.444833036910918
-182.72125491406752 32.02024981300878
-184.78239886466616 30.37063486902566
-186.8435428152648 30.828084323860455
-188.90468676586346 28.165093943412952
-190.96583071646208 33.97666183489408
-193.02697466706073 31.303799043618476
-195.08811861765935 31.937524784254975
-197.14926256825802 33.546607695506935
-199.21040651885664 31.914194739002742
-201.2715504694553 31.586392145040804
-203.3326944200539 32.938456010829135
-205.3938383706526 34.09122641644765
-207.4549823212512 34.50078970138123
-209.51612627184986 31.497203467970895
-211.57727022244848 31.146272320391837
-213.63841417304712 30.93603539833496
-215.69955812364577 33.91514603673789
-217.76070207424442 26.77359921509791
-219.82184602484304 29.341729420801787
-221.8829899754417 32.773322539275455
-223.94413392604034 29.697985089342517
-226.00527787663898 31.81428438160193
-228.06642182723763 31.324127599105488
-230.12756577783625 31.101729619882242
-232.1887097284349 30.104655439549287
-234.24985367903355 30.426324154244934
-236.3109976296322 31.41394624696303
-238.37214158023082 35.658277899754154
-240.43328553082947 29.737460916146986
-242.49442948142809 32.32221299192397
-244.55557343202676 33.85326653386235
-246.61671738262538 34.058149151233195
-248.67786133322403 30.766257762032716
-250.73900528382265 26.209073676461184
-252.8001492344213 30.819883126930502
-254.86129318501995 31.647649579372224
-256.92243713561857 31.171781893591007
-258.9835810862172 30.043813786812535
-261.04472503681586 34.11786257035323
-263.1058689874145 22.20134598598982
-265.16701293801316 29.72486572196133
-267.2281568886118 31.522349662381227
-269.28930083921045 32.74021720902644
-271.35044478980905 31.705842885914432
-273.41158874040775 29.175132675218926
-275.47273269100634 30.24317604880305
-277.533876641605 30.89816834387791
-279.59502059220364 28.166576480181114
-281.6561645428023 23.84344318239394
-283.71730849340094 33.27803302545814
-285.7784524439995 34.660677385660044
-287.8395963945982 29.467730759462473
-289.9007403451969 31.45865068759103
-291.96188429579547 28.16134289317212
-294.0230282463941 26.5115980712666
-296.0841721969927 25.29126504945397
-298.1453161475914 24.972150128627145
-300.20646009819006 28.621265573053652
