# BEGINHEADER
# This file contains data from the SALSA 2m radio telescope.
# DATE=2024-03-21T15:44:0027
# GLON and GLAT given in degrees
# GLON=89.80522680728181
# GLAT=0.03279058912768504
# DATA in two columns below. Col. 1 is velocity relative to LSR [km/s]. Col. 2 is uncalibrated antenna temperature [K].
# ENDHEADER
283.9906567005425 14.822623647002038
281.9295127499439 21.97252361242907
279.8683687993452 17.77183726858788
277.8072248487466 19.390957196990545
275.74608089814797 16.508999179559606
273.6849369475493 10.123606324509389
271.62379299695067 12.150009815064552
269.562649046352 15.587544472156127
267.5015050957534 16.465329690374457
265.4403611451547 7.582925610671969
263.3792171945561 -9.08574745939093
261.31807324395743 20.645736150292844
259.25692929335884 11.37843602985857
257.1957853427602 14.514612063688928
255.13464139216154 15.331988222717802
253.0734974415629 19.045531498390826
251.01235349096424 15.463780635557118
248.95120954036562 11.723147831285788
246.89006558976698 8.21570992173777
244.82892163916836 12.349258832224338
242.76777768856968 12.194425063670575
240.70663373797106 11.475067602694475
238.6454897873724 15.147921989614224
236.5843458367738 16.96907256491797
234.52320188617514 15.66537102208846
232.4620579355765 13.956902681475013
230.40091398497785 14.951761735748534
228.33977003437923 9.745956341001401
226.27862608378058 13.271701795529799
224.21748213318193 13.748897624820035
222.15633818258328 16.92716964047896
220.09519423198464 11.483616069135234
218.03405028138602 4.35248692635121
215.97290633078737 0.47735126207772477
213.91176238018872 1.4869206319027615
211.85061842959007 5.657493148881447
209.78947447899145 13.271219781635777
207.7283305283928 16.828923593227042
205.66718657779418 14.664990036253979
203.6060426271955 12.71778635864479
201.5448986765969 13.027155101346986
199.48375472599824 14.209362803995708
197.42261077539962 16.359951063571025
195.36146682480097 18.47822619046943
193.30032287420235 16.31943373669111
191.2391789236037 18.45235780893606
189.17803497300508 15.21617708866536
187.1168910224064 17.73879990497207
185.05574707180776 16.060017200178148
182.99460312120914 15.046202883852265
180.9334591706105 14.00033558177093
178.87231522001187 13.380747427613246
176.8111712694132 14.86805035274754
174.75002731881457 15.830203452345916
172.68888336821593 15.75448815549424
170.6277394176173 14.571677617327516
168.56659546701866 16.823687869268234
166.50545151642 19.07881702240831
164.44430756582136 18.252329668111454
162.38316361522274 19.0309002490705
160.3220196646241 19.715582916495837
158.26087571402545 15.656042201258598
156.1997317634268 14.492492719245881
154.13858781282818 18.27044132979128
152.07744386222953 20.776837325722617
150.0162999116309 18.37748633546038
147.95515596103223 15.118406163894718
145.89401201043358 20.588052320490966
143.83286805983496 19.42818719944064
141.77172410923632 20.21033412645118
139.7105801586377 21.274149156322
137.64943620803902 21.567800574033633
135.5882922574404 17.349624041545233
133.52714830684175 18.47269199394846
131.46600435624313 19.70100058221109
129.40486040564448 19.34235021229638
127.34371645504584 20.06628042335798
125.28257250444719 23.677143253801106
123.22142855384855 20.724482012196805
121.1602846032499 22.670275920817666
119.09914065265127 21.09571941902016
117.03799670205262 18.69376662861085
114.97685275145399 18.082311363972345
112.91570880085536 18.843375383912647
110.85456485025671 24.073301840574327
108.79342089965807 17.43803644059463
106.73227694905943 33.012869803317855
104.67113299846079 68.26111269731491
102.60998904786214 50.00115120246048
100.54884509726351 33.63534204989833
98.48770114666488 23.24769246782766
96.42655719606623 26.24123933037003
94.3654132454676 21.76594000822017
92.30426929486894 18.743408089295823
90.2431253442703 19.908223524316902
88.18198139367165 14.046941978991617
86.12083744307301 7.954997437732096
84.05969349247438 28.35122982546271
81.99854954187573 19.05202527725737
79.9374055912771 27.70578936585465
77.87626164067845 20.468099282507673
75.81511769007982 15.191764453429682
73.75397373948117 25.232681401569238
71.69282978888253 19.930893994585023
69.6316858382839 21.970288473831072
67.57054188768525 33.78044151078799
65.50939793708662 27.972106289752762
63.44825398648798 23.95066939337898
61.38711003588933 24.40033777674437
59.32596608529069 24.563065894522254
57.26482213469205 25.09540229008483
55.203678184093405 25.684484175612056
53.142534233494764 29.304845942090502
51.08139028289613 27.076880935042432
49.02024633229748 23.306281798561077
46.95910238169884 24.17656945816566
44.8979584311002 25.75995368155292
42.83681448050156 23.422120417438787
40.77567052990292 23.811525894471647
38.71452657930428 29.315694520234175
36.653382628705636 34.118452361269306
34.592238678106995 32.065458218909576
32.53109472750835 31.94720126389043
30.469950776909716 25.16108283705983
28.408806826311075 24.569923763662477
26.34766287571243 19.307049701980908
24.286518925113793 21.71285503858136
22.22537497451515 33.61041847338467
20.16423102391651 31.773287137403567
18.103087073317866 33.403619118838
16.04194312271923 33.98939741158188
13.980799172120587 42.38813559313262
11.919655221521948 51.09681007761222
9.858511270923305 72.208483889016
7.797367320324666 96.91039252965408
5.736223369726025 101.64794842368508
3.6750794191273837 102.29717868581278
1.6139354685287426 97.42004020812499
-0.44720848206989805 99.30998737160591
-2.5083524326685387 97.5925353216517
-4.569496383267179 98.20016346698807
-6.63064033386582 96.47799020244446
-8.691784284464461 96.55830237970459
-10.752928235063102 96.42982082426754
-12.814072185661741 87.34369194341726
-14.875216136260384 83.76641626058898
-16.936360086859025 74.92645583746726
-18.997504037457663 76.103595394125
-21.058647988056308 61.248873255114425
-23.11979193865495 64.27218442043791
-25.180935889253586 64.17954161455701
-27.242079839852227 56.64206480205944
-29.30322379045087 54.621615193801965
-31.36436774104951 56.818452314282546
-33.42551169164815 56.26389553957439
-35.486655642246795 56.65330961352631
-37.547799592845436 52.43744406708264
-39.60894354344408 59.773815388783184
-41.67008749404271 63.698321329739
-43.73123144464135 63.82129830972639
-45.79237539523999 69.27010304159867
-47.853519345838635 71.30978066176513
-49.91466329643727 67.50970008126752
-51.97580724703591 61.79988780617602
-54.03695119763455 65.27482701542735
-56.0980951482332 75.57481697339443
-58.15923909883184 61.69256571759868
-60.220383049430474 57.28669684779353
-62.281527000029115 57.5493002869346
-64.34267095062776 58.57861014845132
-66.4038149012264 55.878810015320475
-68.46495885182505 57.71122519601132
-70.52610280242368 63.398008579756706
-72.58724675302233 70.14368696231513
-74.64839070362096 69.2223951724758
-76.70953465421961 68.27519376960252
-78.77067860481824 67.95208362531304
-80.83182255541688 67.52034682395993
-82.89296650601553 62.76007083994828
-84.95411045661416 59.64006536353922
-87.01525440721281 68.649758739403
-89.07639835781144 57.67086417772998
-91.13754230841009 53.960171199840694
-93.19868625900872 54.02248618332062
-95.25983020960736 50.08347959486853
-97.320974160206 42.91085468472778
-99.38211811080464 39.00323698778801
-101.44326206140329 42.8816768103662
-103.50440601200194 40.109646294052645
-105.56554996260058 36.496687297699694
-107.62669391319922 36.36386285297533
-109.68783786379785 29.193072818527213
-111.7489818143965 24.812922197548126
-113.81012576499514 31.64229235365035
-115.87126971559378 29.507993668593613
-117.93241366619242 33.4173649757468
-119.99355761679107 28.03431727739617
-122.0547015673897 27.16343087352792
-124.11584551798833 26.472205549403995
-126.17698946858698 26.35323124457498
-128.23813341918563 21.87125277659175
-130.29927736978428 22.051559951119458
-132.36042132038293 28.257087243938464
-134.42156527098155 27.144661245205267
-136.4827092215802 25.308805468577084
-138.5438531721788 26.91506501738348
-140.60499712277746 26.90077363636121
-142.6661410733761 28.035262775532328
-144.72728502397476 27.26640183812642
-146.78842897457338 27.950875479359706
-148.84957292517203 28.979858569345044
-150.91071687577065 26.302491989536012
-152.97186082636932 25.3396539017145
-155.03300477696794 24.772258615105073
-157.0941487275666 25.179901182883647
-159.1552926781652 17.850866785766797
-161.2164366287639 19.82578572181287
-163.27758057936254 25.94776248170875
-165.33872452996115 24.341815562498248
-167.3998684805598 26.726327170366076
-169.46101243115842 25.916299314609397
-171.5221563817571 23.6139807016501
-173.58330033235572 25.935251787224068
-175.64444428295437 25.22809753294867
-177.705588233553 27.633962094077077
-179.76673218415164 28.955112688445436
-181.82787613475028 25.520006022750085
-183.88902008534893 27.10905897483968
-185.95016403594755 28.585489089729244
-188.0113079865462 29.408527620184554
-190.07245193714482 22.283740120151936
-192.1335958877435 21.249510355215094
-194.19473983834212 26.015353234572213
-196.25588378894076 25.199861326333853
-198.3170277395394 24.670372051917305
-200.37817169013806 24.808492543554106
-202.43931564073674 26.5228218658376
-204.50045959133536 17.296251405140517
-206.561603541934 23.731044314947408
-208.62274749253262 26.888917434174445
-210.68389144313127 26.624737382487268
-212.74503539372992 25.169684677736278
-214.80617934432857 24.906102042802974
-216.8673232949272 25.074508583536904
-218.92846724552584 25.887909307590615
-220.98961119612446 22.51340315767207
-223.05075514672313 20.615287720894013
-225.11189909732175 27.5218887683148
-227.1730430479204 29.234825125972375
-229.23418699851902 25.867067377564773
-231.2953309491177 28.05083132237388
-233.35647489971632 24.95108499730652
-235.41761885031497 23.007875422988658
-237.47876280091361 21.105189923304735
-239.53990675151223 18.95340052552862
-241.6010507021109 23.738609252219437
