# BEGINHEADER
# This file contains data from the SALSA 2m radio telescope.
# DATE=2024-04-09T13:51:0029
# GLON and GLAT given in degrees
# GLON=169.81508673902326
# GLAT=-0.2709823402829209
# DATA in two columns below. Col. 1 is velocity relative to LSR [km/s]. Col. 2 is uncalibrated antenna temperature [K].
# ENDHEADER
231.9970596717106 -1.2379486260447172
229.93591572111197 -2.8185099825110402
227.8747717705133 -3.696652769948319
225.81362781991467 -3.048813355476236
223.75248386931602 -3.775619622065615
221.6913399187174 -4.257711115186864
219.63019596811876 -5.690767073594747
217.5690520175201 -3.271850694032855
215.50790806692146 -4.5580479061224235
213.44676411632284 -4.829811984814477
211.3856201657242 -3.552976708469346
209.32447621512554 -3.069639380477883
207.2633322645269 -5.166632646587284
205.20218831392827 -5.751791363538437
203.14104436332963 -2.8922167609843914
201.079900412731 -3.95947509794712
199.01875646213233 -2.9778826001443757
196.9576125115337 -4.461605477833676
194.8964685609351 -5.133306634421947
192.83532461033644 -3.858873867477516
190.7741806597378 -5.052512284483025
188.71303670913915 -3.185750871526169
186.65189275854053 -4.765756640252268
184.59074880794188 -1.6660115541968095
182.52960485734323 -4.4823048355755475
180.46846090674458 -3.862151027715322
178.40731695614596 -4.522798490472442
176.3461730055473 -4.296792826002277
174.2850290549487 -5.153224375824215
172.22388510435002 -3.4827318280201647
170.1627411537514 -4.807559080644415
168.10159720315275 -4.633009157210055
166.04045325255413 -4.653310490952289
163.97930930195548 -3.6088500887490245
161.91816535135683 -5.288942942222217
159.85702140075819 -4.410415993495158
157.79587745015954 -2.7841363671226724
155.73473349956092 -1.3562221441747424
153.67358954896227 -2.8688973930868893
151.61244559836362 -4.138362972812519
149.55130164776497 -4.372545589319378
147.49015769716635 -3.5705046198376937
145.4290137465677 -3.7546466468012367
143.36786979596906 -4.116607707619811
141.3067258453704 -3.9410089517836915
139.2455818947718 -4.449288642631575
137.18443794417314 -4.317510661686605
135.12329399357452 -4.2406798996843325
133.06215004297584 -3.423976758199205
131.00100609237722 -4.205307687747076
128.93986214177858 -3.4197234402329366
126.87871819117993 -4.710884374609963
124.8175742405813 -2.79609730266574
122.75643028998266 -3.9344846903246644
120.69528633938401 -3.838126236836167
118.63414238878538 -4.123612679662125
116.57299843818673 -2.2292655118781797
114.5118544875881 -4.240584680493072
112.45071053698945 -3.133564270868764
110.38956658639081 -3.4237861798503215
108.32842263579218 -1.3770819032598678
106.26727868519353 -2.2506318948150583
104.2061347345949 -4.5746932231460296
102.14499078399623 -2.7828698860381333
100.0838468333976 -3.3419190519841413
98.02270288279897 -2.240153835534333
95.96155893220032 -3.8291334901753795
93.90041498160168 -2.910264939392386
91.83927103100304 -0.9457196886449225
89.7781270804044 -4.720819857503753
87.71698312980575 -3.472552478391924
85.65583917920712 -2.18341601025832
83.59469522860849 -3.51978241206839
81.53355127800984 -3.451549135103047
79.4724073274112 -1.7635953818046775
77.41126337681256 -2.777406247524642
75.35011942621392 -2.890006885227456
73.28897547561527 -4.534719659282989
71.22783152501664 -3.685301496002172
69.166687574418 -3.0549546769729163
67.10554362381936 -3.985536126235541
65.04439967322071 -3.2408343549234973
62.983255722622076 -2.9847451576462594
60.922111772023435 -3.3854431057590606
58.860967821424794 -3.076250216711806
56.79982387082615 -3.5232411452059167
54.73867992022751 -2.696762473983866
52.67753596962886 -2.8614121450801195
50.61639201903022 -1.6796320077290647
48.55524806843158 -1.8373363974169679
46.49410411783294 -1.4593241726141541
44.4329601672343 -1.6481351752317699
42.37181621663566 -3.2817904328038874
40.31067226603702 -3.4803944338591415
38.24952831543838 -4.323014801320963
36.18838436483974 -2.2507052953044147
34.12724041424109 -3.0711898368298347
32.06609646364245 -2.806438296087114
30.00495251304381 -2.2514999206147537
27.943808562445174 -1.2734990557117751
25.882664611846533 -1.7171631990096148
23.821520661247895 -1.3430409436829576
21.760376710649254 -0.06947989412151778
19.699232760050613 1.2714473778886992
17.638088809451972 1.4102558726733858
15.57694485885333 2.8843468491119975
13.515800908254691 6.3621344684261505
11.45465695765605 9.915164373698813
9.39351300705741 20.73915865923695
7.332369056458769 34.792436392419006
5.271225105860127 51.40139675470846
3.2100811552614865 65.35260874384582
1.1489372046628457 74.422460719768
-0.9122067459357951 79.17406275228859
-2.973350696534436 84.73125085128392
-5.0344946471330765 93.26799408239737
-7.095638597731717 98.78268869232684
-9.156782548330357 102.18029263553719
-11.217926498929 101.93861710523662
-13.279070449527639 101.66709174162109
-15.34021440012628 99.1573953085907
-17.40135835072492 92.22073334968029
-19.462502301323564 86.16977411114736
-21.5236462519222 80.41979577737791
-23.584790202520843 70.71289030618091
-25.645934153119487 57.3042287413436
-27.707078103718125 49.99403886597754
-29.76822205431677 42.49794672317938
-31.82936600491541 32.88304955893618
-33.89050995551405 26.77703199395992
-35.95165390611269 19.344021149370707
-38.01279785671133 13.081367809547569
-40.07394180730997 10.223739653007614
-42.13508575790861 8.968428366320909
-44.19622970850725 6.347428679476684
-46.257373659105895 4.295221232561582
-48.318517609704536 3.914037400487567
-50.37966156030317 2.89917059268841
-52.44080551090181 2.2831620650354596
-54.50194946150045 2.840801059864308
-56.56309341209909 1.6660840566107438
-58.624237362697734 1.3952143940526784
-60.68538131329637 -1.1073054993391676
-62.746525263895016 -0.7483635273919245
-64.80766921449366 -0.06678915577719424
-66.8688131650923 -1.922428917549078
-68.92995711569094 -1.8740977458640657
-70.99110106628957 -1.5116885198663734
-73.05224501688822 -3.289245318490082
-75.11338896748686 -2.807086298844747
-77.1745329180855 -1.1150896158904287
-79.23567686868414 -2.7967920047035686
-81.29682081928279 -2.9638863348715807
-83.35796476988142 -4.092235715169041
-85.41910872048005 -2.8290903160471745
-87.4802526710787 -4.348205657526968
-89.54139662167734 -4.09984419812737
-91.602540572276 -1.44453170783149
-93.66368452287463 -3.064850540229072
-95.72482847347327 -3.093537021559951
-97.78597242407191 -4.056137108259442
-99.84711637467055 -3.292984696424138
-101.9082603252692 -1.7257087502258408
-103.96940427586783 -3.732537901141197
-106.03054822646648 -4.42929753580776
-108.09169217706511 -3.7806370705131496
-110.15283612766375 -3.5560617347623804
-112.2139800782624 -5.838586009972497
-114.27512402886103 -5.782777686845584
-116.33626797945968 -3.7637274557234144
-118.39741193005831 -3.2101880476297078
-120.45855588065696 -3.3383385722540253
-122.5196998312556 -4.8845146984150345
-124.58084378185423 -6.261522904976351
-126.64198773245288 -3.7845583313004183
-128.7031316830515 -3.7751568144902694
-130.76427563365016 -4.117251410906723
-132.8254195842488 -4.30742116183324
-134.88656353484743 -5.084057490398907
-136.94770748544607 -4.245232089629652
-139.00885143604472 -4.248471806587607
-141.06999538664337 -4.966901294029598
-143.131139337242 -1.9224482099080575
-145.19228328784064 -3.4708869856537525
-147.2534272384393 -4.980032409437692
-149.31457118903793 -4.068565189984713
-151.37571513963658 -2.796882757940378
-153.4368590902352 -5.003357155659109
-155.49800304083385 -5.879249874683704
-157.5591469914325 -3.936681840342056
-159.62029094203115 -5.238435994146052
-161.68143489262977 -5.722267113530893
-163.74257884322842 -3.7047570639025325
-165.80372279382703 -4.61957134358798
-167.8648667444257 -4.0857745579962
-169.92601069502433 -4.675827978637634
-171.98715464562298 -5.794792209645853
-174.0482985962216 -6.362565270833703
-176.10944254682028 -3.506941156990517
-178.1705864974189 -4.319930736712909
-180.23173044801754 -4.210866886606294
-182.29287439861616 -5.637311043164013
-184.3540183492148 -4.980445834930709
-186.41516229981346 -4.327525799724226
-188.4763062504121 -4.2761805971091835
-190.53745020101076 -5.017502721951709
-192.59859415160938 -4.182606077212514
-194.65973810220802 -6.07397130047258
-196.72088205280667 -4.07267685164157
-198.78202600340535 -4.781583307294301
-200.84316995400397 -4.352672926149051
-202.90431390460262 -3.3087135944533426
-204.96545785520124 -4.75814708118044
-207.02660180579988 -4.672036494198408
-209.08774575639853 -3.4795134227324325
-211.14888970699718 -3.4922260761103967
-213.2100336575958 -5.202833079520483
-215.27117760819445 -3.2390501740600994
-217.3323215587931 -4.047928850025589
-219.39346550939175 -5.5894938800321325
-221.45460945999037 -3.657340495447343
-223.515753410589 -4.350344872062525
-225.57689736118763 -2.777179941874319
-227.6380413117863 -3.0363119016084545
-229.69918526238496 -2.832488992346123
-231.76032921298358 -3.8595080778223503
-233.82147316358223 -4.73616142553615
-235.88261711418085 -2.5734504374181997
-237.94376106477952 -2.65756037426292
-240.00490501537814 -3.23006560281097
-242.0660489659768 -2.939985718900064
-244.1271929165754 -3.66463003167189
-246.1883368671741 -1.974278855276311
-248.2494808177727 -3.2524930255125017
-250.31062476837135 -4.168728188429639
-252.37176871896997 -3.8358502697352392
-254.43291266956862 -4.024953846012444
-256.49405662016727 -4.136248487200524
-258.5552005707659 -3.806599297940854
-260.61634452136457 -3.9017612261987176
-262.6774884719632 -1.5512391557881071
-264.7386324225618 -4.553428105679956
-266.7997763731605 -4.495115975007381
-268.8609203237591 -3.6040456205742415
-270.92206427435775 -3.32456572960849
-272.9832082249564 -3.7494454331892424
-275.04435217555505 -4.165693991627084
-277.1054961261537 -3.8313863223912463
-279.1666400767523 -3.90129920983587
-281.22778402735094 -3.666491929424392
-283.28892797794964 -4.147200585310768
-285.35007192854823 -4.09674093701836
-287.4112158791469 -3.2636778510529556
-289.47235982974547 -3.851045394366666
-291.5335037803442 -3.5460525155827196
-293.5946477309428 -3.9502944400507474
