# BEGINHEADER
# This file contains data from the SALSA 2m radio telescope.
# DATE=2024-04-12T07:08:0016
# GLON and GLAT given in degrees
# GLON=41.97989311872073
# GLAT=4.239085242381919
# DATA in two columns below. Col. 1 is velocity relative to LSR [km/s]. Col. 2 is uncalibrated antenna temperature [K].
# ENDHEADER
308.4331711600756 -0.0975944129853044
306.372027209477 -1.9384899179812116
304.31088325887833 0.3951344468454953
302.24973930827963 0.47064651883895153
300.18859535768104 -0.5323831201490241
298.1274514070824 2.373765755275387
296.0663074564838 -0.2243314708407937
294.0051635058851 1.0421571636305065
291.94401955528645 -1.8387696911401743
289.88287560468785 6.375839503274171
287.8217316540892 19.54456157410778
285.76058770349056 -1.2795506191253156
283.6994437528919 1.7761852180079594
281.63829980229326 -0.6524935428023553
279.57715585169467 0.5065543688954797
277.51601190109596 1.0402248007220913
275.4548679504974 1.0335374156147352
273.3937239998987 0.8535211358669211
271.3325800493 -0.40975763992430175
269.27143609870143 0.8242384210146169
267.2102921481028 0.8098042986830972
265.14914819750413 0.8643993020840482
263.0880042469055 -0.7063023779904355
261.0268602963069 4.60692186976994
258.9657163457082 5.856885548320517
256.9045723951096 -1.8638485018946118
254.84342844451095 2.3767155916262
252.7822844939123 0.7220427446448847
250.72114054331365 2.4679184636457596
248.659996592715 -0.606359969502522
246.59885264211638 -0.6508231569047871
244.53770869151774 0.623228370590613
242.47656474091912 0.4814719125345117
240.41542079032044 1.0204967458168426
238.35427683972182 -0.7302994253345994
236.29313288912317 -1.2867234408004018
234.23198893852455 -1.0077085841453288
232.1708449879259 2.21933611382968
230.10970103732723 -1.0630970091880103
228.0485570867286 -1.9978793520991038
225.98741313612996 -0.9892642585713772
223.92626918553134 -1.754929326893148
221.86512523493266 -0.523103898477962
219.80398128433404 -0.5074552583414349
217.7428373337354 -0.32109839477402546
215.68169338313677 0.15824345119185507
213.62054943253813 0.5730024808570067
211.55940548193948 -0.14683752971332287
209.49826153134083 -1.3470875180792787
207.4371175807422 -0.9773011422606389
205.37597363014356 -0.20186390937291646
203.31482967954494 0.6986979790662433
201.25368572894627 -0.5100337891451349
199.19254177834765 -1.9151778464235796
197.131397827749 -2.7400834108597665
195.07025387715038 -1.1835923695480326
193.00910992655173 -0.1745275195679505
190.94796597595305 -0.9467081026453225
188.88682202535443 -3.610140259481466
186.82567807475579 -1.9614677627050334
184.76453412415717 -1.363966618367379
182.7033901735585 -0.4650585419507128
180.64224622295987 -1.0335470820297155
178.58110227236122 -1.802066410746646
176.5199583217626 -1.4846979048449889
174.45881437116395 -1.4108037947753236
172.3976704205653 -2.06342739755088
170.33652646996666 -2.0891189289576895
168.27538251936804 -3.6000712595932836
166.2142385687694 -2.2581364845476966
164.15309461817077 -3.311529629639917
162.0919506675721 -2.4396301004899668
160.03080671697347 -3.844067954122506
157.96966276637482 -2.7472058032771707
155.9085188157762 -1.7532778808073108
153.84737486517753 -1.9811904173644739
151.78623091457888 -3.4200967160670506
149.72508696398026 -2.3912042850308035
147.6639430133816 -2.0133754908180013
145.602799062783 -2.4794530949182394
143.54165511218432 -3.6883870244529615
141.4805111615857 -3.986582766964907
139.41936721098705 -3.870872575778425
137.35822326038843 -2.980976546895094
135.29707930978978 -2.150653807562046
133.23593535919113 -2.3405134011817124
131.17479140859248 -0.3667752214651787
129.11364745799386 -2.0663500568258915
127.0525035073952 -2.277104351265527
124.99135955679657 -2.6949554176493717
122.93021560619793 -5.02230425784066
120.86907165559929 -2.9787943164370834
118.80792770500065 -1.605929138831728
116.746783754402 -4.178736955734818
114.68563980380337 -2.4015849234095477
112.62449585320472 -2.2855845470624603
110.56335190260609 -1.816830982624623
108.50220795200745 -1.776581412449541
106.4410640014088 -3.579172170529197
104.37992005081017 -2.2116228563291664
102.31877610021152 -1.1532265699924018
100.25763214961289 -4.405834475533271
98.19648819901424 -3.5164942216566706
96.13534424841559 -3.788216118227228
94.07420029781696 -2.125109325780411
92.01305634721831 -2.203900948172601
89.95191239661968 -4.016745555873114
87.89076844602103 -0.5927929286279402
85.8296244954224 -0.7628094802925383
83.76848054482375 2.4060458128951177
81.70733659422511 0.04779433764236268
79.64619264362648 1.4802359814831167
77.58504869302783 3.483795538175922
75.5239047424292 3.8869049764923593
73.46276079183055 7.4503000076312045
71.40161684123191 7.253326897199359
69.34047289063327 9.881510952452537
67.27932894003463 12.937575780855157
65.21818498943598 11.911462807417253
63.15704103883734 15.636087613843397
61.09589708823871 17.95816702857346
59.03475313764007 17.772113540342904
56.973609187041426 17.546219905428163
54.912465236442785 19.39174791856223
52.85132128584414 17.788620905500803
50.7901773352455 19.71900075181006
48.72903338464687 19.50789338531374
46.66788943404822 20.907720850944152
44.606745483449586 22.680232383201044
42.545601532850945 26.911570595543132
40.484457582252304 31.455368837164496
38.42331363165366 37.126144081075935
36.36216968105502 41.107511078478765
34.30102573045638 43.7954963407326
32.23988177985774 49.88500691621382
30.1787378292591 49.78104076954486
28.117593878660458 47.28103715682578
26.05644992806182 46.19773613286639
23.995305977463175 45.738333641384386
21.934162026864534 43.49368394858033
19.873018076265897 40.09142313142912
17.811874125667256 39.618101263133404
15.750730175068615 39.28075399064171
13.689586224469974 39.218045685050534
11.628442273871332 41.80168334583175
9.567298323272691 45.86134953344541
7.506154372674051 44.68807313272736
5.44501042207541 44.40481363577344
3.3838664714767694 53.242129872243716
1.3227225208781286 42.69029559429615
-0.7384214297205122 21.548360152803152
-2.7995653803191525 13.221285224137283
-4.860709330917794 5.152341244520619
-6.921853281516435 1.8145370970838375
-8.982997232115075 2.8995900391429545
-11.044141182713716 0.22068066369794112
-13.105285133312357 0.12049151376898613
-15.166429083910998 0.6211049048604329
-17.22757303450964 0.6526447232582235
-19.28871698510828 1.233053124824933
-21.349860935706918 2.8443539927755217
-23.41100488630556 0.08873474730608454
-25.472148836904204 3.7106740065650894
-27.53329278750284 4.102882617768071
-29.594436738101482 4.533211139185535
-31.655580688700123 7.226187449546122
-33.71672463929877 7.771804392646295
-35.77786858989741 8.868334153849798
-37.83901254049604 10.347984831426428
-39.900156491094684 8.98748532471147
-41.961300441693325 7.7379170203476395
-44.022444392291966 7.984356824773309
-46.08358834289061 8.248559495283638
-48.144732293489255 9.800384346355967
-50.2058762440879 11.172623561091372
-52.26702019468654 12.400109911890796
-54.32816414528518 14.237163806470633
-56.38930809588382 16.256401926838283
-58.45045204648246 17.877290499471076
-60.5115959970811 16.167639572695183
-62.572739947679736 13.670154280161487
-64.63388389827838 11.462033739174727
-66.69502784887703 9.990767795209308
-68.75617179947567 5.929154822492291
-70.8173157500743 6.053253563383292
-72.87845970067295 5.910155457554419
-74.93960365127158 0.6813771335419474
-77.00074760187023 -1.3864392035996003
-79.06189155246886 -2.4254074882991543
-81.12303550306751 -1.7661554674249638
-83.18417945366615 -2.116914651457265
-85.24532340426478 -3.467086753931374
-87.30646735486343 -4.3389364694630865
-89.36761130546206 -5.061383748411649
-91.42875525606071 -2.8238949195700123
-93.48989920665935 -4.03056171130491
-95.551043157258 -4.3709154196720394
-97.61218710785664 -4.557999713764887
-99.67333105845528 -3.6772942415232017
-101.73447500905392 -3.8809454971978448
-103.79561895965256 -3.982470677063822
-105.8567629102512 -4.658237354907027
-107.91790686084984 -4.746857447260921
-109.97905081144849 -5.063405386825794
-112.04019476204712 -5.330351344512594
-114.10133871264576 -4.504937041873184
-116.1624826632444 -2.5969370898561372
-118.22362661384304 -4.596408558982281
-120.28477056444169 -5.239603622487584
-122.34591451504032 -4.5300366409641395
-124.40705846563895 -5.922112804600456
-126.4682024162376 -2.795033095677551
-128.52934636683625 -3.531724489894784
-130.5904903174349 -5.99038304950068
-132.65163426803352 -4.864684869713963
-134.71277821863217 -3.6128339523428696
-136.77392216923081 -3.996148242358162
-138.83506611982946 -3.115313239430493
-140.89621007042808 -4.247434531842695
-142.95735402102673 -3.360078030569467
-145.01849797162535 -4.191091043970594
-147.07964192222403 -2.9633173378421613
-149.14078587282265 -4.076963370079426
-151.2019298234213 -5.353501100409171
-153.26307377401992 -4.446568624698723
-155.32421772461856 -2.586999923207663
-157.38536167521724 -4.728523702120583
-159.44650562581586 -4.287943266811434
-161.5076495764145 -4.012500638781844
-163.56879352701313 -3.421455587995828
-165.6299374776118 -3.225663331921633
-167.69108142821042 -2.8144578427544222
-169.75222537880907 -2.823425123130489
-171.8133693294077 -4.9346639488910125
-173.87451328000634 -4.197619691207593
-175.935657230605 -3.8648905938477367
-177.99680118120364 -4.215221571014438
-180.05794513180226 -2.109002860483127
-182.1190890824009 0.8938779556385534
-184.18023303299952 -3.892713768823075
-186.2413769835982 -4.489343749382694
-188.30252093419682 -3.474191604017216
-190.36366488479547 -3.8210428944292696
-192.4248088353941 -1.8301852803060359
-194.48595278599274 -3.1722285057282464
-196.5470967365914 -3.9616724142146476
-198.60824068719003 -2.7510275434548537
-200.66938463778868 -2.8006272960111325
-202.7305285883873 -2.2548282631317424
-204.79167253898598 -3.002030515385607
-206.8528164895846 -3.750159758501166
-208.91396044018325 -3.408867059139556
-210.97510439078187 8.9995091967277
-213.0362483413805 -2.655575138376617
-215.09739229197916 -2.084508742404055
-217.1585362425778 -2.038184434533845
