# BEGINHEADER
# This file contains data from the SALSA 2m radio telescope.
# DATE=2024-03-28T14:46:0023
# GLON and GLAT given in degrees
# GLON=189.8417552508379
# GLAT=-0.2563621063059595
# DATA in two columns below. Col. 1 is velocity relative to LSR [km/s]. Col. 2 is uncalibrated antenna temperature [K].
# ENDHEADER
222.51305201123424 14.72366426526832
220.4519080606356 28.026314586219364
218.39076411003697 22.590638940935634
216.3296201594383 27.040062550072495
214.26847620883964 22.618676230793913
212.20733225824102 15.811983942869952
210.14618830764238 19.424208121867842
208.08504435704376 20.243514914534455
206.02390040644508 24.8652121006681
203.96275645584646 13.003037965513938
201.9016125052478 0.0662245391339027
199.8404685546492 24.39582631965595
197.77932460405052 17.168867371421303
195.7181806534519 20.02600338629305
193.65703670285322 18.772370599355813
191.5958927522546 24.41041338764364
189.53474880165595 20.86318062046098
187.47360485105733 18.55292090167501
185.41246090045865 14.965990088751258
183.35131694986003 18.1719598402991
181.2901729992614 18.383254633744812
179.22902904866277 16.913486852160794
177.16788509806412 21.868921363483196
175.10674114746544 22.09471163620689
173.04559719686682 21.632068955491878
170.98445324626817 21.67213672088459
168.92330929566955 19.76207878713035
166.8621653450709 18.08675739832227
164.80102139447226 20.161274042384548
162.7398774438736 21.32424127024981
160.678733493275 23.341998331867625
158.61758954267634 21.61287246910696
156.5564455920777 18.852449053381243
154.49530164147905 20.066754088496594
152.43415769088043 17.19527446008712
150.37301374028178 19.33635236360274
148.31186978968316 20.147879363055615
146.25072583908448 23.18205745680434
144.18958188848586 22.466659340436827
142.1284379378872 18.87704695529054
140.0672939872886 19.363239797929538
138.00615003668995 18.358523814780902
135.94500608609127 20.94674258119592
133.88386213549265 21.089233244201573
131.822718184894 21.235773854780927
129.76157423429535 23.168156035263724
127.70043028369673 20.202863297911954
125.6392863330981 21.7317879760688
123.57814238249945 20.01098078955559
121.51699843190082 21.195435493245746
119.45585448130215 20.211931475977693
117.39471053070352 17.372157676061278
115.33356658010487 19.746548717425245
113.27242262950624 21.412468427670287
111.2112786789076 19.67009521399531
109.15013472830896 19.96392390674106
107.08899077771032 20.31050845391949
105.02784682711167 22.079771846072227
102.96670287651304 24.535336959382864
100.90555892591439 25.11313028775037
98.84441497531576 20.888919992574664
96.78327102471712 21.42347967517464
94.72212707411848 19.9273259463824
92.66098312351984 22.246621983277425
90.5998391729212 25.004906754383658
88.53869522232256 21.386529137058385
86.47755127172391 20.84174719797403
84.41640732112528 24.19496517451286
82.35526337052664 20.998139940684847
80.29411941992798 22.78112145203927
78.23297546932935 23.05290837575452
76.1718315187307 24.300073111163385
74.11068756813206 23.00886645949787
72.04954361753342 23.525297346457396
69.98839966693478 24.662659472961643
67.92725571633615 24.703438017842362
65.8661117657375 25.23974875327313
63.804967815138866 23.77062042869192
61.743823864540225 26.756585799172377
59.682679913941584 23.999151780181464
57.62153596334294 21.368509066273543
55.5603920127443 25.034863826779382
53.49924806214566 22.2268119867722
51.43810411154701 22.18828423147713
49.37696016094838 26.3044320739888
47.31581621034974 22.456838496272592
45.254672259751096 32.96481304608701
43.193528309152455 57.012812062256366
41.132384358553814 47.35826425368102
39.07124040795517 35.42691273490283
37.01009645735654 27.62991717973615
34.9489525067579 27.644091958104642
32.88780855615925 28.779165997515094
30.826664605560612 27.497898331625745
28.765520654961968 27.76653495557446
26.70437670436333 20.74700047248038
24.64323275376469 19.262187142799398
22.582088803166048 37.64285469725185
20.520944852567407 35.20209523935848
18.459800901968766 47.17531851186918
16.398656951370125 44.224916507809915
14.337513000771485 44.48717157138973
12.276369050172844 57.59350413727113
10.215225099574203 56.14806268328212
8.154081148975562 62.803017691186795
6.092937198376922 72.14490686158788
4.031793247778281 67.4861042411238
1.9706492971796403 61.99992932404581
-0.09049465341900036 61.200215454330795
-2.1516386040176414 57.38363435426741
-4.2127825546162825 50.89323594895142
-6.273926505214924 46.900563948543
-8.335070455813565 45.56654940630941
-10.396214406412204 39.372187872568794
-12.457358357010847 35.14066951853447
-14.518502307609486 33.17522897592079
-16.579646258208125 30.900948812381603
-18.640790208806767 30.39375043625582
-20.70193415940541 31.207179416191334
-22.76307811000405 32.506400558097596
-24.82422206060269 35.88069611551287
-26.88536601120133 35.157961288973056
-28.94650996179997 34.33899112622413
-31.007653912398613 28.234473173231365
-33.06879786299725 30.45430187334819
-35.12994181359589 24.80734244071697
-37.19108576419453 27.01166333614835
-39.252229714793174 33.454876602101585
-41.313373665391815 30.056033844867308
-43.374517615990456 32.12105864661011
-45.435661566589104 30.059935303824314
-47.49680551718774 32.447570467227024
-49.55794946778638 32.7510600000187
-51.61909341838502 36.91214996232022
-53.68023736898366 38.108326193771916
-55.7413813195823 33.93815051717968
-57.80252527018094 32.87187833432298
-59.86366922077958 30.01621466561792
-61.92481317137822 31.170810146979964
-63.98595712197687 31.020062037881857
-66.0471010725755 32.02706185616748
-68.10824502317413 30.52133314774183
-70.16938897377278 33.08505328399694
-72.23053292437142 32.45649675836907
-74.29167687497008 30.57159594111225
-76.35282082556871 31.2249630983316
-78.41396477616736 33.11346787916615
-80.475108726766 32.81930778521886
-82.53625267736463 33.15412632282854
-84.59739662796328 34.50808958241621
-86.65854057856191 35.99683221897051
-88.71968452916056 31.075690486037235
-90.7808284797592 31.120719207054105
-92.84197243035784 32.324839780657776
-94.90311638095648 32.76464888637145
-96.96426033155511 29.52492280986845
-99.02540428215376 27.868305469912382
-101.08654823275239 32.5179471497866
-103.14769218335104 32.09265002653253
-105.20883613394967 32.39905584335266
-107.26998008454832 32.83930573847624
-109.33112403514696 34.53347827142317
-111.39226798574559 32.5668607899496
-113.45341193634425 32.95092195619609
-115.51455588694289 35.5512969091989
-117.57569983754153 43.5672800134056
-119.63684378814017 32.35078491812519
-121.69798773873882 32.9375605014061
-123.75913168933745 29.92198343696407
-125.82027563993609 32.24283148364642
-127.88141959053473 33.01874873287457
-129.94256354113335 30.79384588698874
-132.003707491732 33.066102736905634
-134.06485144233068 33.82058215348378
-136.1259953929293 36.56091906712454
-138.18713934352795 32.53711493964281
-140.24828329412657 33.673232982132994
-142.3094272447252 31.696063922119304
-144.37057119532386 34.06002045461632
-146.4317151459225 38.38509968819134
-148.49285909652113 38.16180269491378
-150.55400304711978 34.675133900295165
-152.6151469977184 31.187978552012602
-154.67629094831707 32.28695854419578
-156.7374348989157 32.005415063494105
-158.79857884951434 29.723685666993873
-160.85972280011296 29.31141980923816
-162.92086675071164 33.314686942334205
-164.98201070131026 34.49090673247229
-167.0431546519089 31.571456274766096
-169.10429860250753 31.932779934316986
-171.16544255310617 29.75748424897372
-173.22658650370485 25.481834385237814
-175.28773045430347 32.136374840565004
-177.34887440490212 28.961287049497464
-179.41001835550074 34.51081328904076
-181.4711623060994 31.559323492740475
-183.53230625669804 32.31903280495416
-185.59345020729668 32.31901304931934
-187.6545941578953 31.92288933325922
-189.71573810849395 26.592396509549953
-191.77688205909257 30.237983175125855
-193.83802600969125 34.33802898552384
-195.89916996028987 31.4365246903429
-197.96031391088852 31.684540305626324
-200.02145786148714 30.34761032502597
-202.08260181208578 31.512381034188497
-204.1437457626844 31.31961679022854
-206.20488971328305 32.29237911093279
-208.26603366388167 32.33978622916292
-210.32717761448035 30.95011569511298
-212.388321565079 29.51474618572787
-214.44946551567762 30.042625376322682
-216.51060946627626 30.39089479882043
-218.57175341687488 29.140025390033294
-220.63289736747356 26.390536152331315
-222.69404131807218 27.80200256708085
-224.75518526867083 32.07051507986739
-226.81632921926945 29.862211090263447
-228.87747316986813 30.920000763036587
-230.93861712046674 29.368842544203343
-232.9997610710654 27.736863718976693
-235.060905021664 30.291848174598353
-237.12204897226266 29.43557697170494
-239.1831929228613 29.824782400642004
-241.24433687345996 30.547878899135146
-243.30548082405858 30.45941748456922
-245.36662477465723 30.639779772509147
-247.42776872525585 34.0040094755142
-249.48891267585452 32.2279910639916
-251.55005662645317 29.48143390252318
-253.6112005770518 26.821979154176713
-255.67234452765044 30.701177755344585
-257.7334884782491 32.61237022619081
-259.7946324288477 30.283446728586046
-261.85577637944635 29.297002787244107
-263.916920330045 31.351013625287568
-265.97806428064365 21.97689252180293
-268.03920823124224 28.10104688746944
-270.10035218184095 29.0889726745889
-272.1614961324396 30.78282319268036
-274.2226400830382 30.669335154449975
-276.28378403363683 28.991202979231772
-278.3449279842355 26.979890513462614
-280.40607193483413 30.5717874747627
-282.4672158854328 29.46815055019672
-284.52835983603137 24.307770446904783
-286.5895037866301 30.484248055677714
-288.65064773722867 32.24434421675201
-290.7117916878273 29.72561566181176
-292.772935638426 32.00284822996786
-294.8340795890246 28.343898060656667
-296.89522353962326 26.108793313096175
-298.95636749022185 25.89958079349298
-301.01751144082056 22.453462435090632
-303.0786553914192 31.662513401317653
