# BEGINHEADER
# This file contains data from the SALSA 2m radio telescope.
# DATE=2024-04-12T07:04:0048
# GLON and GLAT given in degrees
# GLON=38.93313702002246
# GLAT=4.24298429248485
# DATA in two columns below. Col. 1 is velocity relative to LSR [km/s]. Col. 2 is uncalibrated antenna temperature [K].
# ENDHEADER
308.7472208465041 -0.32361628559691435
306.6860768959055 0.5701506323284331
304.62493294530685 0.914193186989368
302.56378899470815 0.7516684158987704
300.50264504410956 -1.0616865292648965
298.4415010935109 1.6544716601573546
296.3803571429123 0.8572957410206452
294.3192131923136 1.4725398581450155
292.25806924171496 -2.2815772013819893
290.1969252911164 6.667051982392515
288.13578134051767 25.9904272633772
286.0746373899191 -3.5249213800362416
284.0134934393204 1.7996966612678795
281.9523494887218 -0.8133009382337928
279.89120553812313 1.7037911596792146
277.8300615875245 -0.06489852182447509
275.7689176369259 1.4172367411540245
273.70777368632724 -0.4842834337795655
271.64662973572854 0.14942825991162545
269.58548578512995 0.5252394075200683
267.5243418345313 -0.16167551401296745
265.4631978839327 -0.13117103539575975
263.402053933334 -2.0710459440926456
261.3409099827354 7.337684229345549
259.2797660321367 8.180637258960932
257.21862208153806 -2.0719864497787244
255.15747813093944 1.663565619006009
253.09633418034082 0.07655745215073519
251.03519022974217 1.5675633388841501
248.97404627914352 -0.4076113307728678
246.91290232854487 1.2931717506077673
244.85175837794625 -0.2726119483833241
242.7906144273476 -0.6536157348361903
240.729470476749 0.4484302062597691
238.6683265261503 -1.3517972015025606
236.6071825755517 0.22741566317519119
234.54603862495304 -2.2136719146716883
232.48489467435442 2.4751376369793903
230.42375072375575 0.5773145570435861
228.36260677315713 -0.2482703042958433
226.30146282255848 1.0728951566782883
224.24031887195986 0.3809094917021362
222.1791749213612 -0.22645472123808788
220.11803097076253 -1.2831321647040212
218.0568870201639 -0.26472243440539833
215.99574306956526 -0.5943417195439151
213.93459911896664 -1.3661444003139667
211.873455168368 -0.2716047581192497
209.81231121776935 -1.6228886695507285
207.7511672671707 -0.2825884299688547
205.69002331657208 -0.30825661090550555
203.62887936597343 0.22687318715750235
201.5677354153748 -0.07199023421422694
199.50659146477614 -1.6212250639190557
197.44544751417754 -1.2684614426246752
195.3843035635789 -1.4933160119096531
193.32315961298025 -2.4992055203102725
191.2620156623816 -0.8143058567509274
189.20087171178298 -1.7524348633513076
187.13972776118433 0.019748885916570584
185.0785838105857 -1.2596806817919486
183.01743985998704 -1.3926738871975746
180.95629590938842 -1.166590695603972
178.89515195878977 -0.8180775856110659
176.83400800819112 -1.4818093857864045
174.7728640575925 -0.5049871106081801
172.71172010699382 -3.289540619711815
170.6505761563952 1.0764723350653338
168.58943220579656 -1.3564619013360233
166.52828825519794 -2.4029133861146947
164.46714430459926 -1.0155557789575393
162.40600035400064 -3.128490028513384
160.344856403402 -1.0415851959372655
158.28371245280337 -1.0472434908411652
156.22256850220472 -1.2652673767496008
154.16142455160607 -2.6839581698046486
152.10028060100743 -1.3243766104226373
150.0391366504088 -1.863203096884939
147.97799269981016 -2.912304708278078
145.91684874921154 -1.3255841177980874
143.85570479861286 -2.2574996435467716
141.79456084801424 -2.333132712394405
139.7334168974156 -2.130383587833744
137.67227294681695 -3.0630617652324665
135.6111289962183 -3.552724325198803
133.54998504561965 -2.388823780490534
131.48884109502103 -1.8496553787960928
129.42769714442238 -3.5551769024760986
127.36655319382375 -1.3430058467543657
125.30540924322511 -2.3167315625155376
123.24426529262647 -1.739884439978307
121.18312134202782 -3.1575332366546585
119.12197739142918 -1.5750398803257557
117.06083344083054 -2.33601684634627
114.9996894902319 -1.9568747351950635
112.93854553963325 -2.5193729622309724
110.87740158903462 -3.1521219248332315
108.81625763843597 -3.8395169391786057
106.75511368783734 -3.8387431793103426
104.6939697372387 -1.0682267595739798
102.63282578664005 -3.9582080203934162
100.57168183604142 -1.4966681161621815
98.51053788544277 -1.584830322533293
96.44939393484412 -0.24549980096382085
94.38824998424549 -0.5838152915732492
92.32710603364684 2.532336472233796
90.26596208304821 2.9177796076575926
88.20481813244956 1.7016950626213903
86.14367418185093 4.167172505352565
84.08253023125229 4.457336821897658
82.02138628065363 6.429085866513122
79.960242330055 7.484871652087667
77.89909837945635 6.9580251659369186
75.83795442885771 7.52025704424042
73.77681047825907 9.974394063739757
71.71566652766043 12.828011761625435
69.6545225770618 12.256397052685786
67.59337862646315 11.380595818339213
65.53223467586452 13.392584927827356
63.471090725265874 15.743718287512294
61.40994677466723 16.712362033064228
59.34880282406859 16.729066028611232
57.28765887346995 17.41316609298504
55.22651492287131 19.28290904037023
53.16537097227266 19.880931728402718
51.10422702167402 21.533859788448495
49.04308307107539 22.057840693303405
46.981939120476746 24.550562599226502
44.920795169878105 23.017424755959077
42.85965121927946 28.859902637806304
40.79850726868082 34.761471181688144
38.73736331808218 39.206573552946324
36.67621936748355 43.386357682883464
34.6150754168849 46.45513160570696
32.55393146628626 50.21041022748696
30.492787515687617 48.16471359791989
28.431643565088976 49.539987368000446
26.370499614490335 49.66265632578577
24.3093556638917 51.88526576327711
22.24821171329306 47.481401984368915
20.187067762694415 43.32437884879806
18.125923812095774 42.24989167998969
16.064779861497136 41.26458709930482
14.003635910898495 42.453871809725094
11.942491960299852 46.228194342714204
9.881348009701213 47.87837927726877
7.820204059102571 48.18757142552764
5.759060108503931 49.084499168058876
3.6979161579052904 58.431971129144245
1.636772207306649 48.23298778175496
-0.42437174329199157 27.617562253319853
-2.4855156938906324 10.402425568342936
-4.5466596444892735 5.286895913910991
-6.607803595087914 1.7682190811013345
-8.668947545686555 -0.1568606585010217
-10.730091496285198 1.482162865901837
-12.791235446883835 -0.9056389171021718
-14.852379397482476 0.9550814846798004
-16.913523348081114 -0.945080742987631
-18.97466729867976 0.7241949288795116
-21.0358112492784 0.6857948462866227
-23.09695519987704 1.9350092414209654
-25.15809915047568 3.0560968707744536
-27.219243101074323 4.756222452051337
-29.280387051672964 6.544981915424336
-31.341531002271605 8.65687799096498
-33.40267495287024 8.001814382031933
-35.46381890346888 9.77446124272753
-37.524962854067525 9.738845894785067
-39.586106804666166 8.897779302491067
-41.64725075526481 8.161987989316437
-43.708394705863455 9.001878783721084
-45.769538656462096 10.377792267223592
-47.83068260706073 10.132976967323529
-49.89182655765937 12.181213968576957
-51.95297050825801 14.764131385878812
-54.01411445885665 16.071582963778557
-56.075258409455294 17.54503624429823
-58.136402360053935 16.676453162354154
-60.19754631065257 14.817948082514503
-62.25869026125122 13.065955657743311
-64.31983421184985 7.817394457764353
-66.3809781624485 5.283287025415817
-68.44212211304713 2.2724835501726552
-70.50326606364577 1.8808267215543393
-72.56441001424443 -0.33905890452112214
-74.62555396484306 -1.2661051509611168
-76.68669791544171 -2.4286400977225244
-78.74784186604035 -1.9863199142167591
-80.808985816639 -3.158053277824899
-82.87012976723763 -3.162362391497592
-84.93127371783626 -2.263763602332758
-86.99241766843491 -3.3196708109579167
-89.05356161903354 -3.9486103519604248
-91.11470556963219 -3.71421664059524
-93.17584952023083 -3.888369054395053
-95.23699347082946 -4.3087598305043935
-97.29813742142811 -4.783517374674577
-99.35928137202674 -3.354049669523765
-101.42042532262538 -4.677267238568949
-103.48156927322401 -5.489814752402074
-105.54271322382266 -4.3729171702478995
-107.6038571744213 -3.856174042856334
-109.66500112501994 -3.7436148659803927
-111.72614507561859 -4.293881744500441
-113.78728902621724 -3.2158144110153795
-115.84843297681587 -1.9865211041963704
-117.9095769274145 -4.451594605833275
-119.97072087801315 -3.91417888813271
-122.03186482861179 -4.391261815605437
-124.09300877921044 -3.3729250954194363
-126.15415272980907 -4.404513324774139
-128.2152966804077 -2.9753033639191098
-130.27644063100635 -2.8065832250183607
-132.337584581605 -4.0868695240328545
-134.39872853220362 -3.8281573132286586
-136.4598724828023 -2.5916646313643716
-138.52101643340092 -3.4052034095633688
-140.58216038399956 -1.8498094092396482
-142.64330433459818 -4.93775183234381
-144.70444828519683 -5.511578416163331
-146.76559223579548 -3.5631298567434735
-148.82673618639413 -3.403277320767262
-150.88788013699275 -3.4980269695666975
-152.9490240875914 -3.6115998878046436
-155.01016803819005 -3.034392062954092
-157.0713119887887 -3.1200353791711666
-159.1324559393873 -2.36278916613658
-161.19359988998596 -2.9939094094273697
-163.25474384058458 -3.066283326638517
-165.31588779118326 -3.447870008222314
-167.37703174178188 -2.772706843786084
-169.43817569238053 -1.5832813181227168
-171.49931964297917 -3.7845397864648995
-173.5604635935778 -2.3481448574669486
-175.62160754417647 -3.744480224727537
-177.6827514947751 -1.935010191857868
-179.74389544537374 -4.113415491106975
-181.80503939597236 5.34819682680346
-183.86618334657103 -1.640899108929916
-185.92732729716965 -3.987625221244894
-187.9884712477683 -2.0827391949526843
-190.04961519836692 -3.506931005430219
-192.11075914896557 -1.8392516347228944
-194.17190309956422 -1.5856927127961287
-196.23304705016287 -2.217512329611559
-198.29419100076151 -4.182146789099697
-200.35533495136016 -3.13149725066397
-202.41647890195878 -0.8851494668565894
-204.47762285255743 -1.2388726819155282
-206.5387668031561 -2.9944754233552864
-208.59991075375473 -1.2739183691631617
-210.66105470435338 16.286234121673473
-212.722198654952 -0.9865771494804552
-214.78334260555064 -1.2049913097412324
-216.8444865561493 -2.4701617822570463
