# BEGINHEADER
# This file contains data from the SALSA 2m radio telescope.
# DATE=2024-04-09T13:08:0014
# GLON and GLAT given in degrees
# GLON=99.9282832527715
# GLAT=-0.01291088893331636
# DATA in two columns below. Col. 1 is velocity relative to LSR [km/s]. Col. 2 is uncalibrated antenna temperature [K].
# ENDHEADER
281.5148982575093 -1.9905401533960891
279.45375430691064 -2.4328256718765915
277.39261035631193 -2.763275822559489
275.33146640571334 -3.6837458006612165
273.2703224551147 -5.000144800296259
271.2091785045161 -4.297714922339034
269.1480345539174 -2.4620106575048712
267.08689060331875 -4.130560416361119
265.02574665272016 -4.807151423707868
262.9646027021215 -2.172942544941612
260.90345875152286 2.836432798604592
258.8423148009242 -5.749783109428097
256.78117085032557 -3.3209232902469323
254.72002689972695 -3.2555462516368525
252.6588829491283 -3.740556936232643
250.59773899852965 -4.705942303397549
248.53659504793103 -4.172919918562833
246.47545109733238 -4.63954596005107
244.4143071467337 -4.473456739144522
242.35316319613509 -4.732644284917557
240.29201924553644 -4.687555860119447
238.23087529493782 -3.188237236499548
236.16973134433917 -4.492617608203811
234.10858739374052 -0.9302013130113967
232.04744344314187 1.8668880523121523
229.98629949254325 -3.198990629146478
227.9251555419446 -3.1143071650887695
225.86401159134599 -4.55657893417303
223.8028676407473 -6.382266392816188
221.7417236901487 -3.71909652479865
219.68057973955004 -4.222726020690712
217.61943578895142 -4.352955156781481
215.55829183835277 -4.1598843085577215
213.49714788775412 -3.548646831709771
211.43600393715548 -4.999753061059348
209.37485998655686 -4.5421386576693354
207.3137160359582 -4.711012604540881
205.25257208535953 -1.8109247752083615
203.1914281347609 -2.8459114781263337
201.13028418416226 -4.049849626792964
199.06914023356364 -2.730582323958108
197.007996282965 -3.2319047818118936
194.94685233236635 -3.7075891586911283
192.8857083817677 -4.194104345598857
190.82456443116908 -2.432152848569236
188.76342048057043 -5.730480233209703
186.7022765299718 -3.2170472529794867
184.64113257937314 -3.7486995823897176
182.57998862877452 -4.401849034977903
180.51884467817587 -3.6197204352923253
178.45770072757725 -3.7619852225550594
176.39655677697857 -3.2100842939638983
174.33541282637995 -4.283682764020875
172.2742688757813 -3.2068969962875418
170.21312492518268 -4.121015479744864
168.15198097458403 -4.837728614284316
166.09083702398536 -3.94990446502815
164.02969307338674 -4.465308080453402
161.9685491227881 -2.2500310112325588
159.90740517218947 -3.610936324554984
157.84626122159082 -2.880003198016199
155.78511727099217 -3.0726566934751993
153.72397332039353 -4.214396502083118
151.6628293697949 -4.566535092163818
149.60168541919626 -3.979628225592783
147.5405414685976 -2.7236601792428243
145.47939751799896 -2.4503605263601305
143.41825356740034 -3.63654791711725
141.3571096168017 -5.228820447754811
139.29596566620307 -3.1334686079822514
137.2348217156044 -3.5594044032922825
135.17367776500578 -4.001489981412463
133.11253381440713 -2.0318036949011145
131.0513898638085 -3.038110041360712
128.99024591320986 -4.390281661366891
126.92910196261121 -0.9522933920840336
124.86795801201256 -3.6290915521618605
122.80681406141393 -4.0296266623207755
120.74567011081528 -2.1784128500662954
118.68452616021665 -3.736794286553733
116.62338220961801 -2.8642606079824575
114.56223825901937 -3.9812603977165586
112.50109430842073 -2.506696654010745
110.43995035782208 -4.247346068812183
108.37880640722344 -2.6546776180152425
106.31766245662479 -3.454147696327713
104.25651850602615 -3.290812986592169
102.19537455542752 -3.207821799172978
100.13423060482887 -2.5152640559110844
98.07308665423024 -1.72588458957188
96.01194270363159 -3.5435296763450137
93.95079875303296 -3.615194515907354
91.88965480243431 -2.2436123149320193
89.82851085183567 -3.5319776898507875
87.76736690123704 -1.9736335073348665
85.70622295063839 -2.0876099235646275
83.64507900003976 -4.101469712635843
81.58393504944111 -3.2393780355990414
79.52279109884248 -3.338566086161346
77.46164714824383 -3.6471738691125104
75.4005031976452 -2.2917344543761775
73.33935924704656 -3.5858396201380827
71.27821529644791 -2.1395393472336925
69.21707134584926 -3.3341067977412546
67.15592739525061 -2.4615842865679936
65.09478344465198 -1.7377692749186093
63.03363949405335 -2.7773805377001626
60.972495543454706 -1.2252049934518827
58.91135159285606 -2.4591639776283434
56.850207642257416 -2.4487251410517894
54.78906369165878 -1.7015579751804
52.72791974106014 -3.19346677091329
50.6667757904615 -2.8312891833665836
48.60563183986285 -3.5282445224427343
46.54448788926421 -1.787094298037284
44.48334393866558 -2.9344331271965545
42.422199988066936 -3.2760084323085388
40.36105603746829 -3.844144281501842
38.29991208686965 -3.124139282716902
36.238768136271005 -3.354160352911887
34.177624185672364 -2.587778544063619
32.11648023507373 -1.444705953956525
30.055336284475086 -2.815270430224412
27.99419233387645 -2.5994195994097526
25.933048383277804 -1.4163812271012781
23.871904432679166 -1.4335174003135138
21.810760482080525 -0.5769871982389234
19.749616531481887 -1.3641083509680163
17.688472580883246 -1.0622685238850875
15.627328630284604 2.572781250083083
13.566184679685962 4.327630911809513
11.505040729087321 7.49183937956821
9.443896778488678 15.480104358635542
7.382752827890039 27.847858825800806
5.321608877291398 43.52502158067357
3.260464926692758 66.09817979305315
1.199320976094117 77.42722987177866
-0.8618229745045238 76.23840139058197
-2.922966925103164 73.60109650170668
-4.9841108757018056 71.06463577134815
-7.045254826300447 67.49796548745245
-9.106398776899086 63.880470336950346
-11.167542727497729 57.46667039956418
-13.228686678096366 51.013877476862035
-15.28983062869501 53.17941255524968
-17.35097457929365 54.56255569397032
-19.41211852989229 46.88125242112215
-21.473262480490927 42.15439881611958
-23.53440643108957 41.8413436431878
-25.595550381688216 37.32756184076887
-27.656694332286854 36.279829688896434
-29.717838282885495 33.77545381352113
-31.77898223348414 35.7936996324654
-33.84012618408278 40.28965652694932
-35.90127013468142 42.77636097462244
-37.96241408528006 42.727919801561804
-40.0235580358787 44.38953074545209
-42.08470198647734 44.433280423984286
-44.14584593707598 44.21413873794643
-46.206989887674624 43.14206995049637
-48.268133838273265 44.49483436986821
-50.3292777888719 44.702898499294555
-52.39042173947054 44.7446684963397
-54.451565690069174 47.25520607677048
-56.51270964066782 49.02046195508593
-58.57385359126646 51.75028870153195
-60.634997541865104 52.83426526847315
-62.696141492463745 54.36545933928205
-64.75728544306239 51.127059454309965
-66.81842939366102 48.76334968351726
-68.87957334425967 44.123358386503156
-70.9407172948583 39.1181565038617
-73.00186124545695 36.14319786424516
-75.06300519605558 28.224828147158888
-77.12414914665422 25.64005718945822
-79.18529309725287 21.429495631876822
-81.2464370478515 18.96730261928951
-83.30758099845015 15.672449062573264
-85.3687249490488 14.415380830162905
-87.42986889964745 15.308566485558723
-89.49101285024608 18.830754190587314
-91.55215680084471 20.894155684793652
-93.61330075144336 22.77677490681762
-95.674444702042 21.780554707030735
-97.73558865264064 18.979395056092944
-99.79673260323928 16.10044200905403
-101.85787655383793 13.154052721572423
-103.91902050443656 11.560653961521748
-105.9801644550352 8.86886805816483
-108.04130840563384 7.043402614536285
-110.10245235623248 4.135296340876198
-112.16359630683112 3.2123996666084342
-114.22474025742976 2.7741360962344324
-116.28588420802839 1.112059580727506
-118.34702815862704 -0.5651481048208272
-120.40817210922567 -1.2010662853735672
-122.46931605982432 -1.5171475813521456
-124.53046001042297 -2.508703863938333
-126.59160396102162 -3.1997511229810307
-128.65274791162025 -2.730062547190224
-130.71389186221887 -1.960662647012227
-132.77503581281752 -2.9880279952982822
-134.83617976341617 -2.7069845466507654
-136.89732371401482 -3.7488124128834968
-138.95846766461344 -3.2125212003379766
-141.01961161521209 -5.380448149984253
-143.08075556581076 -5.202503889592324
-145.14189951640938 -4.025817193666572
-147.20304346700803 -4.443338919091335
-149.26418741760665 -3.9963784486659186
-151.3253313682053 -4.8379670717979675
-153.38647531880395 -4.6163229874746365
-155.4476192694026 -3.9166650013177122
-157.5087632200012 -4.4258584247256145
-159.56990717059986 -3.350964834576483
-161.63105112119848 -5.669994894457201
-163.69219507179716 -4.393832598160353
-165.75333902239578 -4.80023243191637
-167.81448297299443 -4.27690821969876
-169.87562692359305 -4.121952262010648
-171.9367708741917 -2.9445282543109643
-173.99791482479034 -4.882598958806856
-176.059058775389 -4.452614796478788
-178.1202027259876 -3.642482489334337
-180.18134667658626 -3.955991091530246
-182.24249062718494 -4.302883625453018
-184.30363457778355 -3.635321834668843
-186.3647785283822 -3.648090908382654
-188.42592247898082 -3.8246271604669837
-190.48706642957947 -4.848466717841104
-192.54821038017812 -3.1910251750845893
-194.60935433077677 -4.016937422395227
-196.6704982813754 -3.605783909021735
-198.73164223197404 -3.0300523999989424
-200.79278618257266 -3.4312500664092527
-202.85393013317133 -3.991047225400743
-204.91507408376995 -3.4816882060200953
-206.9762180343686 -4.122062932246132
-209.03736198496722 0.318722290003372
-211.0985059355659 -2.350749309270079
-213.15964988616452 -3.542869227909144
-215.22079383676316 -3.965349654715357
-217.28193778736178 -4.12582667498931
-219.34308173796043 -5.50623758346162
-221.4042256885591 -3.3450617880863804
-223.46536963915773 -2.0135042211752774
-225.52651358975638 -1.842656572540143
-227.587657540355 -3.2479870387537666
-229.64880149095364 -2.692946148307512
-231.7099454415523 -1.8050930266341274
-233.77108939215094 -3.383958770942802
-235.83223334274956 -1.8558389087635148
-237.8933772933482 -1.1275478264111642
-239.95452124394686 -2.3957215973925012
-242.0156651945455 -2.8659089616077926
-244.07680914514413 -3.7008849920914915
