# BEGINHEADER
# This file contains data from the SALSA 2m radio telescope.
# DATE=2024-03-28T14:59:0019
# GLON and GLAT given in degrees
# GLON=209.8431433478704
# GLAT=-0.2766415452923148
# DATA in two columns below. Col. 1 is velocity relative to LSR [km/s]. Col. 2 is uncalibrated antenna temperature [K].
# ENDHEADER
220.46217957088393 17.164536471570507
218.40103562028528 28.307571296162386
216.33989166968666 24.52218981776729
214.27874771908802 25.365048494135774
212.2176037684894 21.158999425081717
210.15645981789072 18.455680329682675
208.0953158672921 21.58182590785911
206.03417191669345 24.301317334528154
203.97302796609483 24.403897206390212
201.91188401549618 15.404785089146177
199.8507400648975 1.9031999954198835
197.78959611429892 25.252157695214354
195.72845216370027 19.99182107188685
193.66730821310162 22.09934723388226
191.60616426250297 21.619289558339908
189.54502031190435 25.592001123271473
187.4838763613057 22.87546841862699
185.42273241070708 21.569236546747913
183.3615884601084 18.054217682426962
181.3004445095098 21.735354442912715
179.23930055891114 18.55997535790701
177.17815660831252 18.758252819277743
175.11701265771387 22.882840778585543
173.05586870711522 23.45465264354267
170.99472475651658 21.20544349975432
168.93358080591796 20.415106153641247
166.8724368553193 22.295674473015662
164.81129290472066 20.29428365146728
162.750148954122 21.39682177172655
160.68900500352336 25.03536164537304
158.62786105292474 23.59534718499869
156.5667171023261 22.66820769829836
154.50557315172745 21.159352393428314
152.4444292011288 21.1922860867854
150.38328525053018 19.024109327407587
148.32214129993153 21.90978208536275
146.2609973493329 22.85244423815339
144.19985339873423 23.03537680892291
142.13870944813561 23.683582578635637
140.07756549753697 21.1130196803564
138.01642154693835 21.033668551123803
135.95527759633967 20.002386334433943
133.89413364574105 22.52513180401246
131.8329896951424 23.520841957816955
129.77184574454378 22.674361066523662
127.71070179394512 21.603519387315796
125.64955784334649 24.264578536657947
123.58841389274784 21.96152834576958
121.5272699421492 21.76895616261263
119.46612599155057 21.898988035027248
117.40498204095192 20.120604994630966
115.34383809035329 19.145836072640435
113.28269413975464 22.127382651266824
111.221550189156 20.28600217938244
109.16040623855736 22.50076282979569
107.09926228795872 21.337253384161386
105.03811833736007 23.40206513534507
102.97697438676143 23.928425035910205
100.91583043616279 26.42380665796679
98.85468648556414 24.89428198441959
96.7935425349655 25.38015148195678
94.73239858436686 22.681757090890848
92.67125463376821 19.38869086204127
90.61011068316958 24.634005945513305
88.54896673257093 25.04970730557994
86.4878227819723 21.959289609384722
84.42667883137366 23.426046130409787
82.36553488077502 26.31389984662078
80.30439093017638 22.76961327687183
78.24324697957773 24.98360624500698
76.1821030289791 26.573822588680212
74.12095907838045 26.950887134277206
72.05981512778182 25.22950634010867
69.99867117718318 24.03585236217452
67.93752722658454 24.63250713631365
65.87638327598589 28.685888739108982
63.81523932538725 26.83125206421243
61.75409537478861 27.84636571444434
59.69295142418997 30.226603760194116
57.63180747359132 31.260247117987394
55.57066352299268 30.614346061019027
53.50951957239404 33.777111877322184
51.44837562179541 37.08257920868233
49.387231671196766 39.91326902295104
47.32608772059813 45.2717716376658
45.26494376999949 47.849991583525956
43.20379981940085 49.54151902571733
41.14265586880221 53.36133400895657
39.08151191820357 55.03880117016023
37.02036796760492 49.21121394393104
34.959224017006285 48.83258366622721
32.898080066407644 45.388345861132194
30.836936115809003 45.770483428893016
28.775792165210362 45.33563594882862
26.71464821461172 45.45309987677232
24.653504264013083 41.31990688338691
22.59236031341444 38.16168938283111
20.531216362815798 52.69471470040652
18.470072412217156 46.76603458406095
16.40892846161852 49.95933750955641
14.347784511019876 47.712768733539235
12.286640560421237 42.15006705125744
10.225496609822594 57.12378044299611
8.164352659223955 52.399556504321076
6.1032087086253135 52.01018394183093
4.042064758026672 53.35571084998947
1.9809208074280316 44.06679722718045
-0.08022314317060929 38.723637921292564
-2.14136709376925 37.43961395940972
-4.20251104436789 34.35224219245031
-6.263654994966531 33.50024450687563
-8.324798945565172 33.279630199263906
-10.385942896163813 35.34149527653024
-12.447086846762453 33.51273471456802
-14.508230797361096 30.922442620734884
-16.56937474795974 31.714169028901242
-18.630518698558376 30.787725445564146
-20.691662649157017 31.43223235862038
-22.752806599755658 30.672449352611995
-24.813950550354296 33.83397412690647
-26.87509450095294 36.54707699890041
-28.93623845155158 35.10898690487174
-30.99738240215022 34.10063459685093
-33.05852635274886 32.047792750380495
-35.1196703033475 31.68250372333134
-37.18081425394614 27.62937966113681
-39.24195820454478 27.874253883893765
-41.30310215514343 32.818979804584735
-43.36424610574207 32.4521421819146
-45.42539005634071 32.70815319515772
-47.48653400693935 33.85736858140259
-49.54767795753799 32.81404999261575
-51.60882190813663 31.777710327557706
-53.669965858735274 34.67947601491226
-55.731109809333915 39.912677136198226
-57.79225375993256 35.43726300943791
-59.8533977105312 33.591170743437864
-61.91454166112984 29.656042557544836
-63.97568561172848 30.719719852212652
-66.03682956232711 30.66888901947317
-68.09797351292576 31.502508207705688
-70.1591174635244 32.0206035875958
-72.22026141412304 33.870763179828415
-74.28140536472168 35.96823891732668
-76.34254931532033 32.73609145997719
-78.40369326591896 31.743424329528526
-80.4648372165176 32.31612264558023
-82.52598116711624 35.159721363750144
-84.58712511771488 33.18757633284369
-86.64826906831352 34.4026826644421
-88.70941301891217 34.01098677193673
-90.77055696951082 33.691926887641344
-92.83170092010945 32.28123292360758
-94.89284487070809 32.302494711793685
-96.95398882130674 32.44240144899724
-99.01513277190537 31.605176470949402
-101.076276722504 30.62637559794984
-103.13742067310264 33.24482418704266
-105.19856462370129 31.308937607343886
-107.25970857429992 29.45143810546864
-109.32085252489857 32.29017042970082
-111.3819964754972 34.84804095942564
-113.44314042609585 33.658149155565944
-115.50428437669449 33.37746860378915
-117.56542832729312 36.758349201684105
-119.62657227789177 44.279159339771184
-121.6877162284904 34.50083338106007
-123.74886017908905 33.66672095551789
-125.81000412968768 34.52130073993738
-127.87114808028633 32.716252327344186
-129.93229203088498 29.653478420553345
-131.9934359814836 29.96050683935924
-134.05457993208225 31.35386589839176
-136.1157238826809 33.886508729301305
-138.17686783327954 34.71292984478459
-140.23801178387816 35.42979359317887
-142.2991557344768 33.94294798151299
-144.36029968507543 33.79922043592626
-146.4214436356741 33.650003523478816
-148.48258758627276 34.55158861073678
-150.54373153687138 39.37897863815157
-152.60487548747003 35.116642101909555
-154.66601943806867 31.144588195076484
-156.72716338866732 31.44162058632859
-158.78830733926594 33.77966061041265
-160.8494512898646 30.194227177221634
-162.9105952404632 30.771210671071007
-164.97173919106189 34.164344034650995
-167.0328831416605 34.328926638438304
-169.09402709225915 28.714065944632456
-171.15517104285777 32.49578272515668
-173.21631499345642 28.563800547807052
-175.27745894405507 26.223214772586992
-177.33860289465372 31.999645229274545
-179.39974684525234 31.910818161699623
-181.460890795851 36.0445413985345
-183.5220347464496 31.579229782315384
-185.58317869704828 31.8219481588836
-187.64432264764693 31.87360256418188
-189.70546659824555 32.12676264241907
-191.7666105488442 28.178755547114108
-193.82775449944285 30.644491198359997
-195.8888984500415 32.09309064593708
-197.95004240064011 30.915718047075718
-200.0111863512388 33.51904756641417
-202.0723303018374 31.41407072087809
-204.13347425243606 31.84156635419135
-206.1946182030347 32.449485011707615
-208.25576215363336 31.361397465126927
-210.31690610423198 33.182876998694674
-212.37805005483062 31.504085268740795
-214.43919400542924 30.805976276551704
-216.50033795602792 31.47784794748863
-218.56148190662654 30.423820779931805
-220.6226258572252 31.548673052439312
-222.6837698078238 28.062948566642767
-224.74491375842246 28.50579631719875
-226.80605770902113 33.52643002743279
-228.86720165961975 29.935257104340856
-230.9283456102184 30.268993191778193
-232.98948956081702 28.5745006964669
-235.0506335114157 29.22684053332572
-237.11177746201432 29.17540352516554
-239.17292141261296 29.73901558341846
-241.23406536321158 33.16667644418348
-243.29520931381023 32.29388053502525
-245.35635326440888 30.812322218704583
-247.41749721500753 31.673324218917184
-249.47864116560615 36.19173801549058
-251.5397851162048 35.62449586821904
-253.60092906680342 28.888438923324305
-255.6620730174021 29.68325331448588
-257.7232169680007 30.228038440837306
-259.78436091859936 28.146825301310127
-261.845504869198 30.491340721769863
-263.90664881979666 30.302910795320148
-265.9677927703953 30.81967713119254
-268.0289367209939 22.87960055744709
-270.09008067159255 28.725325765371906
-272.15122462219125 30.132529367565
-274.21236857278984 31.506036949348584
-276.2735125233885 30.45959590177156
-278.33465647398714 27.709117883711553
-280.3958004245858 28.20517866765442
-282.45694437518443 28.80294940306069
-284.518088325783 27.21129638081661
-286.5792322763817 26.027630077916005
-288.6403762269804 30.455971454643542
-290.70152017757897 30.78379936486046
-292.7626641281776 29.811937031411595
-294.8238080787762 30.31519123627708
-296.8849520293749 30.231246584660695
-298.94609597997356 29.094378982276773
-301.00723993057215 26.58142256369608
-303.06838388117086 24.525607242302556
-305.12952783176945 30.06256512276467
