# BEGINHEADER
# This file contains data from the SALSA 2m radio telescope.
# DATE=2024-03-27T10:19:0023
# GLON and GLAT given in degrees
# GLON=154.81978964492646
# GLAT=-0.25027589116628807
# DATA in two columns below. Col. 1 is velocity relative to LSR [km/s]. Col. 2 is uncalibrated antenna temperature [K].
# ENDHEADER
237.72152000645926 15.79800863382641
235.66037605586064 29.647524275194204
233.599232105262 22.423521816856574
231.53808815466337 23.493521583956614
229.4769442040647 21.95238388745167
227.41580025346607 16.16854185065404
225.35465630286743 19.391018188754018
223.2935123522688 21.622102837910706
221.23236840167016 21.511627167806644
219.1712244510715 14.326767605177322
217.11008050047286 0.8434285590346966
215.04893654987424 23.181773511908293
212.9877925992756 16.684324692608037
210.92664864867697 19.37065031952
208.8655046980783 17.93908241618502
206.80436074747968 22.72052550208814
204.74321679688103 21.385315817009438
202.68207284628238 16.7896155358932
200.62092889568373 17.09861648648294
198.55978494508508 18.80179390758639
196.49864099448646 17.822948726853994
194.43749704388782 19.14795333158934
192.3763530932892 22.210335626142893
190.31520914269052 21.37249384773618
188.2540651920919 19.54759114969024
186.19292124149325 19.478354931984803
184.13177729089463 20.308804874849756
182.07063334029598 19.011242852963086
180.00948938969734 20.19306691885199
177.9483454390987 18.69494193080527
175.88720148850007 23.175905357217133
173.82605753790142 20.903150385543924
171.76491358730277 17.623908642603933
169.70376963670412 19.57943556099664
167.6426256861055 19.95305298442518
165.58148173550686 17.431460370369436
163.5203377849082 20.444227350605214
161.45919383430956 22.872418962457793
159.3980498837109 22.306929874990093
157.3369059331123 19.223084507909867
155.27576198251364 19.243475713748108
153.21461803191502 18.100937703626133
151.15347408131635 20.508734714994553
149.09233013071773 21.021105346672893
147.03118618011908 21.313760196394572
144.97004222952046 22.22192031313483
142.9088982789218 21.0190970227433
140.84775432832316 20.97614468464081
138.78661037772451 19.46977339038559
136.7254664271259 21.07083080217118
134.66432247652725 19.672443556924843
132.6031785259286 16.64716381639151
130.54203457532995 20.89812519013321
128.48089062473133 20.01326981414788
126.41974667413268 22.210242749407676
124.35860272353403 20.23759547637399
122.2974587729354 20.270637907723213
120.23631482233675 21.994534102720603
118.17517087173812 21.830087364051163
116.11402692113948 23.736939917686882
114.05288297054084 20.89273400052118
111.9917390199422 20.948767711899933
109.93059506934355 19.713509713825594
107.8694511187449 21.966379231829034
105.80830716814626 23.85358657315517
103.74716321754762 21.481483539805605
101.68601926694899 20.79816984857121
99.62487531635034 23.62766689240912
97.56373136575169 21.20776832573394
95.50258741515304 22.803098598690895
93.44144346455441 23.41787765830983
91.38029951395578 24.321389062308302
89.31915556335713 23.410793237769333
87.2580116127585 22.85527997191671
85.19686766215985 24.308717742002113
83.13572371156121 24.61064715006941
81.07457976096258 23.625968974653652
79.01343581036393 23.045485674184714
76.9522918597653 23.90091220384637
74.89114790916665 25.49352091906198
72.83000395856801 21.961577936435045
70.76886000796935 23.716831171369144
68.70771605737072 22.245347857526937
66.64657210677208 23.805522106975967
64.58542815617344 26.924875382032667
62.5242842055748 25.27275726630564
60.46314025497616 27.655640411131948
58.40199630437752 33.471388478865954
56.34085235377888 35.29326288396292
54.27970840318024 28.579238248103074
52.218564452581596 30.30180795042233
50.157420501982955 26.037325421960162
48.096276551384314 25.93198187090584
46.03513260078568 25.01065202885214
43.97398865018704 26.597666439090492
41.9128446995884 17.544732975458153
39.85170074898975 16.46967219038087
37.79055679839111 31.092189794979962
35.72941284779247 26.311623735049963
33.668268897193826 30.600886695754614
31.60712494659519 26.698157821697063
29.54598099599655 26.154046634760736
27.48483704539791 29.827329789300983
25.423693094799265 25.519392515363002
23.362549144200628 27.74331263958248
21.301405193601987 38.45057055395911
19.24026124300335 29.58559054485664
17.179117292404705 29.654142410385532
15.117973341806067 29.41952924094151
13.056829391207424 30.8598057754074
10.995685440608785 30.561754612194697
8.934541490010144 28.88183362488325
6.873397539411503 32.07227434036886
4.812253588812862 34.78962842412465
2.7511096382142206 34.75810854566599
0.6899656876155797 34.217901185456114
-1.371178262983061 35.76944029725672
-3.4323222135817018 35.696070529832895
-5.493466164180342 34.76615193155361
-7.554610114778982 36.99220669827205
-9.615754065377624 44.547117124556394
-11.676898015976265 40.686861380067086
-13.738041966574905 40.342874532245325
-15.799185917173546 35.24796670416923
-17.860329867772187 34.47985911136996
-19.921473818370828 32.27759534718921
-21.98261776896947 32.539225285631396
-24.04376171956811 39.72694052120881
-26.10490567016675 38.42412752512406
-28.166049620765392 39.1364883257441
-30.227193571364033 38.41015258929599
-32.288337521962674 38.66331647397229
-34.349481472561315 37.05294634869145
-36.410625423159956 38.180421684620256
-38.4717693737586 45.29611563957342
-40.53291332435724 42.12771892761644
-42.59405727495588 36.59709209261345
-44.65520122555452 33.66792553229184
-46.71634517615316 35.34090079731273
-48.7774891267518 33.747340197823604
-50.83863307735044 35.14052802356589
-52.89977702794908 32.05300619124223
-54.96092097854772 38.03878332118345
-57.02206492914637 37.72161007954325
-59.08320887974501 33.71758232541349
-61.14435283034365 33.0053735840298
-63.20549678094229 33.48980787121665
-65.26664073154093 35.71501254894626
-67.32778468213957 33.08523093976154
-69.38892863273821 33.05183498489292
-71.45007258333685 35.202956738392835
-73.51121653393548 33.72180129007757
-75.57236048453413 33.807116715819355
-77.63350443513276 33.958632057607
-79.69464838573141 33.20234682971791
-81.75579233633005 30.752343764018715
-83.81693628692871 30.90813666865792
-85.87808023752734 33.77400756387566
-87.93922418812598 35.871256493385914
-90.00036813872462 34.75256575249414
-92.06151208932326 33.696796705291376
-94.1226560399219 34.62879208056391
-96.18379999052054 35.504401068495774
-98.24494394111917 32.425227448684836
-100.30608789171781 36.468431592984054
-102.36723184231646 47.85923578542856
-104.42837579291509 34.63728122002884
-106.48951974351372 32.865300890264585
-108.55066369411237 33.4946324836109
-110.611807644711 32.812932140078324
-112.67295159530966 29.609046877548966
-114.73409554590829 29.95798305393679
-116.79523949650694 35.563626314770595
-118.85638344710557 33.64332106731264
-120.9175273977042 35.230738277202754
-122.97867134830285 33.456123001110704
-125.0398152989015 33.65298489772426
-127.10095924950015 32.86588189017222
-129.16210320009878 34.42980971401239
-131.22324715069743 35.06867395215561
-133.28439110129605 39.7778708683229
-135.3455350518947 37.399785909485175
-137.40667900249332 33.40590543216522
-139.467822953092 34.43297789652489
-141.52896690369062 33.831261001867354
-143.59011085428926 30.79758815076218
-145.6512548048879 31.004862336467024
-147.71239875548653 35.5964107156644
-149.7735427060852 32.66321337321765
-151.83468665668383 33.02544367488539
-153.89583060728248 34.84173831704421
-155.9569745578811 32.34946408171137
-158.01811850847977 25.710520263951896
-160.0792624590784 33.78372809878729
-162.14040640967704 33.355114443046816
-164.20155036027566 35.577194536797805
-166.2626943108743 31.600856365507564
-168.32383826147296 34.496905759350334
-170.3849822120716 32.80030485180132
-172.44612616267023 31.480464628267068
-174.50727011326887 29.75703072399281
-176.5684140638675 28.577570711229047
-178.62955801446617 35.63277048401315
-180.6907019650648 32.47476375776399
-182.75184591566344 33.21980961867934
-184.8129898662621 34.19620760940549
-186.87413381686073 32.32405721235916
-188.93527776745938 32.73824560903283
-190.996421718058 33.875242233533875
-193.05756566865665 32.47628914247963
-195.11870961925527 36.13705294245958
-197.17985356985395 33.98444734914111
-199.24099752045257 31.82120981779439
-201.30214147105121 32.59158431837176
-203.36328542164983 32.30723582841612
-205.42442937224848 28.233976418119198
-207.48557332284713 30.53574508046049
-209.54671727344578 35.08967983948363
-211.6078612240444 31.63431869204608
-213.66900517464305 33.437486395483546
-215.73014912524167 29.320064266075537
-217.79129307584034 31.437844893539484
-219.85243702643896 31.77505466093996
-221.9135809770376 30.040143630697496
-223.97472492763626 30.859157326278076
-226.0358688782349 34.34423930772969
-228.09701282883356 30.97110456623547
-230.15815677943218 30.76836419423955
-232.21930073003082 34.26131381751194
-234.28044468062944 34.591315397387646
-236.34158863122812 28.524216400177096
-238.40273258182674 29.25803722998627
-240.4638765324254 31.49635395884331
-242.525020483024 31.11463514756726
-244.58616443362266 31.791661798915168
-246.6473083842213 30.138638129888133
-248.70845233481995 33.32368650264848
-250.76959628541857 21.015775863053335
-252.83074023601722 29.739253717348895
-254.89188418661587 30.704132111091308
-256.9530281372145 33.319337538791984
-259.01417208781317 32.858667450020505
-261.0753160384118 29.76712198625352
-263.1364599890104 28.64057240610502
-265.1976039396091 30.537698825356788
-267.2587478902077 28.916230940969214
-269.31989184080635 27.31286482063678
-271.381035791405 32.68686530807588
-273.44217974200365 34.52881140597315
-275.5033236926023 31.373287484227397
-277.5644676432009 32.45262517886572
-279.62561159379953 28.29112180377431
-281.68675554439824 25.68600011472938
-283.74789949499683 25.382054436710277
-285.8090434455955 24.98962631650717
-287.87018739619407 29.5571204455672
