# BEGINHEADER
# This file contains data from the SALSA 2m radio telescope.
# DATE=2024-03-27T09:08:0027
# GLON and GLAT given in degrees
# GLON=54.790109938726324
# GLAT=0.1915503390791264
# DATA in two columns below. Col. 1 is velocity relative to LSR [km/s]. Col. 2 is uncalibrated antenna temperature [K].
# ENDHEADER
304.4888433532762 19.17349164324903
302.4276994026776 32.626756470170086
300.36655545207896 29.03451301783535
298.30541150148025 32.51892971956572
296.24426755088166 26.296534689198545
294.183123600283 21.028066855828456
292.1219796496844 23.533939118891393
290.0608356990857 24.300485492002547
287.99969174848707 24.88418522625138
285.9385477978885 15.60223447584324
283.8774038472898 2.978716027505316
281.8162598966912 25.660398258358153
279.75511594609253 20.309761409478373
277.6939719954939 24.671526601933067
275.6328280448953 23.02045887000528
273.5716840942966 27.831451868547557
271.510540143698 23.46913946797229
269.44939619309935 21.63462455388655
267.38825224250064 20.269694019458772
265.32710829190205 22.91810351877671
263.2659643413034 23.825333826447185
261.20482039070475 22.568487264440222
259.1436764401061 24.903465226460327
257.0825324895075 25.078878899746634
255.02138853890884 23.787987863364
252.9602445883102 22.54978701263001
250.89910063771157 25.296477719644784
248.83795668711292 22.297651928581125
246.7768127365143 25.328903944724058
244.71566878591562 25.41399164677702
242.654524835317 25.12154833925176
240.59338088471836 26.534635258286738
238.53223693411974 24.107694770531857
236.47109298352106 23.84351278530386
234.4099490329224 23.124906387432056
232.3488050823238 23.041872170972606
230.28766113172514 26.273738692256536
228.22651718112652 27.900559838988887
226.16537323052785 26.12107235709121
224.10422927992923 24.656500698317
222.04308532933058 25.044242954535566
219.98194137873196 26.010450102090616
217.9207974281333 28.535717734874883
215.85965347753466 26.729393076916157
213.79850952693602 24.905785903288077
211.7373655763374 26.820596326386582
209.67622162573875 28.252513450967044
207.61507767514013 26.127259230692214
205.55393372454145 25.855734924207606
203.49278977394283 26.271356002739836
201.43164582334418 24.23794380745153
199.37050187274556 22.47391390234371
197.30935792214692 26.202322855113767
195.24821397154827 26.81380453107811
193.18707002094965 24.524002330054383
191.125926070351 27.427669996170593
189.06478211975235 27.55404638739686
187.0036381691537 29.040971131209577
184.94249421855508 30.418338553255985
182.88135026795644 27.79664286129036
180.8202063173578 27.864122295205895
178.75906236675914 27.706671241310975
176.69791841616052 27.211144315918766
174.63677446556187 27.59142881331418
172.57563051496325 29.119793135812323
170.51448656436457 27.48967839354255
168.45334261376595 28.19432102551699
166.3921986631673 31.265031310878435
164.3310547125687 26.69858217875568
162.26991076197004 30.288663597768462
160.2087668113714 32.537439084126206
158.14762286077274 30.332930506798508
156.0864789101741 28.633773617774605
154.02533495957547 30.286140643928206
151.96419100897683 30.24125024450706
149.90304705837818 31.261430978182847
147.84190310777953 29.061717227604753
145.7807591571809 30.48990074463549
143.71961520658226 31.04293781107162
141.6584712559836 32.228592159821375
139.59732730538497 31.14853858811124
137.53618335478635 31.347699627484126
135.4750394041877 31.1818871752399
133.41389545358908 30.51670749041509
131.3527515029904 35.863894769579936
129.29160755239178 28.471840308634775
127.23046360179313 42.98599735782948
125.1693196511945 74.16405935004315
123.10817570059585 55.64440609767784
121.04703174999722 43.141365701416916
118.98588779939857 36.2296120279476
116.92474384879993 32.87609701642213
114.86359989820129 30.938609350513037
112.80245594760265 31.40990287507688
110.74131199700402 33.30851774583313
108.68016804640537 25.67263680300746
106.61902409580674 22.76178604972752
104.55788014520809 39.049639950984684
102.49673619460945 33.842635242648704
100.4355922440108 36.55117685667338
98.37444829341214 30.355862043389067
96.31330434281351 28.618729164259204
94.25216039221486 35.26186475859941
92.19101644161623 33.458422752749826
90.1298724910176 36.2183816192011
88.06872854041895 44.16449624812884
86.00758458982031 37.633024317578105
83.94644063922166 37.4531460552761
81.88529668862303 32.328040169200946
79.82415273802438 34.58369074837872
77.76300878742575 37.01401486614286
75.70186483682711 33.36526679857602
73.64072088622846 38.99881984871724
71.57957693562983 37.96685815813713
69.51843298503118 37.30460403991794
67.45728903443255 37.93472313130601
65.3961450838339 37.54660403087671
63.33500113323526 37.89615089154256
61.27385718263662 39.82012937049948
59.21271323203798 41.447240013227834
57.151569281439336 47.21542494768288
55.0904253308407 46.49577249127236
53.02928138024206 45.1067167398908
50.96813742964341 42.181823460374076
48.90699347904478 43.58479369516084
46.84584952844614 36.87242609530608
44.7847055778475 38.459199450531
42.723561627248856 45.864737215967715
40.662417676650215 42.67994598027683
38.60127372605158 45.743816004410036
36.54012977545294 42.921314343865156
34.4789858248543 46.34686038575492
32.41784187425566 45.50946281795087
30.356697923657013 50.94082146302544
28.295553973058375 54.147341913421705
26.23441002245973 51.99920748135897
24.17326607186109 47.0570733186439
22.11212212126245 44.67906204083972
20.05097817066381 47.28215267907036
17.98983422006517 45.14439921357904
15.928690269466529 46.91732381410509
13.867546318867886 46.73416126523813
11.806402368269245 51.736942557056445
9.745258417670604 54.524062503155996
7.6841144670719626 48.65316534521429
5.622970516473322 47.63378770166046
3.5618265658746813 48.44948272630847
1.5006826152760406 49.35338409592993
-0.5604613353226001 39.84223169772064
-2.621605285921241 45.181444230924996
-4.682749236519881 48.58887090993416
-6.743893187118522 44.355133886420305
-8.805037137717163 44.356583307554
-10.866181088315804 43.10881862986721
-12.927325038914443 44.865325834652474
-14.988468989513084 41.57410307385182
-17.049612940111725 38.349380736059736
-19.110756890710366 44.73502337900701
-21.171900841309004 42.04873029037502
-23.23304479190765 43.37504953239955
-25.29418874250629 43.436442297962905
-27.355332693104927 43.69626186121236
-29.416476643703568 43.772490176538575
-31.477620594302213 43.42180071625596
-33.53876454490085 45.07569863535667
-35.59990849549949 57.224433830310936
-37.66105244609813 46.30809106387967
-39.72219639669677 42.82391995885636
-41.783340347295415 41.977048205986755
-43.844484297894056 44.3977692739107
-45.9056282484927 41.9589187179559
-47.96677219909134 44.42893482934351
-50.027916149689986 47.63019230360175
-52.08906010028863 46.990650660737266
-54.15020405088727 48.62028470344031
-56.2113480014859 46.46259404234774
-58.27249195208454 45.32634006083406
-60.333635902683184 44.09258206424582
-62.394779853281825 46.082722350102195
-64.45592380388047 45.76120215836542
-66.51706775447911 53.4253325009824
-68.57821170507775 47.826058415856224
-70.6393556556764 43.754049126986004
-72.70049960627503 43.35900308672225
-74.76164355687368 43.99424361076724
-76.82278750747231 41.254760530698654
-78.88393145807095 39.10047646918471
-80.9450754086696 43.57880631637968
-83.00621935926823 45.534784297308036
-85.06736330986688 43.0260576136332
-87.12850726046551 44.53181176349116
-89.18965121106416 41.1082819684929
-91.2507951616628 34.17409171867784
-93.31193911226143 40.67700513535495
-95.37308306286009 41.955364778200945
-97.43422701345872 44.88549987072451
-99.49537096405736 42.77353634060258
-101.55651491465599 42.67720998653273
-103.61765886525464 40.308772399944296
-105.67880281585327 41.65711843494429
-107.73994676645192 36.77387607949679
-109.80109071705056 36.551511725774155
-111.86223466764919 44.44051291091489
-113.92337861824784 44.11950153175294
-115.98452256884647 42.581928084650464
-118.04566651944512 41.5199433143955
-120.10681047004375 42.13904942430795
-122.1679544206424 42.79891605412121
-124.22909837124104 42.45550871033554
-126.29024232183967 42.21955696397289
-128.35138627243833 44.076155267802086
-130.41253022303695 42.372686336321344
-132.4736741736356 41.80664395743407
-134.53481812423425 38.62431597028421
-136.59596207483287 40.13935685811415
-138.65710602543152 34.9233024202065
-140.71824997603017 37.67698498947772
-142.7793939266288 42.49836255726557
-144.84053787722743 42.07429789272795
-146.90168182782608 42.302069445935935
-148.96282577842473 39.437737280321315
-151.02396972902338 40.33645066592934
-153.08511367962203 38.6912594349511
-155.14625763022065 40.12322924947702
-157.2074015808193 40.873094795750106
-159.26854553141794 42.37779790501733
-161.3296894820166 38.34117559414687
-163.3908334326152 41.19266334042367
-165.45197738321386 42.60730637806523
-167.51312133381248 43.7073270012067
-169.57426528441115 39.09285120155909
-171.63540923500977 36.803931495633975
-173.69655318560842 39.93648551051674
-175.75769713620704 40.76871548790312
-177.81884108680572 40.26741225615349
-179.87998503740434 38.83746781896615
-181.941128988003 42.228116227154764
-184.0022729386016 32.473168887298776
-186.06341688920025 38.67396800678562
-188.1245608397989 41.20099283642089
-190.18570479039755 43.554093139631895
-192.2468487409962 39.883539977065425
-194.30799269159482 37.89570327426806
-196.36913664219347 38.53924801979503
-198.43028059279212 40.58541581080659
-200.4914245433908 36.94513165854618
-202.5525684939894 34.83024788377544
-204.61371244458806 42.358454250560314
-206.67485639518668 42.50225123319924
-208.73600034578533 39.216012138288384
-210.79714429638398 39.139615330292976
-212.85828824698262 36.955966131304955
-214.91943219758124 34.98685168178699
-216.9805761481799 33.52120329821929
-219.04172009877854 30.854086036515817
-221.1028640493772 38.02471672337109
