# BEGINHEADER
# This file contains data from the SALSA 2m radio telescope.
# DATE=2024-04-09T13:30:0050
# GLON and GLAT given in degrees
# GLON=139.79153613248715
# GLAT=-0.21239859424715574
# DATA in two columns below. Col. 1 is velocity relative to LSR [km/s]. Col. 2 is uncalibrated antenna temperature [K].
# ENDHEADER
251.2638971692988 -2.2200446957674727
249.20275321870017 -3.470738563916587
247.14160926810152 -3.851715970665835
245.08046531750284 -4.8209950867984
243.01932136690422 -5.277343039100114
240.95817741630557 -5.60812712716819
238.89703346570695 -5.220231614141957
236.8358895151083 -6.514547308232206
234.77474556450966 -3.5114089192165894
232.713601613911 -3.8469295413533047
230.6524576633124 -2.889364791167881
228.59131371271374 -2.6790865049638306
226.53016976211512 -1.9877202097998778
224.46902581151645 -6.537099603281564
222.40788186091783 -3.9893768103462057
220.34673791031918 -4.558277292467124
218.28559395972056 -3.9296532433428015
216.22445000912188 -4.158269334828968
214.16330605852326 -4.324650999071866
212.1021621079246 -3.7030254263170126
210.041018157326 -3.0256406935357387
207.97987420672735 -5.242009876315986
205.91873025612867 -3.919108715420131
203.85758630553005 -3.595197129400659
201.7964423549314 -3.7540612160743327
199.73529840433278 -3.4984527904366787
197.67415445373413 -5.11183871458875
195.6130105031355 -4.478013934973089
193.55186655253686 -3.8395501344762404
191.49072260193824 -2.5431738241933344
189.42957865133957 -4.738729373959947
187.36843470074095 -3.7088565202430233
185.3072907501423 -4.47192507013613
183.24614679954368 -4.233852066517617
181.18500284894503 -4.290173094149402
179.12385889834638 -3.5164060376925117
177.06271494774774 -2.880674350274799
175.00157099714912 -1.8523268561574457
172.94042704655047 -3.1850188891031816
170.87928309595185 -3.9782262600406715
168.81813914535317 -4.001666834466237
166.75699519475452 -2.7770973010258415
164.6958512441559 -3.2457504679646356
162.63470729355726 -3.061354707235243
160.5735633429586 -2.152047852465068
158.51241939235996 -2.5627246272458346
156.45127544176134 -2.469864882000592
154.3901314911627 -4.848673465402901
152.32898754056407 -2.8876081317156435
150.2678435899654 -2.767880252954597
148.20669963936678 -4.292788321584743
146.14555568876813 -2.761469842345385
144.0844117381695 -2.00955691008184
142.02326778757086 -2.5865311578037695
139.9621238369722 -4.760283778297916
137.90097988637356 -3.6128755773980323
135.83983593577494 -2.6559600775669123
133.7786919851763 -2.3973595651521835
131.71754803457767 -3.3002799060358337
129.65640408397903 -3.012027232000075
127.59526013338036 -2.877783798850406
125.53411618278173 -3.4805304159183663
123.47297223218308 -2.436505887521578
121.41182828158445 -4.419371267164435
119.3506843309858 -3.275191652707959
117.28954038038717 -2.7608014927545015
115.22839642978853 -1.770637858626511
113.16725247918988 -1.5789775372663888
111.10610852859125 -2.2799593158626945
109.0449645779926 -2.471289213311891
106.98382062739395 -3.6544160584971626
104.9226766767953 -3.337684441047906
102.86153272619667 -1.4673247216400476
100.80038877559804 -3.518362747206743
98.73924482499937 -2.3843531603297956
96.67810087440074 -3.1197930365920388
94.6169569238021 -1.8797939084499011
92.55581297320346 -3.0593741781027393
90.49466902260482 -3.41912532190627
88.43352507200618 -1.1542137749375512
86.37238112140754 -2.8252784528142576
84.3112371708089 -3.412379822691874
82.25009322021026 -2.724024014778136
80.18894926961163 -1.0039578128825857
78.12780531901298 -2.2421675435439843
76.06666136841434 -4.052227430857465
74.0055174178157 -2.5065921992370406
71.94437346721706 -1.689265219449076
69.88322951661841 -1.6717320376473805
67.82208556601977 -2.192965846348245
65.76094161542113 -1.8331085736649748
63.69979766482249 -1.917548379248306
61.63865371422386 -3.5048676284443254
59.57750976362521 -1.2208268975861145
57.51636581302657 -2.6965848731143818
55.455221862427926 -3.2342574228549767
53.394077911829285 -3.248116160518663
51.332933961230644 -2.5302697426108756
49.271790010632 -2.4465117415835627
47.21064606003337 -1.78553383994049
45.14950210943473 -3.4638138249185335
43.08835815883609 -2.964213559577449
41.02721420823744 -2.048797829998112
38.9660702576388 -0.8175144160279497
36.90492630704016 -2.0551336634594852
34.84378235644152 -2.695496319674953
32.78263840584288 -0.15260503301612005
30.72149445524424 -2.755525587865228
28.6603505046456 -1.5491783285905494
26.599206554046955 -1.6762085717119282
24.538062603448317 -1.0968999433714868
22.476918652849676 -1.795470201223536
20.415774702251035 -2.050892356460831
18.354630751652394 -1.3488050616263254
16.293486801053753 -0.740746511626151
14.232342850455112 1.0190088430235715
12.171198899856472 1.757658632715791
10.110054949257831 6.376606597475293
8.04891099865919 10.708049741610603
5.987767048060549 23.251155420747352
3.9266230974619085 37.94945370334542
1.865479146863268 55.67078050335638
-0.1956648037353727 62.236201087764705
-2.2568087543340134 67.23192116127028
-4.3179527049326545 69.74698665603376
-6.379096655531296 72.2550363597009
-8.440240606129935 68.45224250799758
-10.501384556728578 63.78329089113878
-12.562528507327217 59.77518252568542
-14.62367245792586 59.19422792434912
-16.684816408524497 56.84639717610257
-18.74596035912314 49.73603141002613
-20.80710430972178 44.37355020583474
-22.868248260320424 39.4819214616157
-24.92939221091906 41.78608973352502
-26.990536161517703 40.58971720703519
-29.051680112116344 44.579789433928184
-31.11282406271498 52.68080065119489
-33.173968013313626 63.13491201016509
-35.23511196391226 73.24693827074293
-37.29625591451091 80.525049520221
-39.35739986510955 80.62282282574587
-41.41854381570819 81.80484884478362
-43.47968776630683 81.84772653437408
-45.54083171690547 78.45157805553012
-47.601975667504114 69.32884056811568
-49.66311961810275 63.75436097653328
-51.72426356870139 56.3142025286745
-53.78540751930003 49.22419586655315
-55.84655146989868 42.17654802745778
-57.90769542049732 37.85833368254969
-59.96883937109596 30.63067559957044
-62.029983321694594 23.256132167528378
-64.09112727229324 21.22650912069599
-66.15227122289188 18.15515615089276
-68.21341517349052 17.197734834886443
-70.27455912408915 17.53335169977211
-72.3357030746878 18.15358592756205
-74.39684702528643 19.66973238852138
-76.45799097588508 17.85415537067543
-78.51913492648372 16.57023800316784
-80.58027887708236 17.42634247642268
-82.641422827681 14.909786926663795
-84.70256677827965 11.339395410630232
-86.7637107288783 10.91700736024637
-88.82485467947693 11.026751130699026
-90.88599863007558 8.82382301268042
-92.94714258067421 7.435189887815808
-95.00828653127286 6.67532494182291
-97.06943048187149 5.176803479923788
-99.13057443247013 2.9708601795917113
-101.19171838306876 2.0409920378687323
-103.2528623336674 2.593860346749678
-105.31400628426604 0.48552686172531234
-107.37515023486468 -3.783852168165006
-109.43629418546332 -1.56336006017437
-111.49743813606196 -1.8300379163287037
-113.5585820866606 -2.7276029516974316
-115.61972603725924 -2.8629505045767756
-117.68086998785788 -3.199110517842817
-119.74201393845652 -3.584689377670316
-121.80315788905516 -2.872293958912178
-123.86430183965382 -3.4398353075896253
-125.92544579025245 -3.8854305224540227
-127.9865897408511 -3.1726474314039574
-130.04773369144974 -2.9975478098532404
-132.10887764204838 -2.9043031793047045
-134.170021592647 -1.9757033862292421
-136.23116554324565 -2.6743699897866136
-138.29230949384427 -2.8899833671832846
-140.35345344444295 -2.1160245952151304
-142.41459739504157 -2.965832283026485
-144.47574134564022 -5.170839888563965
-146.53688529623886 -2.779424427453369
-148.59802924683748 -4.297853106984727
-150.65917319743616 -2.3611999030038584
-152.72031714803478 -3.6605800991114403
-154.78146109863343 -3.832739288415171
-156.84260504923205 -3.5883326197822147
-158.9037489998307 -4.11087434308557
-160.96489295042934 -2.3444180203742224
-163.026036901028 -3.670906539864309
-165.0871808516266 -3.819521548679969
-167.14832480222526 -2.572749996629385
-169.2094687528239 -5.149648084368348
-171.27061270342256 -4.054630292895252
-173.33175665402118 -3.829920514189647
-175.39290060461983 -2.397987571435517
-177.45404455521845 -2.4400970479784974
-179.51518850581712 -3.6708984504416753
-181.57633245641577 -5.626891897261784
-183.6374764070144 -3.976252982447059
-185.69862035761304 -5.108697270924227
-187.75976430821166 -3.1533649359628564
-189.82090825881033 -3.9877312947035146
-191.88205220940895 -2.5386593949425085
-193.9431961600076 -3.113363480086761
-196.00434011060622 -4.636976104078658
-198.0654840612049 -3.9983662298001903
-200.12662801180352 -3.2029928539188623
-202.1877719624022 -4.619015987683638
-204.24891591300081 -5.095604017197666
-206.31005986359946 -3.5507743065867694
-208.37120381419808 -3.674735929063663
-210.43234776479676 -3.6046311076974735
-212.49349171539538 -2.5287196821714355
-214.55463566599403 -2.9655174602864136
-216.61577961659265 -3.8740525289736474
-218.6769235671913 -4.550979717420843
-220.73806751778997 -4.325850517843583
-222.7992114683886 -4.0318977183127265
-224.86035541898724 -4.536368250769372
-226.92149936958586 -2.538651322567831
-228.9826433201845 -3.156152389661493
-231.04378727078316 -3.2592146616241804
-233.1049312213818 -3.353227198977053
-235.16607517198042 -3.961789922406199
-237.22721912257907 -3.09700898973259
-239.28836307317772 -4.4298633840958335
-241.34950702377637 -2.1641375383386023
-243.410650974375 -4.011903747052908
-245.47179492497364 -4.018848614794548
-247.53293887557226 -4.038627898390108
-249.59408282617093 -4.677771971932523
-251.65522677676955 -4.1844692301614455
-253.7163707273682 -3.844890483651633
-255.77751467796682 -2.71500749584305
-257.83865862856544 -4.468675544623081
-259.89980257916415 -2.007508012187421
-261.9609465297628 -4.222461618003057
-264.02209048036144 -4.151237420675292
-266.08323443096003 -2.7331689527451775
-268.1443783815587 -1.83934079978768
-270.20552233215733 -3.245803537430905
-272.266666282756 -3.5020782054767174
-274.3278102333546 -3.73952388359783
