# BEGINHEADER
# This file contains data from the SALSA 2m radio telescope.
# DATE=2024-04-09T14:55:0003
# GLON and GLAT given in degrees
# GLON=199.79338563299356
# GLAT=-0.30797330366178155
# DATA in two columns below. Col. 1 is velocity relative to LSR [km/s]. Col. 2 is uncalibrated antenna temperature [K].
# ENDHEADER
221.60670941644162 0.03610422610462258
219.545565465843 -2.38774301840101
217.48442151524432 -1.387726639995202
215.4232775646457 -0.48870482585711267
213.36213361404705 -1.375309906590237
211.30098966344843 -2.5974479815508382
209.23984571284979 -1.5837900218741034
207.17870176225114 0.056661070165007675
205.1175578116525 -1.5533002760622787
203.05641386105384 -1.3350146237089513
200.99526991045522 -0.9727473664187126
198.93412595985657 -2.1421721477925666
196.87298200925792 -2.0544691039754883
194.81183805865925 -1.4151912663464457
192.75069410806063 0.3595785923429587
190.68955015746198 -1.804305733186979
188.62840620686336 0.3500929270268898
186.5672622562647 -0.8632151983296215
184.50611830566606 0.04062754071440815
182.44497435506742 0.011280687706421374
180.3838304044688 -3.6259052186886125
178.32268645387015 -1.5580920998924077
176.2615425032715 0.1315705300031126
174.20039855267285 -0.5809184176091329
172.13925460207423 1.0214171594031598
170.07811065147558 -1.5293149951948382
168.01696670087696 -0.09781615823829377
165.9558227502783 -2.6010761848173933
163.89467879967964 -2.0088590055284308
161.83353484908102 -2.2133663361584857
159.77239089848237 -0.979350368828045
157.71124694788375 -0.9314419161406352
155.65010299728507 -3.13810098413297
153.58895904668645 -1.9210725508962216
151.5278150960878 -0.6368149914140699
149.4666711454892 -0.7315173935171492
147.4055271948905 -2.8062726874078736
145.3443832442919 0.3693667408899195
143.28323929369324 -0.8220878115777767
141.22209534309462 -1.1227472194263461
139.16095139249597 -1.117528455277352
137.09980744189733 -2.5472261743468447
135.03866349129868 -2.112240435461358
132.97751954070006 -1.6417023459410611
130.9163755901014 -1.1180612680174578
128.85523163950276 -1.7986532800570716
126.79408768890413 -1.2611783329748587
124.73294373830548 -0.0934128467993271
122.67179978770685 -2.3710259487746663
120.6106558371082 -1.388555603822454
118.54951188650956 -0.5269693595445232
116.48836793591093 -0.6322350374711239
114.42722398531228 -2.0797820981099884
112.36608003471365 -0.6897689411440248
110.304936084115 -1.1608250094747303
108.24379213351635 -1.6417575402094302
106.1826481829177 -0.09568891301741442
104.12150423231907 0.09536666327238771
102.06036028172043 -0.26645738136293684
99.99921633112179 -0.34708668462592435
97.93807238052315 -1.269024372154355
95.87692842992452 -1.4005760014062882
93.81578447932588 -0.946313716772813
91.75464052872724 -0.7822092313494253
89.6934965781286 -0.23832753650833502
87.63235262752995 -1.153481940759754
85.57120867693132 -0.45651344571219904
83.51006472633269 -2.2829542714784097
81.44892077573404 -1.0288768537225084
79.3877768251354 -1.018277373943619
77.32663287453676 -0.52571376758948
75.26548892393812 -1.4688428286400514
73.20434497333947 -2.0884712168149133
71.14320102274084 -1.767208872757596
69.0820570721422 -1.0268166665945202
67.02091312154354 -0.816483872772631
64.95976917094491 -0.7997344908698526
62.898625220346275 -0.5197176372583121
60.837481269747634 -0.21927200891358534
58.776337319148986 1.2724917785162486
56.715193368550345 1.0703398766599996
54.654049417951704 2.3306695594728137
52.59290546735306 1.5909655018795228
50.53176151675442 2.930407089175099
48.47061756615579 5.497517414927947
46.40947361555715 6.886539993929134
44.348329664958506 8.750920945078686
42.287185714359865 16.80014429583694
40.226041763761216 23.75636906458917
38.164897813162575 27.403409644673168
36.103753862563934 36.73099228919167
34.0426099119653 47.76001371492723
31.981465961366656 54.99411063815895
29.920322010768018 64.335689363315
27.859178060169377 67.29358110546275
25.798034109570732 74.05552469320412
23.73689015897209 79.42118384998355
21.67574620837345 82.81889469211355
19.614602257774813 83.99776445484402
17.55345830717617 80.0810372639163
15.492314356577529 73.39101954320313
13.431170405978888 70.2940933692747
11.370026455380247 74.28499422743661
9.308882504781607 79.74201425478567
7.247738554182965 83.52979958027632
5.186594603584325 79.2852021935432
3.125450652985685 69.82166346294221
1.064306702387044 57.578463072468494
-0.9968372482115968 45.01170466539524
-3.0579811988102374 29.276114293234624
-5.1191251494088785 20.747421803770568
-7.18026910000752 16.277409927655512
-9.24141305060616 12.370774939666166
-11.302557001204802 9.681252798006843
-13.363700951803441 6.494265545742425
-15.424844902402084 4.028102876947587
-17.485988853000723 2.553427599320349
-19.547132803599364 1.4748034348715366
-21.608276754198005 0.49955132661347823
-23.669420704796647 0.3336972754954513
-25.730564655395284 -0.7095355485667896
-27.791708605993925 0.2706405632919791
-29.852852556592566 -0.8802447729139032
-31.913996507191204 0.17206546569940429
-33.97514045778984 1.063153685072964
-36.03628440838848 -0.2122230909913653
-38.09742835898713 -2.890202412790951
-40.15857230958577 -2.42748313580989
-42.21971626018441 -1.3231046181057147
-44.280860210783054 -2.0899762945510885
-46.342004161381695 -1.1439573685957516
-48.40314811198033 -1.926735585158346
-50.46429206257897 -1.5533373135059523
-52.52543601317761 -2.023301335439815
-54.58657996377625 -0.03180314611656971
-56.6477239143749 -1.5614362264037618
-58.70886786497354 -2.0258915839702816
-60.77001181557218 -0.7684251010992721
-62.831155766170816 0.18430609874737391
-64.89229971676946 -0.4315471060272666
-66.9534436673681 -1.9299153257523527
-69.01458761796674 -2.2422105769828464
-71.07573156856537 -2.073328165721543
-73.13687551916402 -3.307769489019965
-75.19801946976266 -0.6905209807861811
-77.2591634203613 -2.904451367669743
-79.32030737095994 -0.055381227307718904
-81.38145132155859 -1.6808275453070827
-83.44259527215722 -2.0477835985226327
-85.50373922275585 -2.8834105434266464
-87.56488317335452 -2.318189523805564
-89.62602712395315 -3.540593046847692
-91.6871710745518 -4.309136595682452
-93.74831502515043 -2.4212649766260954
-95.80945897574908 -1.2506288518584483
-97.87060292634771 -1.6950863603157702
-99.93174687694636 -3.206768626727347
-101.99289082754501 -2.608230168230472
-104.05403477814365 -3.6414106297627478
-106.11517872874228 -1.9371151411341927
-108.17632267934093 -2.7632722036749184
-110.23746662993956 -3.733823115444567
-112.29861058053821 -4.228975938066145
-114.35975453113684 -2.756156752747685
-116.42089848173549 -2.5150399299387085
-118.48204243233413 -1.4084210385178109
-120.54318638293276 -3.206018704684656
-122.60433033353141 -3.607841722665974
-124.66547428413006 -3.7939578356485737
-126.7266182347287 -3.065491537911949
-128.78776218532732 -4.027869054886763
-130.84890613592597 -3.4157302171219586
-132.9100500865246 -3.2613494268971683
-134.97119403712327 -3.0085227272339794
-137.0323379877219 -2.7127541018283146
-139.09348193832054 -3.563901305301207
-141.15462588891916 -4.191583929609708
-143.21576983951783 -4.413556164569713
-145.27691379011648 -3.1816627489050524
-147.3380577407151 -2.7167779762556106
-149.39920169131375 -3.011047934714402
-151.46034564191237 -2.746993975821353
-153.52148959251105 -3.829006351205544
-155.58263354310967 -4.933629657111613
-157.6437774937083 -2.413862125447173
-159.70492144430693 -2.4425802914422454
-161.76606539490558 -2.0673238760948145
-163.82720934550423 -4.2242192198250565
-165.88835329610288 -2.7511928599708613
-167.9494972467015 -2.8990435496523475
-170.01064119730015 -3.8356289160246044
-172.0717851478988 -3.311876863249975
-174.13292909849744 -3.3889969012672743
-176.19407304909606 -4.323581725323438
-178.2552169996947 -3.076432803906493
-180.31636095029333 -2.9994829082167875
-182.377504900892 -1.7628175537917357
-184.43864885149065 -2.725754426511735
-186.49979280208927 -5.4239065912095406
-188.56093675268792 -3.0566311160549113
-190.62208070328654 -3.694868394994521
-192.68322465388522 -3.5465955595783383
-194.74436860448384 -2.9847589560758094
-196.8055125550825 -3.134656320715331
-198.8666565056811 -3.352526035175531
-200.92780045627975 -2.9682299523047146
-202.98894440687837 -2.836201089964981
-205.05008835747702 -3.332739226291617
-207.11123230807564 -2.3812533390196178
-209.17237625867432 -3.5279128727382
-211.23352020927294 -4.213770429076939
-213.2946641598716 -4.030171715801861
-215.3558081104702 -2.84192217711686
-217.41695206106886 -1.3886247373058738
-219.4780960116675 -3.932675277240438
-221.53923996226615 -2.771159770017867
-223.6003839128648 -3.08268086776001
-225.66152786346342 -4.825341646326246
-227.72267181406207 -2.1965883638852777
-229.78381576466072 -2.7976722863410846
-231.84495971525936 -2.048651345856249
-233.90610366585798 -2.5314186511258323
-235.96724761645663 -3.247671768998926
-238.02839156705528 -3.0985513130194273
-240.08953551765393 -2.950173647110429
-242.15067946825255 -4.521702855690407
-244.2118234188512 -2.7688053022292847
-246.27296736944982 -3.1273088787732704
-248.3341113200485 -3.88352460481695
-250.3952552706471 -1.7477713979563607
-252.45639922124576 -0.9927074684390854
-254.51754317184438 -3.486028622929624
-256.578687122443 -2.1803529255606007
-258.6398310730417 -1.702740108295679
-260.70097502364035 -1.4977284561056483
-262.762118974239 -1.6117396864137323
-264.8232629248376 -3.5131397123254136
-266.88440687543624 -2.1652070367697993
-268.9455508260349 -0.9740150868843962
-271.00669477663354 -3.0388258298651922
-273.0678387272322 -3.239596638299599
-275.1289826778308 -2.1399858320240894
-277.1901266284295 -2.0131820568746663
-279.2512705790281 -2.7364237051576192
-281.3124145296267 -1.7116460278659704
-283.37355848022537 -2.0602262059426626
-285.434702430824 -3.105110014823905
-287.49584638142267 -1.187890151064146
-289.55699033202126 -2.8347227989474253
-291.6181342826199 -2.5955957738361373
-293.6792782332186 -2.0007583800846
-295.7404221838172 -2.8849850223418287
-297.80156613441585 0.30397375639082463
-299.86271008501444 -2.4603120820224738
-301.92385403561315 -2.495324854623972
-303.9849979862118 -3.7068586878221996
