# BEGINHEADER
# This file contains data from the SALSA 2m radio telescope.
# DATE=2024-03-27T10:12:0056
# GLON and GLAT given in degrees
# GLON=144.87513764350464
# GLAT=-0.2383928786497981
# DATA in two columns below. Col. 1 is velocity relative to LSR [km/s]. Col. 2 is uncalibrated antenna temperature [K].
# ENDHEADER
244.21466950816193 16.457560327209684
242.15352555756326 28.347217138816433
240.09238160696464 23.621566416753897
238.031237656366 24.717208369920993
235.97009370576737 22.5672275950181
233.9089497551687 14.964614555923566
231.84780580457007 18.40564130274088
229.78666185397142 21.255149151940238
227.7255179033728 22.28589606057133
225.66437395277416 11.96198812060652
223.6032300021755 0.1751402457863791
221.54208605157686 23.233140070007234
219.48094210097824 16.132870628058555
217.4197981503796 20.511539480113576
215.35865419978097 18.204473611973302
213.2975102491823 22.197885314479603
211.23636629858365 19.092097158618817
209.17522234798503 17.83009793703129
207.11407839738638 15.334480088670974
205.05293444678776 16.57022390458253
202.99179049618908 17.137472144060563
200.93064654559046 15.834433860612535
198.86950259499181 20.373969385754087
196.8083586443932 19.464260365256575
194.74721469379455 17.98822336881039
192.68607074319593 18.050231191802453
190.62492679259728 17.510492855113064
188.56378284199866 17.902912358243725
186.50263889139998 19.436380282918
184.44149494080136 20.256546907878743
182.38035099020271 21.86387196843506
180.3192070396041 20.087170255792156
178.25806308900542 18.216032847523756
176.1969191384068 15.78061512356847
174.13577518780815 17.98318253770366
172.07463123720953 17.713976828300265
170.01348728661088 19.116211539733637
167.9523433360122 21.520219295374773
165.89119938541359 20.458683896937806
163.83005543481494 19.433252474392912
161.76891148421632 17.491302362913917
159.70776753361767 18.454052213677897
157.64662358301902 20.611006874910316
155.58547963242037 20.21730850620062
153.52433568182175 19.052925842890684
151.4631917312231 20.668341555587087
149.40204778062449 20.253596430131655
147.3409038300258 20.28546883128446
145.2797598794272 18.11233956110619
143.21861592882854 19.88971112285402
141.15747197822992 19.857403151124522
139.09632802763124 17.927782147544466
137.03518407703262 18.211375258614634
134.97404012643398 19.90353916407292
132.91289617583533 20.48877574378229
130.85175222523668 20.19119636016404
128.79060827463806 21.668969101062487
126.72946432403941 22.419318548594177
124.66832037344078 20.031182439727214
122.60717642284214 20.524146277155456
120.5460324722435 23.73131268582364
118.48488852164486 19.11277256935151
116.42374457104621 19.90027651071233
114.36260062044758 20.725749392932524
112.30145666984892 22.152846306856077
110.24031271925028 20.24693064523269
108.17916876865165 19.540033523999956
106.118024818053 24.587233816214262
104.05688086745437 21.457803828004057
101.99573691685572 23.828414107062056
99.93459296625709 22.56602898509828
97.87344901565844 24.00832341223044
95.8123050650598 22.79762528668502
93.75116111446117 21.752447135981594
91.69001716386252 24.024301642629087
89.62887321326389 26.067350627355008
87.56772926266524 24.10594372249059
85.5065853120666 23.858860851212004
83.44544136146796 25.094232193174193
81.38429741086932 27.106619515637863
79.32315346027069 21.991319700075177
77.26200950967204 23.290426585749795
75.2008655590734 23.392751834302725
73.13972160847474 22.08434510942326
71.07857765787611 26.42898583908481
69.01743370727746 23.68308492032089
66.95628975667883 27.14169290789365
64.8951458060802 41.679460512437444
62.834001855481546 38.456803022004614
60.772857904882905 31.779394097629144
58.71171395428427 29.78074245076506
56.65057000368563 26.517707139955764
54.58942605308699 24.566810025031696
52.52828210248835 24.404991522823437
50.467138151889706 25.754145288416822
48.405994201291065 16.265080532855652
46.34485025069242 13.225843207030227
44.283706300093776 28.687907452182653
42.222562349495135 26.51261717981249
40.161418398896494 27.78061742273237
38.10027444829785 25.268705742147457
36.03913049769922 22.09561030200085
33.97798654710058 27.717166683799583
31.916842596501933 26.844476464414086
29.855698645903292 25.73454481969768
27.79455469530465 36.119712395538436
25.733410744706013 29.78255422870645
23.672266794107376 27.596851955405214
21.61112284350873 28.28862322136776
19.54997889291009 29.849064899569672
17.48883494231145 27.682560839086577
15.42769099171281 27.848662570551323
13.366547041114169 31.233654952799387
11.30540309051553 30.317212480387393
9.244259139916887 29.467090624693327
7.183115189318247 31.623594000101626
5.121971238719606 32.1276504453182
3.060827288120965 36.488123086551305
0.9996833375223245 33.804649689021375
-1.0614606130763165 40.58205860151291
-3.1226045636749573 44.10718629271047
-5.1837485142735975 40.14138743705389
-7.244892464872239 39.14371718448624
-9.30603641547088 33.59759267251384
-11.36718036606952 36.052986946081305
-13.42832431666816 27.65436228095591
-15.489468267266803 28.009958236819017
-17.550612217865442 38.651876853084325
-19.611756168464083 37.59943878537974
-21.672900119062724 34.91179204478494
-23.734044069661365 34.940022007120255
-25.795188020260007 38.50450945492785
-27.85633197085865 37.784577929227765
-29.91747592145729 40.77317545771715
-31.97861987205593 46.07904515056277
-34.03976382265457 46.291928900415385
-36.10090777325321 39.240048741895215
-38.16205172385185 35.520034858036915
-40.223195674450494 36.87481024200748
-42.284339625049135 38.36781825470704
-44.345483575647776 37.15267895154753
-46.40662752624642 35.61256318757064
-48.46777147684505 38.91768179542609
-50.528915427443685 39.85729820275611
-52.59005937804233 35.000883046813335
-54.651203328640975 36.28891492121099
-56.712347279239616 35.46571645263557
-58.77349122983826 35.8776242982708
-60.8346351804369 33.69141308279561
-62.89577913103554 32.19376724254899
-64.95692308163417 37.7881222869982
-67.01806703223282 34.59102602848592
-69.07921098283146 35.061827217873365
-71.14035493343009 33.66151927765445
-73.20149888402874 34.44540562900549
-75.26264283462737 33.05701014004544
-77.32378678522602 31.270301153940892
-79.38493073582465 35.89664911686442
-81.44607468642332 34.647140360309415
-83.50721863702195 35.21013668573203
-85.56836258762058 35.47063924468498
-87.62950653821923 33.580643303514655
-89.69065048881787 34.76321995288637
-91.75179443941651 33.89889457542611
-93.81293839001515 36.210568589637575
-95.8740823406138 47.05812383059579
-97.93522629121243 34.04839122127248
-99.99637024181106 34.24636596146566
-102.05751419240971 34.55603506463821
-104.11865814300835 36.582626683896684
-106.179802093607 32.353564554184196
-108.24094604420563 31.07570049145347
-110.30208999480428 33.66853315187241
-112.36323394540291 35.2043873548203
-114.42437789600154 36.68525216703591
-116.4855218466002 33.63877625693241
-118.54666579719884 34.27658160946745
-120.60780974779749 32.21112128192022
-122.66895369839612 33.9861220363049
-124.73009764899477 35.56863551174351
-126.7912415995934 41.4012928404275
-128.85238555019203 35.980632228068615
-130.91352950079067 33.80662183610775
-132.97467345138932 32.768213078992304
-135.03581740198797 34.377482694171334
-137.0969613525866 29.519200491857646
-139.15810530318524 28.621468376033633
-141.2192492537839 35.64676851110766
-143.28039320438253 34.73852624180212
-145.34153715498118 31.198667460002437
-147.4026811055798 34.01552857924561
-149.46382505617845 30.00715037879993
-151.5249690067771 26.43116546834921
-153.58611295737575 34.88873092399508
-155.64725690797437 32.89113267027779
-157.70840085857301 37.35957141184688
-159.76954480917163 33.33535869174993
-161.8306887597703 33.6638672547473
-163.89183271036893 34.35053443446556
-165.95297666096758 31.958329378716392
-168.0141206115662 27.4516195098151
-170.07526456216485 30.315011466606407
-172.1364085127635 35.28240149375793
-174.19755246336214 32.789175955553844
-176.25869641396076 33.25991062699287
-178.3198403645594 33.24863496457952
-180.3809843151581 33.50479728208332
-182.4421282657567 32.15066712278802
-184.50327221635536 32.34703557456159
-186.56441616695398 34.191216089823065
-188.62556011755262 34.34130830953765
-190.68670406815127 33.782779015579244
-192.74784801874992 33.73568873222655
-194.80899196934854 31.44155660031512
-196.8701359199472 33.859921907308525
-198.93127987054584 27.75207831569502
-200.99242382114448 29.380909982068733
-203.05356777174313 35.2438460290327
-205.11471172234178 30.025046495677064
-207.1758556729404 32.423654037596904
-209.23699962353905 32.806191681599174
-211.29814357413767 31.17133016189061
-213.35928752473635 32.36056334840986
-215.420431475335 29.183745887323305
-217.4815754259336 31.406486826660043
-219.54271937653226 33.227009480724846
-221.6038633271309 30.862405409302966
-223.66500727772956 35.57420599891902
-225.72615122832818 36.24317985906202
-227.78729517892683 33.407258595701244
-229.84843912952545 27.981174443914362
-231.90958308012412 28.79620976454272
-233.97072703072274 33.54925611369871
-236.0318709813214 31.898961834115784
-238.09301493192 31.739006788257427
-240.15415888251866 29.87590832684363
-242.2153028331173 35.11237815499873
-244.27644678371595 21.14494398175693
-246.33759073431457 28.10020929893909
-248.39873468491322 32.496938034258164
-250.45987863551187 33.173705697838805
-252.52102258611052 32.28271525269991
-254.58216653670917 29.10465660971345
-256.6433104873078 30.356939351376276
-258.7044544379064 32.193223312530456
-260.7655983885051 27.887563782980983
-262.8267423391037 25.317532608270223
-264.8878862897024 33.58890810625841
-266.949030240301 35.81846380311863
-269.01017419089965 32.129148416957484
-271.07131814149824 34.20175470323784
-273.13246209209694 28.31704519220524
-275.1936060426956 25.79017785565742
-277.2547499932942 26.00175235891168
-279.31589394389283 25.648294971446713
-281.3770378944915 29.02928003759759
