# BEGINHEADER
# This file contains data from the SALSA 2m radio telescope.
# DATE=2024-03-21T15:54:0024
# GLON and GLAT given in degrees
# GLON=74.83985128432379
# GLAT=0.1155106549748781
# DATA in two columns below. Col. 1 is velocity relative to LSR [km/s]. Col. 2 is uncalibrated antenna temperature [K].
# ENDHEADER
293.6898297894249 16.38956777662198
291.62868583882624 24.10901565057951
289.5675418882276 20.8482993009249
287.50639793762895 19.000128123774044
285.4452539870303 15.217803584505859
283.3841100364317 8.362390270944378
281.32296608583306 10.451775857331333
279.26182213523435 17.300811380139262
277.20067818463576 18.05780589800783
275.1395342340371 5.874162419252623
273.0783902834385 -10.6130701794567
271.0172463328398 21.355870736452776
268.95610238224117 9.502733961455478
266.8949584316426 14.388715679730295
264.83381448104393 15.101398803830172
262.7726705304453 20.354413518730976
260.71152657984663 15.081837517850156
258.650382629248 12.814101265592868
256.58923867864934 9.673191265034733
254.5280947280507 13.755094802398618
252.46695077745207 10.931842267196219
250.40580682685342 10.384811698625219
248.3446628762548 17.333056696286988
246.28351892565613 15.935487774069207
244.2223749750575 15.533071333536752
242.16123102445886 14.157638396890155
240.10008707386024 13.233212774634014
238.03894312326156 11.272901046112647
235.97779917266294 12.923501527894032
233.9166552220643 14.20643403347449
231.85551127146567 16.375762276093678
229.79436732086702 12.703117896351172
227.73322337026838 4.351316642962439
225.67207941966973 1.071231289264798
223.61093546907108 3.7068418710098907
221.54979151847246 7.4604670463409315
219.4886475678738 12.204607255684987
217.42750361727516 18.82498407035711
215.36635966667652 15.152460795338241
213.3052157160779 12.095581094505144
211.24407176547925 13.332770266620654
209.18292781488063 16.13973644047419
207.12178386428195 19.77197989005491
205.06063991368333 20.7801070058501
202.99949596308468 18.894025968884915
200.93835201248606 17.83443202006383
198.8772080618874 18.336216666249168
196.8160641112888 18.312199277100547
194.75492016069015 15.300885478488244
192.69377621009153 19.08210184737199
190.63263225949285 17.693096225664178
188.57148830889423 14.753363302879603
186.51034435829558 17.228615411809155
184.44920040769696 18.31902629890023
182.38805645709832 16.7286164683861
180.32691250649964 16.849391219077447
178.26576855590102 20.096028931039708
176.20462460530237 21.180970280023313
174.14348065470375 16.65692349927503
172.08233670410507 18.516312208747248
170.02119275350645 20.86564880363837
167.9600488029078 17.15920248572623
165.8989048523092 18.456688286340423
163.83776090171054 17.681303592622964
161.7766169511119 22.145291797747376
159.71547300051324 17.385599861492892
157.65432904991462 15.267084016344784
155.59318509931597 21.989099482034174
153.53204114871735 18.39425790774104
151.47089719811868 21.847029028017026
149.40975324752006 20.392747531263105
147.3486092969214 19.716778071887
145.2874653463228 20.20534905162185
143.2263213957241 22.10068987239417
141.16517744512547 22.206039418587373
139.10403349452685 22.30716885606507
137.0428895439282 21.894689445499306
134.98174559332958 24.171602842445374
132.9206016427309 24.358727127857804
130.85945769213228 26.5606319668286
128.79831374153363 20.050423999800305
126.73716979093501 19.817957884164205
124.67602584033635 20.78401598301695
122.61488188973772 21.433682893673517
120.55373793913907 26.35352339997236
118.49259398854043 25.21259787946399
116.43145003794179 25.92564775702375
114.37030608734315 30.949105286015175
112.30916213674452 35.175912627675906
110.24801818614587 27.620858127927814
108.18687423554724 29.190560519937687
106.12573028494859 25.539073147054648
104.06458633434995 25.019094694086878
102.0034423837513 22.508076448608836
99.94229843315267 25.947296327940524
97.88115448255402 6.602729115708737
95.82001053195538 4.048222159914666
93.75886658135674 30.032313815872616
91.69772263075811 24.201830592423953
89.63657868015946 28.646024838719228
87.57543472956083 22.243504101434173
85.51429077896216 19.916298976875495
83.45314682836353 24.383266989191046
81.39200287776488 21.018335011277863
79.33085892716625 24.833809566271114
77.26971497656761 35.63192930442916
75.20857102596896 27.052707647628658
73.14742707537033 25.594585539412517
71.08628312477168 29.29279670142472
69.02513917417305 28.178362845552797
66.9639952235744 27.380757917122953
64.90285127297577 26.94735360753698
62.841707322377125 32.266623399810676
60.780563371778484 31.368592620980884
58.71941942117984 28.544630304295236
56.6582754705812 27.08056753596091
54.59713151998256 26.361431052322033
52.53598756938392 27.878732713156
50.47484361878528 25.795414151118976
48.41369966818664 31.195096102456883
46.352555717588 35.06090271958316
44.29141176698936 33.51068500385596
42.23026781639072 32.19592657160884
40.16912386579208 24.837996167073893
38.10797991519343 29.906989206379297
36.04683596459479 17.262095276311722
33.98569201399615 18.548380116068454
31.924548063397513 35.69205762512349
29.86340411279887 33.28864947023384
27.80226016220023 34.40371897207681
25.741116211601593 37.11523221250004
23.67997226100295 44.18636676518333
21.618828310404307 44.586125237397944
19.55768435980567 55.81424134760568
17.49654040920703 77.22511715192891
15.435396458608386 80.90184984657114
13.374252508009747 85.8524599558609
11.313108557411105 97.69400966544585
9.251964606812464 112.33746221672872
7.190820656213824 119.65777309144421
5.129676705615184 126.80644437709284
3.068532755016543 128.81190944753376
1.007388804417902 126.7561479589898
-1.0537551461807386 124.73853115043262
-3.1148990967793795 110.4930957184632
-5.17604304737802 99.76533977001517
-7.237186997976662 89.39976734738924
-9.298330948575302 87.06201640464423
-11.359474899173943 72.29459371406065
-13.420618849772584 63.63200807901186
-15.481762800371225 67.54974840558458
-17.542906750969866 60.17016345922235
-19.604050701568507 61.34119589797285
-21.665194652167145 60.58059561286085
-23.726338602765786 60.933466044999925
-25.78748255336443 51.43868115857161
-27.84862650396307 51.45445549029899
-29.90977045456171 59.29546658984295
-31.97091440516035 51.32622767798807
-34.03205835575899 50.023920816914874
-36.09320230635763 49.74302845546668
-38.15434625695627 49.11532251481293
-40.215490207554915 49.38598328673814
-42.276634158153556 42.68791064616078
-44.3377781087522 49.367062602618795
-46.39892205935084 57.875083992214805
-48.46006600994948 45.98562109715993
-50.52120996054812 45.800417552851535
-52.582353911146754 50.66236259276879
-54.643497861745395 53.68072628193667
-56.704641812344036 51.8203523075045
-58.765785762942684 51.64277340128479
-60.826929713541325 60.244492964838784
-62.88807366413997 63.16366870112798
-64.9492176147386 64.98396550982145
-67.01036156533723 65.50298069451604
-69.0715055159359 67.17467437840004
-71.13264946653453 66.5921222748868
-73.19379341713316 70.66110028368476
-75.25493736773181 68.91436727126083
-77.31608131833045 75.92887968038075
-79.3772252689291 62.81263470325186
-81.43836921952773 53.97403712403823
-83.49951317012638 51.81872930145562
-85.56065712072501 49.0203980033223
-87.62180107132365 38.49146098227498
-89.6829450219223 30.47643457781055
-91.74408897252093 39.03416065931131
-93.80523292311958 37.06122332482068
-95.86637687371821 34.377824108505
-97.92752082431686 36.21540873309039
-99.98866477491548 28.53955971683678
-102.04980872551413 21.287699248553768
-104.11095267611276 35.72182990890219
-106.17209662671141 32.36359395492959
-108.23324057731006 38.81465152103568
-110.29438452790869 35.38841733032526
-112.35552847850734 32.653846737015506
-114.41667242910597 33.265842554431835
-116.47781637970462 31.854432846194307
-118.53896033030325 23.422151450326517
-120.6001042809019 25.062144182176063
-122.66124823150054 33.74245761802353
-124.72239218209917 31.842992125926425
-126.78353613269782 29.54092137254723
-128.84468008329645 31.02193298496047
-130.9058240338951 31.497335812428204
-132.96696798449375 31.087032465365343
-135.02811193509237 31.560611935874523
-137.08925588569102 33.52678441100818
-139.15039983628967 32.03975173526971
-141.2115437868883 28.9812663958015
-143.27268773748693 29.616117120608852
-145.33383168808558 26.539552345125138
-147.39497563868423 31.81011819157453
-149.45611958928288 21.332800576043216
-151.5172635398815 20.844156786270656
-153.57840749048015 32.42125375627706
-155.63955144107877 29.137918333816526
-157.70069539167744 29.198920986671684
-159.76183934227606 28.36254327831529
-161.8229832928747 28.381702728472483
-163.88412724347333 31.167188639946833
-165.94527119407198 31.147696564847983
-168.00641514467065 31.521937038897388
-170.06755909526927 33.30330415568627
-172.12870304586792 27.489098613289872
-174.18984699646654 30.15167362899811
-176.25099094706522 33.14453163377529
-178.31213489766384 34.55234645563621
-180.3732788482625 24.389194524482498
-182.4344227988611 23.865407696340633
-184.49556674945975 30.12337410053798
-186.5567107000584 29.776160947254372
-188.61785465065705 30.7897950258018
-190.67899860125567 26.229348692979844
-192.74014255185432 33.825599253878686
-194.80128650245294 16.267299719072664
-196.86243045305162 25.315609963553463
-198.92357440365026 30.827887045653572
-200.9847183542489 30.035299206004613
-203.04586230484756 30.539056751969564
-205.10700625544618 28.362786475460254
-207.16815020604483 28.662055294980128
-209.22929415664348 30.254193301318367
-211.29043810724212 25.240884092908896
-213.35158205784074 22.020972713085776
-215.4127260084394 30.61652289765953
-217.47386995903804 31.10740900900506
-219.5350139096367 30.37455192108839
-221.5961578602353 30.93108522706414
-223.65730181083396 28.30836498734138
-225.71844576143258 25.059116015330627
-227.77958971203125 22.899979741212455
-229.84073366262987 21.481057854219667
-231.90187761322852 28.09206592058152
