# BEGINHEADER
# This file contains data from the SALSA 2m radio telescope.
# DATE=2024-04-12T07:19:0053
# GLON and GLAT given in degrees
# GLON=57.88296677757835
# GLAT=4.147890528168514
# DATA in two columns below. Col. 1 is velocity relative to LSR [km/s]. Col. 2 is uncalibrated antenna temperature [K].
# ENDHEADER
304.83756982476245 -0.1470931628701624
302.7764258741638 0.4897166687092371
300.71528192356516 0.18029989376470634
298.65413797296657 0.30970391504982714
296.59299402236786 1.6703621499137955
294.53185007176927 1.9143920933328613
292.4707061211706 1.034514134480585
290.4095621705719 1.724340379874512
288.3484182199733 -1.0476407357050694
286.2872742693747 6.874876435385645
284.2261303187761 22.65286866339692
282.1649863681774 -2.780989170482476
280.10384241757873 2.2816260447916186
278.04269846698014 -0.7893467893565963
275.9815545163815 2.967805810255308
273.92041056578284 0.8144605341683401
271.8592666151842 1.5068323015145662
269.79812266458555 1.6452827118645406
267.73697871398696 0.3122734792983126
265.67583476338825 2.3873863485839166
263.6146908127896 0.7593786472284999
261.553546862191 2.4252351862101866
259.49240291159236 -1.0738088103324475
257.4312589609937 5.681453014452907
255.37011501039507 8.94045895683139
253.30897105979645 0.1084984426016296
251.2478271091978 1.6261664154857924
249.18668315859912 1.0684903089153963
247.1255392080005 2.38648796999394
245.06439525740186 -0.24386664876999486
243.00325130680324 -0.5106797701477458
240.9421073562046 0.34454874947769304
238.88096340560594 -0.16588999745869412
236.8198194550073 1.2790811123745611
234.75867550440867 -1.2126757426123864
232.69753155381002 1.0355810979237934
230.6363876032114 0.03350337451865962
228.57524365261273 2.526070491234515
226.5140997020141 3.239665332573414
224.45295575141546 -0.3236629674794998
222.39181180081684 1.3444548481078116
220.3306678502182 0.7374031354730559
218.26952389961954 -0.5489313503724117
216.2083799490209 0.8139377975226215
214.14723599842227 0.2326243114892958
212.08609204782363 -0.9378438629808288
210.02494809722495 -1.385770728823742
207.96380414662633 0.034191113953970086
205.90266019602768 1.0919748260009061
203.84151624542906 0.19180800865881173
201.7803722948304 -0.36045736739802453
199.71922834423177 1.8656488715252812
197.6580843936331 0.7098369147635821
195.59694044303447 0.2024080638732425
193.53579649243582 -0.10390230888061668
191.4746525418372 -1.0955914699956033
189.41350859123855 0.5674267664200254
187.3523646406399 0.029079086520347946
185.29122069004126 -1.363837783109051
183.23007673944264 -0.506838824125036
181.168932788844 -0.5507209102172832
179.10778883824534 -1.0938742887530852
177.0466448876467 -1.608118042083572
174.98550093704804 -0.5625357788723385
172.92435698644942 -0.2875966650512156
170.86321303585078 -0.27007837972413706
168.80206908525213 -1.6726878241461522
166.74092513465348 -0.9608312204734694
164.67978118405486 -0.9494031767362647
162.6186372334562 -1.3554814719791937
160.5574932828576 -1.250944213761056
158.49634933225892 -2.0166208506893395
156.4352053816603 -0.6924138783826232
154.37406143106165 -1.667423688862299
152.31291748046303 -0.31404156326652694
150.25177352986438 -0.4996087523268302
148.19062957926573 -0.9307569918821568
146.12948562866708 -0.5309886719997998
144.06834167806846 0.14414263019400925
142.00719772746982 -1.0610363831817395
139.94605377687117 -1.0654771675696968
137.88490982627252 -1.3682157809801143
135.82376587567387 -2.2939405433151787
133.76262192507525 -3.073632899028301
131.7014779744766 -3.7162770032304104
129.64033402387795 -0.3474148204668882
127.57919007327932 -0.005167879386770074
125.51804612268069 -0.8972658188023931
123.45690217208205 -1.8061406705280072
121.3957582214834 -1.7621094952382075
119.33461427088477 -0.9215495716971005
117.27347032028611 -2.4655692484445964
115.21232636968747 -2.1390628921305193
113.15118241908883 -2.9567709281665757
111.09003846849019 -2.7388336364126475
109.02889451789156 -2.221178436586342
106.96775056729291 -2.2156741143160508
104.90660661669428 -2.5418092139148687
102.84546266609563 -1.4905222463164411
100.784318715497 -1.5960115995920796
98.72317476489836 -2.374719029381136
96.66203081429973 -2.97208601623954
94.60088686370108 -2.9594190061432966
92.53974291310244 -2.138318442651865
90.4785989625038 -1.3442394558935569
88.41745501190516 -2.4578703157782864
86.35631106130653 -2.6578361132634005
84.29516711070788 -2.2792310140358882
82.23402316010925 -4.005940391110129
80.1728792095106 -1.512290459569116
78.11173525891195 -2.3505015603367254
76.0505913083133 -2.2624538964523295
73.98944735771467 -2.469193315207184
71.92830340711603 -2.519198751962909
69.86715945651738 -0.7391861669571012
67.80601550591875 -1.588637662613817
65.7448715553201 -0.039482316234793265
63.68372760472147 -1.5152577912382228
61.62258365412283 -1.1271360035130067
59.56143970352419 1.3225277745084196
57.500295752925545 1.0838944337361718
55.439151802326904 2.703581652791824
53.37800785172827 5.284598653246777
51.31686390112963 6.746861527969554
49.255719950530974 7.216622559385568
47.19457599993233 10.431921698993703
45.13343204933369 11.319924320535552
43.07228809873506 15.864799440601193
41.01114414813642 18.574096163132893
38.950000197537776 22.084705388583757
36.888856246939135 24.57275198181286
34.82771229634049 27.39424274148913
32.76656834574185 29.500176164361147
30.70542439514321 31.65773025054583
28.64428044454457 34.448175509459034
26.583136493945933 34.10954954607625
24.52199254334729 35.32612014137867
22.46084859274865 37.154377982084675
20.39970464215001 40.424344521755295
18.33856069155137 41.28534593670298
16.27741674095273 45.01144926417811
14.216272790354088 50.340988943901976
12.155128839755445 62.6850656600235
10.093984889156806 79.81758296958607
8.032840938558163 86.29220082334793
5.971696987959524 80.90000383461842
3.910553037360883 64.85502493273593
1.849409086762242 51.79721218996412
-0.21173486383639858 40.14367851593866
-2.27287881443504 26.812911011905964
-4.33402276503368 20.4949713544691
-6.395166715632321 14.965109908818556
-8.456310666230962 12.550299522296221
-10.517454616829601 9.447686130161275
-12.578598567428243 7.652618357911236
-14.639742518026882 8.6479510482914
-16.700886468625523 5.516349731690407
-18.762030419224164 4.927910920483447
-20.823174369822805 5.549213338722483
-22.884318320421446 2.3635015826050374
-24.94546227102009 2.9277981624074494
-27.006606221618732 1.8238315794188156
-29.06775017221737 2.595995659788106
-31.12889412281601 1.4247917970476895
-33.190038073414655 -0.26440766764911194
-35.251182024013296 1.869976949874944
-37.31232597461194 2.2309167193288597
-39.37346992521057 2.9066127280929437
-41.43461387580921 3.2788993386456577
-43.49575782640785 4.3073911066538875
-45.556901777006495 8.294303652164766
-47.61804572760514 10.978787841660889
-49.67918967820378 14.48067324232909
-51.74033362880242 17.45556785003382
-53.80147757940106 17.28822538823624
-55.8626215299997 19.471294240379706
-57.923765480598334 19.24293264526186
-59.984909431196975 18.501016200192534
-62.046053381795616 19.74068740905638
-64.10719733239426 19.438042956655817
-66.1683412829929 18.15695981731956
-68.22948523359153 16.736875943521383
-70.29062918419018 16.805782781190967
-72.35177313478881 16.115536678615612
-74.41291708538746 15.419408829708917
-76.4740610359861 17.031082737724944
-78.53520498658474 13.22473183837318
-80.5963489371834 13.849860420103784
-82.65749288778203 11.342787108136001
-84.71863683838068 10.109029733309644
-86.77978078897931 6.876231742921314
-88.84092473957796 7.312891118724715
-90.90206869017659 7.061616270379135
-92.96321264077523 8.862040015900522
-95.02435659137387 7.738439677570753
-97.08550054197251 6.816280847557396
-99.14664449257116 3.4561143615784733
-101.2077884431698 0.944464325133372
-103.26893239376844 1.1992727733169914
-105.33007634436709 -1.3245622183571848
-107.39122029496572 -2.775545929913985
-109.45236424556437 -1.9616151237630899
-111.513508196163 -3.7899617935889407
-113.57465214676164 -2.5185558499572385
-115.6357960973603 -2.6249310796214997
-117.69694004795893 -3.003038874511506
-119.75808399855758 -1.7328823108053024
-121.81922794915621 -4.712716187681741
-123.88037189975486 -2.9057198632818624
-125.9415158503535 -4.172260421166928
-128.00265980095213 -4.3075461508372905
-130.06380375155078 -3.1267566885287175
-132.12494770214943 -2.9815215648512856
-134.18609165274808 -2.333378456143707
-136.2472356033467 -2.1935101970859523
-138.30837955394534 -2.893419376275384
-140.36952350454396 -4.193594857826523
-142.43066745514264 -4.163151278526022
-144.49181140574126 -1.521818047747503
-146.5529553563399 -2.718724938527092
-148.61409930693853 -3.4958968170504283
-150.6752432575372 -4.104336434914236
-152.73638720813582 -4.033464275452472
-154.79753115873447 -3.642019094480486
-156.8586751093331 -4.002855914443943
-158.91981905993174 -4.1638303096193985
-160.9809630105304 -4.037371438415922
-163.04210696112904 -2.819876884515297
-165.10325091172766 -3.0782025766926377
-167.1643948623263 -2.706905041963939
-169.22553881292492 -1.5337668391891623
-171.2866827635236 -3.5416950908511478
-173.34782671412225 -2.8627201241082805
-175.40897066472087 -2.2732214248364015
-177.47011461531952 -2.8122279900381972
-179.53125856591817 -2.291014642414193
-181.5924025165168 -2.620217087528899
-183.65354646711543 -2.1702573506716525
-185.71469041771408 0.533988137731259
-187.7758343683127 -1.2852209961538346
-189.83697831891138 -1.941962192547681
-191.89812226951 -2.6173905585805395
-193.95926622010865 -2.59544881658755
-196.02041017070727 -2.434295993854499
-198.0815541213059 -0.5169469952385365
-200.14269807190453 -1.0327032782737355
-202.20384202250318 -2.5093751145588725
-204.2649859731018 -1.184159434559997
-206.32612992370048 -1.1078056966140606
-208.3872738742991 -1.3961411125059724
-210.44841782489775 -2.624053101094263
-212.50956177549637 -2.252750099733568
-214.570705726095 8.543017138336648
-216.6318496766937 0.886521156273093
-218.6929936272923 0.47823067467972163
-220.75413757789096 0.02406526568428257
