# BEGINHEADER
# This file contains data from the SALSA 2m radio telescope.
# DATE=2024-03-21T15:41:0010
# GLON and GLAT given in degrees
# GLON=94.8139703496081
# GLAT=0.024097955236614427
# DATA in two columns below. Col. 1 is velocity relative to LSR [km/s]. Col. 2 is uncalibrated antenna temperature [K].
# ENDHEADER
280.42427236282805 16.9169084930292
278.3631284122294 26.71868822440308
276.30198446163075 22.14961347743169
274.24084051103216 22.667608322672535
272.1796965604335 16.740426618253913
270.1185526098348 9.45505102668616
268.0574086592362 12.97753909632348
265.99626470863757 16.639869994330006
263.935120758039 18.37518393467295
261.8739768074403 8.91468411403401
259.8128328568417 -6.777185530874679
257.75168890624303 21.284277606688295
255.69054495564436 12.84045587463565
253.6294010050457 14.095613037904405
251.5682570544471 15.370767481774049
249.50711310384844 22.20765304436201
247.4459691532498 15.234034805496718
245.38482520265114 12.793736823154633
243.32368125205252 11.481712479573089
241.26253730145388 14.614412004371534
239.20139335085526 14.825219074624906
237.14024940025658 11.877409307464758
235.07910544965796 18.060262828531144
233.0179614990593 20.747905244112516
230.9568175484607 16.985924338836313
228.89567359786204 15.704905396404168
226.8345296472634 17.619851975775703
224.77338569666475 13.167938871218487
222.71224174606613 14.156553920126473
220.65109779546748 15.49422113392841
218.5899538448688 19.464944860147224
216.52880989427018 14.67720671524253
214.46766594367153 7.977129100130716
212.40652199307291 0.7347094390728343
210.34537804247427 3.4661645489084703
208.28423409187562 8.645742055438316
206.22309014127697 14.03837829183894
204.16194619067835 20.109857927813767
202.1008022400797 17.253554593010737
200.03965828948108 15.6662976704716
197.9785143388824 15.95655084352515
195.91737038828379 17.491782416714173
193.85622643768514 18.79442802193627
191.79508248708652 20.50878452029295
189.73393853648784 17.892712535593912
187.67279458588922 17.721770031148697
185.61165063529057 19.48433025748486
183.55050668469195 18.609894443765675
181.4893627340933 17.75694012151789
179.42821878349463 16.529969569953103
177.367074832896 17.621192721086462
175.30593088229736 17.384684934875782
173.24478693169874 17.85829048418078
171.1836429811001 15.992161697906411
169.12249903050144 16.327039621022386
167.0613550799028 16.223740373510775
165.00021112930418 19.39559403249575
162.93906717870553 21.344614213467455
160.8779232281069 22.608754639884495
158.81677927750823 21.201960201286816
156.7556353269096 24.049929681761284
154.69449137631096 19.79018435555434
152.63334742571234 17.56769591192628
150.57220347511367 21.16531052846076
148.51105952451505 19.846424761596303
146.4499155739164 18.41882269091565
144.38877162331778 17.91660839195447
142.32762767271913 21.41843410030189
140.26648372212046 20.446197784301187
138.20533977152184 20.092671197424696
136.1441958209232 22.101441393197
134.08305187032457 21.8595263321131
132.02190791972592 20.70458368594011
129.96076396912727 22.304917413572923
127.89962001852864 21.429972657780816
125.83847606793 22.376010418815326
123.77733211733135 21.170823745402505
121.7161881667327 22.936526511381246
119.65504421613406 23.929205434144034
117.59390026553542 23.014833143324243
115.53275631493679 20.843817656800603
113.47161236433814 21.65385099074017
111.41046841373951 22.403388061766865
109.34932446314086 18.59151551739257
107.28818051254223 27.58858606845957
105.22703656194359 17.569918605993387
103.16589261134494 42.64378716764157
101.10474866074631 94.88827098232132
99.04360471014766 60.97473871112309
96.98246075954903 41.39278736848496
94.92131680895038 22.628029555914804
92.86017285835175 28.387513892292517
90.79902890775311 24.401219256449913
88.73788495715446 22.033774738139694
86.67674100655583 24.03611232538258
84.61559705595717 13.89237764881777
82.55445310535853 7.554561197051312
80.49330915475988 30.098070461662722
78.43216520416125 24.385836792599903
76.37102125356262 28.658908560189577
74.30987730296397 22.890019190162548
72.24873335236533 15.258381282684649
70.18758940176669 27.56305900180315
68.12644545116805 22.560067683511352
66.0653015005694 22.754585734589348
64.00415754997077 36.76151675969593
61.94301359937213 27.559271300570405
59.88186964877349 25.241253534084294
57.82072569817485 26.86025775492978
55.75958174757621 25.753188503656833
53.698437796977565 27.41322970266792
51.637293846378924 26.16146904321584
49.57614989578028 32.265788582802536
47.515005945181635 28.704334086424
45.453861994583 28.81872668243113
43.39271804398436 27.290993280458363
41.33157409338572 26.854025837512193
39.27043014278708 27.278257127909153
37.209286192188436 28.060843491562423
35.14814224158979 30.94247387326901
33.08699829099115 35.99767699646346
31.02585434039251 37.075045930997554
28.964710389793872 32.20284643363005
26.90356643919523 25.8098410274921
24.84242248859659 31.222355027914972
22.78127853799795 19.17427286037232
20.720134587399308 19.02954011921481
18.658990636800667 33.902295949342886
16.597846686202026 33.05911515706404
14.536702735603384 35.87786768677721
12.475558785004745 39.46490796332883
10.414414834406106 50.44959089756234
8.353270883807465 64.10096641597725
6.2921269332088245 88.82576042221658
4.230982982610183 105.72565474222955
2.169839032011542 108.0327354058194
0.10869508141290128 105.2958122184567
-1.9524488691857396 101.86254278764522
-4.013592819784381 102.09350470863473
-6.074736770383022 99.74323007997494
-8.135880720981662 100.55511696333792
-10.197024671580303 93.10122265910476
-12.258168622178943 95.75821463257681
-14.319312572777584 95.28960204760558
-16.380456523376225 84.00127490924734
-18.44160047397487 75.17931245962114
-20.502744424573507 71.35467463930368
-22.563888375172148 70.67494005852663
-24.62503232577079 50.70255742086454
-26.68617627636943 63.614630328049785
-28.74732022696807 65.61350294285937
-30.808464177566712 63.83882040034415
-32.86960812816535 65.60121924920102
-34.930752078763994 68.19094501293584
-36.99189602936263 70.3765222825421
-39.05303997996127 70.15493669415399
-41.11418393055991 68.69156378277538
-43.17532788115856 74.03749083267874
-45.2364718317572 73.98183188244622
-47.29761578235584 71.4470359945015
-49.35875973295448 73.33643071576647
-51.419903683553116 76.51788400970517
-53.48104763415175 74.70121014704343
-55.54219158475039 68.67588540281632
-57.60333553534903 73.00939373940068
-59.66447948594767 88.71796772496347
-61.72562343654632 74.0651170379671
-63.78676738714496 73.30895007095344
-65.8479113377436 71.75630620832264
-67.90905528834223 72.5266480573884
-69.97019923894088 69.39208304259937
-72.03134318953953 66.65160405073148
-74.09248714013818 69.04702469880381
-76.15363109073681 67.60228953685835
-78.21477504133544 67.1520689681769
-80.27591899193409 60.85839265833195
-82.33706294253273 62.42786022440158
-84.39820689313137 59.52596228678152
-86.45935084373001 58.5373935599133
-88.52049479432864 60.01448456102328
-90.58163874492729 69.89499409615604
-92.64278269552592 61.37672978416278
-94.70392664612457 56.479464688803475
-96.7650705967232 55.95570767019854
-98.82621454732185 52.78209970946829
-100.88735849792049 43.34683032661595
-102.94850244851912 39.871936020408285
-105.00964639911777 43.92548815963163
-107.0707903497164 41.12627256637864
-109.13193430031507 37.80256101627763
-111.1930782509137 38.422231721166035
-113.25422220151235 29.528223889699596
-115.31536615211098 22.860379249416464
-117.37651010270962 32.936360943838686
-119.43765405330826 31.444441131605807
-121.4987980039069 37.030726486644895
-123.55994195450555 30.64673028348919
-125.62108590510418 29.109794964463543
-127.68222985570283 28.442151616448886
-129.74337380630146 29.160109081665084
-131.8045177569001 22.79111891925355
-133.86566170749876 25.838645753179197
-135.92680565809738 32.8454228495786
-137.98794960869603 28.588042336747364
-140.04909355929468 29.21726843862911
-142.11023750989332 30.976693527002684
-144.17138146049194 29.364162608427367
-146.2325254110906 28.09986581011267
-148.2936693616892 30.203800428852723
-150.3548133122879 29.864650036975366
-152.4159572628865 31.216051006034338
-154.47710121348516 26.32937801996859
-156.53824516408378 26.039488754259477
-158.59938911468242 26.262287624650842
-160.66053306528107 27.57386082046421
-162.72167701587972 19.96972174287618
-164.78282096647834 20.649838940097755
-166.843964917077 30.08207220296305
-168.90510886767566 26.869651511305797
-170.96625281827428 27.692847899324587
-173.02739676887293 26.777319556682777
-175.08854071947155 25.65765667746412
-177.1496846700702 27.755802428326792
-179.21082862066885 26.761956210381932
-181.2719725712675 29.53144043379075
-183.33311652186612 30.236742381986655
-185.39426047246477 26.72812180876071
-187.45540442306338 31.262281723915066
-189.51654837366206 30.884752775007822
-191.57769232426068 30.856266156953108
-193.63883627485933 23.794052119471033
-195.69998022545795 21.78934750055781
-197.76112417605663 29.214571053970424
-199.82226812665525 28.043824821393233
-201.8834120772539 28.41364976501721
-203.9445560278525 27.002323315113745
-206.00569997845116 30.869055473048007
-208.06684392904984 17.42558646481975
-210.12798787964846 26.14346235742864
-212.1891318302471 26.97413589677698
-214.25027578084573 29.892870023147154
-216.31141973144437 27.06301002819408
-218.37256368204302 25.304550073342376
-220.43370763264167 25.423132800358804
-222.4948515832403 26.055158030817235
-224.55599553383894 26.405602883590316
-226.61713948443756 21.40141288665847
-228.67828343503624 29.84250766956893
-230.73942738563485 32.085340171103056
-232.8005713362335 28.710207880885314
-234.86171528683212 31.616876678022244
-236.9228592374308 24.953341380044893
-238.98400318802942 23.401475832522575
-241.04514713862807 20.529569475804077
-243.1062910892267 19.941504075067225
-245.16743503982534 27.653230581270783
