# BEGINHEADER
# This file contains data from the SALSA 2m radio telescope.
# DATE=2024-04-09T13:15:0015
# GLON and GLAT given in degrees
# GLON=109.93732856688442
# GLAT=-0.06820028181831918
# DATA in two columns below. Col. 1 is velocity relative to LSR [km/s]. Col. 2 is uncalibrated antenna temperature [K].
# ENDHEADER
274.09957938926703 -2.3766975052812547
272.03843543866844 -4.084200142770219
269.97729148806974 -3.1321170250502917
267.9161475374711 -3.1861744279286563
265.8550035868725 -4.427236064128171
263.79385963627385 -2.6076824533829672
261.7327156856752 -2.6818635815822853
259.67157173507655 -2.810074663234736
257.6104277844779 -4.662454684474753
255.54928383387926 -2.9239627577733533
253.4881398832806 0.6341232061093186
251.426995932682 -3.743563180589387
249.36585198208334 -1.5541877977075684
247.30470803148472 -3.3912699703938864
245.24356408088605 -2.7343978947183487
243.18242013028743 -3.2465580693828024
241.12127617968878 -3.4523540646462765
239.06013222909016 -3.098742054366043
236.99898827849148 -2.90945258451129
234.93784432789286 -3.2832435604027204
232.8767003772942 -3.6531960415030746
230.8155564266956 -3.786791941991821
228.75441247609695 -5.4918444519737255
226.6932685254983 -0.7587017554142638
224.63212457489965 -2.0394047137947213
222.570980624301 -4.729296029942108
220.50983667370238 -0.21749712636202886
218.44869272310373 -4.595485795617005
216.38754877250508 -3.3475909602100726
214.32640482190644 -4.14090235831788
212.26526087130782 -4.220020510969627
210.20411692070917 -4.682520312890901
208.14297297011052 -2.7033055732566593
206.08182901951187 -3.0743748080659135
204.02068506891325 -3.7096038673391765
201.9595411183146 -3.6797209308724934
199.89839716771598 -4.158833512549474
197.8372532171173 -1.717101481030387
195.77610926651866 -3.411922812580791
193.71496531592 -2.8622334198456096
191.6538213653214 -3.761882985743087
189.59267741472274 -3.8532255856914093
187.53153346412412 -4.384969808603425
185.47038951352545 -3.74018496429166
183.4092455629268 -3.9330590143594866
181.34810161232818 -3.752800870430829
179.28695766172953 -2.8888860345594494
177.2258137111309 -3.2336773263277596
175.16466976053223 -3.9671164912269563
173.10352580993361 -3.586971942683351
171.04238185933497 -2.2072239752864724
168.98123790873635 -2.592749065586149
166.92009395813767 -3.21941050782673
164.85895000753905 -3.307329325334003
162.7978060569404 -3.235877260639492
160.73666210634178 -2.26508643970795
158.67551815574313 -2.565268696073486
156.6143742051445 -2.8473291505617593
154.55323025454584 -2.8802559901620204
152.49208630394722 -2.572016730619065
150.43094235334857 -1.6984672259650575
148.36979840274995 -3.009177348806974
146.30865445215127 -2.3609788347864553
144.24751050155263 -1.907820974269217
142.186366550954 -1.7347131388235302
140.12522260035536 -2.716817939244417
138.06407864975674 -1.9782309832134357
136.00293469915806 -2.8621147419691755
133.94179074855944 -2.4394931337011236
131.8806467979608 -3.2607390620523566
129.81950284736214 -4.137316654213375
127.75835889676351 -3.133648350687112
125.69721494616486 -2.6844203893268235
123.63607099556623 -4.25912749848016
121.5749270449676 -1.575938377238249
119.51378309436895 -1.7822918869814195
117.45263914377031 -3.01825929034472
115.39149519317166 -3.3852989599690106
113.33035124257303 -3.0988431424028224
111.26920729197438 -3.754373968832861
109.20806334137575 -3.660845749190645
107.14691939077711 -3.367618816831419
105.08577544017847 -2.3495282801299493
103.02463148957983 -3.199344715629875
100.96348753898118 -3.185992762179309
98.90234358838255 -2.8519047158833417
96.84119963778392 -3.5321345936120196
94.78005568718527 -1.6172057557794455
92.71891173658663 -3.657879479351894
90.65776778598799 -2.179431557790767
88.59662383538934 -1.211566669562862
86.53547988479069 -3.2601568458164256
84.47433593419206 -1.480381962942555
82.41319198359342 -2.4536147880470347
80.35204803299477 -3.775334099692509
78.29090408239614 -3.0397017108932944
76.22976013179749 -1.9019498371019627
74.16861618119886 -2.364449599411637
72.10747223060021 -3.9012484679149106
70.04632828000157 -5.165453643989314
67.98518432940294 -2.1763009261912445
65.92404037880429 -2.2137952159819654
63.86289642820565 -2.3243199693223597
61.80175247760702 -2.7528393005750282
59.74060852700837 -2.1943668922307995
57.67946457640973 -1.6808006752362523
55.61832062581109 -0.7269035287697694
53.557176675212446 -1.410723233625896
51.496032724613805 -2.1085402661650927
49.434888774015164 -1.5655778433292615
47.37374482341653 -2.395940243758353
45.31260087281789 -2.292055102755061
43.25145692221925 -3.464676963011892
41.1903129716206 -3.5730258070984373
39.12916902102196 -2.126612372984226
37.06802507042332 -2.4121513074326835
35.006881119824676 -0.8411277509024194
32.94573716922604 -0.7361877949825887
30.8845932186274 -2.378182914116892
28.82344926802876 -1.7482275226258452
26.762305317430116 -0.4272078667258974
24.701161366831474 -0.9704913219711059
22.640017416232837 -0.38924321252294214
20.578873465634196 -1.1000493932071829
18.517729515035555 -0.031782547836854885
16.456585564436914 1.6736575859056013
14.395441613838273 4.189558011753562
12.334297663239633 4.414945580492783
10.273153712640994 10.715593173014694
8.212009762042351 16.44996024556173
6.150865811443711 27.664763803969883
4.089721860845071 43.85246355478705
2.0285779102464296 60.110369412529764
-0.0325660403522111 72.14162900690889
-2.093709990950852 84.30158729300139
-4.154853941549493 84.86910682410564
-6.215997892148134 83.81098535054089
-8.277141842746774 80.72908287332186
-10.338285793345415 73.85368060013856
-12.399429743944056 64.63511298489064
-14.460573694542699 51.18164470226322
-16.52171764514134 38.65545680327629
-18.582861595739978 28.568157406619594
-20.64400554633862 23.37108238693694
-22.705149496937263 20.430309811602562
-24.7662934475359 20.511512261801084
-26.827437398134542 24.954854515479827
-28.888581348733183 28.92031836763876
-30.94972529933182 29.975774511081436
-33.010869249930465 32.22445768001386
-35.0720132005291 34.762064012206494
-37.13315715112775 38.40320676636595
-39.19430110172639 41.38369607984905
-41.25544505232503 50.50984817467017
-43.31658900292367 57.71424432543709
-45.37773295352231 63.905794283231
-47.43887690412095 70.99399172158557
-49.50002085471959 72.34307665870904
-51.56116480531823 72.55075194693755
-53.62230875591687 69.3502353377452
-55.68345270651552 67.35061504090534
-57.74459665711416 59.564195692979375
-59.8057406077128 54.26555674819714
-61.86688455831144 50.58890007407937
-63.928028508910074 48.345355893259
-65.98917245950872 44.52735435701634
-68.05031641010737 41.86532287726166
-70.111460360706 37.36142432802562
-72.17260431130464 31.513711557093327
-74.23374826190329 24.85189665968424
-76.29489221250192 20.91196842673727
-78.35603616310057 17.012642117078286
-80.4171801136992 15.186710535001767
-82.47832406429785 12.20782758347853
-84.53946801489649 10.522836360772956
-86.60061196549512 8.38746227014693
-88.66175591609377 10.212624894960586
-90.7228998666924 11.931083562251663
-92.78404381729105 15.813771060919903
-94.84518776788968 17.260848869410054
-96.90633171848832 17.747318047222382
-98.96747566908697 19.091763560787722
-101.0286196196856 18.31803002035994
-103.08976357028425 15.712519720043744
-105.1509075208829 9.692108952605935
-107.21205147148154 8.331755002473487
-109.27319542208018 4.319732770200479
-111.33433937267881 4.748708071901398
-113.39548332327746 3.022674967178238
-115.4566272738761 1.1892551485286404
-117.51777122447474 -0.11150399846063605
-119.57891517507338 -0.5868938339441655
-121.64005912567202 -2.1734897490296605
-123.70120307627066 -1.365729391080296
-125.76234702686929 -0.23083900686700515
-127.82349097746794 0.542188569299499
-129.8846349280666 -3.1455249856150225
-131.9457788786652 -3.1959206482270437
-134.00692282926389 -3.3257474447624387
-136.0680667798625 -1.2799691988947217
-138.12921073046115 -2.829269982050482
-140.19035468105977 -4.563682699594923
-142.25149863165842 -4.302517534767803
-144.31264258225707 -2.7050697687598517
-146.37378653285572 -5.005185401401572
-148.43493048345434 -1.6807405353734621
-150.49607443405299 -3.50624402566185
-152.5572183846516 -6.480049089837421
-154.61836233525028 -3.1701154408523435
-156.6795062858489 -4.750445116289916
-158.74065023644755 -4.644165222739801
-160.80179418704617 -3.509776548921093
-162.86293813764485 -2.2666018678309645
-164.9240820882435 -4.301800956152404
-166.98522603884211 -5.766788221740734
-169.04636998944076 -4.665868786300799
-171.10751394003938 -3.3611220042936583
-173.16865789063806 -5.10114518174396
-175.22980184123668 -3.702896299564332
-177.29094579183533 -4.613861362130605
-179.35208974243395 -5.294318994197264
-181.4132336930326 -5.07969056668695
-183.47437764363124 -4.90706784383822
-185.5355215942299 -3.243940808073527
-187.5966655448285 -3.5960990110402147
-189.65780949542716 -4.664794577983561
-191.7189534460258 -4.75046194349847
-193.78009739662446 -3.269716984270274
-195.84124134722308 -2.4894773006476405
-197.90238529782172 -3.556260128065474
-199.96352924842034 -2.7256251562947034
-202.024673199019 -2.2561694230789238
-204.08581714961764 -3.3326756443691465
-206.14696110021626 -3.7463652313686238
-208.2081050508149 -2.4673869933029415
-210.26924900141356 -4.256447540817424
-212.3303929520122 -3.215850605068596
-214.39153690261082 -2.757001682520563
-216.45268085320947 -2.803922680985339
-218.51382480380812 -2.552993227994356
-220.57496875440677 -3.5111725493072536
-222.6361127050054 -1.9290744071877803
-224.69725665560404 -3.9908743868184913
-226.75840060620266 -2.075886004547174
-228.81954455680133 -3.1186806491585153
-230.88068850739995 -4.0875248606399905
-232.9418324579986 -2.755905502937927
-235.00297640859722 -3.2018770842431397
-237.06412035919587 -3.173216162019429
-239.12526430979452 -2.368749273897779
-241.18640826039316 -3.1581007381112998
-243.2475522109918 -4.008183713758973
-245.30869616159043 -0.9185316692773119
-247.3698401121891 -3.3107286665516398
-249.43098406278773 -2.163760638744267
-251.49212801338638 -3.622529433321982
