# BEGINHEADER
# This file contains data from the SALSA 2m radio telescope.
# DATE=2024-04-12T05:34:0047
# GLON and GLAT given in degrees
# GLON=19.811358815824473
# GLAT=0.2952292886283693
# DATA in two columns below. Col. 1 is velocity relative to LSR [km/s]. Col. 2 is uncalibrated antenna temperature [K].
# ENDHEADER
308.1447240547493 0.755164737688577
306.08358010415066 0.07047866638525091
304.022436153552 0.6799880563277706
301.96129220295336 1.3024393176633213
299.90014825235477 0.3896348931341762
297.8390043017561 1.3229015383628517
295.7778603511574 0.8496390873577638
293.7167164005588 0.7087254267137942
291.6555724499602 -0.8441421983695415
289.5944284993616 3.9486549086519616
287.5332845487629 14.377800793076013
285.47214059816423 -2.7552601742075336
283.41099664756564 1.459401879976429
281.349852696967 1.4722293395749528
279.28870874636834 2.9602450559066162
277.2275647957697 2.0761471915950147
275.16642084517105 -0.23087479697490432
273.10527689457246 2.300615875685328
271.04413294397375 0.4556387200511091
268.9829889933751 3.1263490680858497
266.9218450427765 0.5655452877496063
264.8607010921778 3.0055147554457853
262.7995571415792 0.32607481131571525
260.73841319098057 8.904064881779474
258.6772692403819 9.335869256034247
256.61612528978327 0.4911538310232609
254.55498133918462 3.627645292216595
252.493837388586 -0.39600868519541677
250.43269343798735 2.3661665925285758
248.37154948738873 1.6369660051461747
246.31040553679009 1.2543795973121312
244.24926158619144 1.3235732635033328
242.1881176355928 2.279058002895908
240.12697368499417 2.7240058793524566
238.06582973439552 0.5962050348437365
236.0046857837969 0.8621927393461176
233.94354183319822 0.9013578482546546
231.8823978825996 3.1733947491010643
229.82125393200096 3.6313551371937134
227.76010998140234 0.480688271584825
225.6989660308037 1.6369001336367264
223.637822080205 0.9678992558321573
221.5766781296064 0.9380897007610952
219.51553417900774 1.4137954323171869
217.45439022840912 0.0796525656584194
215.39324627781045 -0.8375247456112201
213.33210232721183 0.9060376567631211
211.27095837661318 0.4082245082958977
209.20981442601456 3.7356972625193654
207.1486704754159 1.215148028813147
205.08752652481726 0.22330702227576935
203.02638257421862 2.782315769497777
200.96523862362 -0.36760157484737266
198.90409467302135 -0.2994815138140403
196.84295072242273 -0.33614931000427084
194.78180677182405 1.939092731024664
192.72066282122543 1.8832551437513847
190.65951887062678 0.7113317557070018
188.59837492002814 0.22339178152887695
186.5372309694295 0.20924876060287384
184.47608701883084 1.2056996415212047
182.41494306823222 0.7045900858488509
180.35379911763357 0.39804987111674134
178.29265516703495 -0.8675718908975097
176.23151121643627 0.3966592328651141
174.17036726583765 0.6913765766538614
172.109223315239 1.6103376293279605
170.0480793646404 0.7983793029164528
167.98693541404174 0.4546062940596847
165.9257914634431 0.46163445666605396
163.86464751284444 -0.10138185400933082
161.80350356224582 1.173318975197471
159.74235961164717 0.10150557964024681
157.68121566104853 1.4613973050229938
155.62007171044988 1.3596386942366332
153.55892775985126 -0.22289835307061898
151.4977838092526 -0.5050270803269409
149.43663985865396 -1.8851529064732426
147.3754959080553 -0.4353994040965413
145.31435195745667 1.3478809341936175
143.25320800685805 1.3525267680917488
141.1920640562594 -0.1847421964541114
139.13092010566078 0.5611495764923589
137.0697761550621 1.1020012748801133
135.00863220446348 0.9138742551677337
132.94748825386483 0.5519622707814356
130.88634430326618 4.778231347734051
128.82520035266757 4.209118559377478
126.76405640206892 6.301529760668028
124.70291245147027 5.35417293086493
122.64176850087163 8.927720541032574
120.58062455027299 9.877385940596625
118.51948059967435 10.543251426401667
116.4583366490757 12.338314572299835
114.39719269847707 12.102299728679563
112.33604874787844 16.417206887866396
110.27490479727979 16.085293093169025
108.21376084668115 17.29515771182244
106.1526168960825 17.56470826018356
104.09147294548387 15.172042274763864
102.03032899488524 14.520459486632092
99.96918504428659 18.50036872152331
97.90804109368794 18.801971530236695
95.8468971430893 17.998480063080894
93.78575319249066 17.921134105194035
91.72460924189201 18.85782033090697
89.66346529129336 19.439358182620015
87.60232134069473 18.783998421307995
85.54117739009608 18.866932241960484
83.48003343949745 19.106519965627637
81.4188894888988 18.72704282240326
79.35774553830016 19.33853153883919
77.29660158770153 20.23242079856425
75.23545763710288 20.559185189220866
73.17431368650425 21.331610371199723
71.1131697359056 22.06985276627441
69.05202578530697 21.051993909523496
66.99088183470833 22.305948745754353
64.92973788410968 24.910012232420858
62.868593933511036 27.340715984221394
60.807449982912395 27.97030125865932
58.74630603231376 29.98528296039664
56.68516208171512 32.012012653707686
54.62401813111648 32.29124686468138
52.56287418051784 32.21484840128814
50.5017302299192 35.932727960159
48.44058627932056 35.40041116993937
46.37944232872192 34.772013825827194
44.31829837812327 35.275837967908835
42.25715442752464 37.5109493324194
40.196010476926 42.22001233496865
38.13486652632736 43.112112343348834
36.073722575728716 44.87462482640486
34.012578625130075 46.17248318889519
31.951434674531438 46.07210922193665
29.890290723932793 50.02163018378522
27.829146773334152 49.08052414247997
25.768002822735514 53.81815255014291
23.706858872136873 59.12156623913964
21.645714921538232 63.11895660269723
19.584570970939588 64.96673295232493
17.52342702034095 64.11386593059757
15.462283069742309 65.17722544230546
13.40113911914367 61.830186119340915
11.339995168545025 61.62961844797361
9.278851217946386 60.403022890728906
7.217707267347745 62.76638295301043
5.1565633167491045 64.9231167520909
3.095419366150463 65.94878747190936
1.0342754155518223 70.6770838738512
-1.0268685350468183 53.42609013019962
-3.088012485645459 36.47801212444929
-5.1491564362441 28.751235825863986
-7.21030038684274 23.634772068098528
-9.271444337441382 21.36669220842006
-11.332588288040023 21.843570173740638
-13.393732238638663 18.362086339419626
-15.454876189237302 17.781142316386852
-17.51602013983594 17.405496039968785
-19.577164090434586 19.138490168442445
-21.638308041033227 18.04877492440998
-23.699451991631864 20.713200743672946
-25.760595942230506 19.315176834317977
-27.821739892829147 19.898785522370897
-29.882883843427788 20.876970738673343
-31.94402779402643 20.039573740725597
-34.00517174462507 20.18210674457914
-36.066315695223714 16.216280240363545
-38.127459645822356 11.931080769896685
-40.18860359642099 6.563336035671484
-42.24974754701963 3.0120299488170734
-44.31089149761827 3.502203174746365
-46.37203544821691 0.6467030615459869
-48.433179398815554 -1.0638691267930318
-50.494323349414195 -2.3081121995306106
-52.55546730001284 -3.617832930023938
-54.616611250611484 -1.1463362597723992
-56.677755201210125 -1.6898429018642611
-58.738899151808766 -2.798894093517417
-60.80004310240741 -2.7847887316654876
-62.86118705300605 -3.999128215847118
-64.92233100360468 -5.1020951147710045
-66.98347495420333 -4.0112657237705385
-69.04461890480198 -5.107057039959119
-71.10576285540061 -2.9498627998844333
-73.16690680599925 -2.839113862870213
-75.2280507565979 -4.170141055114119
-77.28919470719653 -6.1259363969393075
-79.35033865779518 -3.301329024456603
-81.41148260839381 -4.579223051607364
-83.47262655899246 -3.4586869983245916
-85.5337705095911 -5.331992304494261
-87.59491446018973 -3.8415446169999323
-89.65605841078838 -5.119886029001227
-91.71720236138701 -4.368456929777559
-93.77834631198566 -4.48513073521904
-95.83949026258429 -3.6452882287217316
-97.90063421318294 -3.999905499231151
-99.96177816378156 -3.659810919223993
-102.02292211438022 -4.158611430636179
-104.08406606497886 -3.6892376556495043
-106.14521001557749 -2.760659664741134
-108.20635396617614 -2.8315799357654026
-110.26749791677477 -3.8066420526052065
-112.32864186737342 -4.0823912519459205
-114.38978581797205 -3.9251773306893076
-116.4509297685707 -3.5790931860356183
-118.51207371916934 -4.296640890726802
-120.57321766976797 -1.2838367656866387
-122.63436162036662 -1.7083271673442493
-124.69550557096525 -4.13276714188473
-126.7566495215639 -4.070874829426776
-128.81779347216255 -3.5438000353367665
-130.8789374227612 -3.594514839132639
-132.94008137335985 -3.6693786788930343
-135.00122532395847 -4.1159768220800785
-137.0623692745571 -2.9137741270153215
-139.12351322515573 -3.858069598934634
-141.18465717575438 -2.921733429823408
-143.24580112635303 -2.6716697033978334
-145.30694507695168 -2.8390673438591647
-147.3680890275503 -3.45311557936527
-149.42923297814895 -3.683587802235601
-151.49037692874757 -1.781364777757311
-153.55152087934624 -3.2107958308633027
-155.61266482994486 -2.993943631252126
-157.6738087805435 -2.2246655289673516
-159.73495273114216 -3.4807596205611566
-161.79609668174078 -2.729953181150827
-163.85724063233945 -2.8241320887802965
-165.91838458293807 -4.048775405139277
-167.97952853353672 -3.5125676793564984
-170.04067248413534 -4.570044461812694
-172.10181643473402 -4.001439289861239
-174.16296038533264 -3.54875615078366
-176.2241043359313 -2.6033722726105277
-178.2852482865299 -1.095818098580622
-180.34639223712855 -4.697723348937975
-182.4075361877272 -0.9318844486551074
-184.46868013832585 -3.1842925442063574
-186.52982408892447 -3.7407253259090534
-188.59096803952312 -3.5247840593449333
-190.65211199012174 -3.342120471559214
-192.71325594072042 -2.828327863649462
-194.77439989131904 -4.042257364610455
-196.83554384191768 -3.631231667224707
-198.89668779251633 -1.4105642476357796
-200.95783174311498 -1.0018134974316755
-203.01897569371363 -2.7351880535128825
-205.08011964431225 -2.354078152899287
-207.1412635949109 -2.0088727279137513
-209.20240754550952 -0.036566325248337965
-211.2635514961082 5.615186792619962
-213.3246954467068 -0.2524579221790954
-215.38583939730546 1.7669889159178358
-217.44698334790408 0.46016211988982675
