# BEGINHEADER
# This file contains data from the SALSA 2m radio telescope.
# DATE=2024-04-12T05:46:0032
# GLON and GLAT given in degrees
# GLON=27.902146609103415
# GLAT=0.24963035198465203
# DATA in two columns below. Col. 1 is velocity relative to LSR [km/s]. Col. 2 is uncalibrated antenna temperature [K].
# ENDHEADER
309.1084781688428 -0.2764911698726435
307.04733421824415 -1.254672999222792
304.98619026764555 0.36720331075287566
302.92504631704685 0.7274318211688262
300.8639023664482 -1.5483672935688195
298.8027584158496 -0.5366413708341603
296.7416144652509 -0.2067141062773237
294.6804705146523 0.975228816494654
292.61932656405367 -0.6980861464281165
290.558182613455 4.668056490784705
288.49703866285637 9.273707607812465
286.4358947122577 0.8417132195549375
284.3747507616591 3.929078204703464
282.3136068110605 0.3728043038533544
280.2524628604618 2.717804999597255
278.1913189098632 0.5873231587487467
276.13017495926454 0.16781498300299133
274.0690310086659 0.9915282693283819
272.00788705806724 1.0498842638640145
269.9467431074686 1.2771533826797514
267.88559915687 1.593325428045459
265.82445520627135 2.621084793931497
263.76331125567265 -0.17897389830883031
261.70216730507406 5.018730305543548
259.6410233544754 7.522390072718596
257.57987940387676 0.35730187300421257
255.5187354532781 2.6575514943451104
253.4575915026795 0.2635500719157793
251.39644755208084 0.411884879141825
249.3353036014822 3.2861144937492854
247.27415965088355 1.267151424023494
245.21301570028493 -0.22328655554676147
243.15187174968628 -0.008746395152490887
241.09072779908763 -0.27039428451640185
239.02958384848898 1.787464975933414
236.96843989789036 1.98502240328027
234.90729594729171 0.874629627021672
232.8461519966931 3.891230861678187
230.78500804609442 2.4966265429694072
228.7238640954958 0.31552958154566985
226.66272014489715 3.081934683872616
224.60157619429853 0.5087807401890216
222.54043224369988 0.008056102647807886
220.4792882931012 -0.1288121265795685
218.4181443425026 0.5334495656973698
216.35700039190394 0.2958066988281477
214.29585644130532 1.9124757136827515
212.23471249070667 -0.18347298556849326
210.17356854010802 0.5680143761213632
208.11242458950937 -0.25180469515654214
206.05128063891075 -0.6259030977543463
203.9901366883121 1.694326299818149
201.92899273771346 0.8289551386931677
199.8678487871148 -0.6145315698631388
197.80670483651622 -0.5931511095161435
195.74556088591757 -0.2527996949169298
193.68441693531892 0.40656195069600554
191.62327298472027 0.895481014985735
189.56212903412165 1.0749638238248909
187.500985083523 -0.3184957357278866
185.43984113292433 0.9932552809006167
183.3786971823257 -1.0610445572450404
181.31755323172706 -1.8380798605254112
179.25640928112844 0.9771009996693091
177.1952653305298 -0.2954476176552902
175.13412137993114 0.6508930544568239
173.0729774293325 -1.5247996684453593
171.01183347873388 -1.4643241667735996
168.95068952813523 -2.4445165298522644
166.8895455775366 -0.2770788229559366
164.82840162693793 0.0772230322272439
162.7672576763393 -1.7521562918505749
160.70611372574066 -0.8882457553159903
158.64496977514204 -0.9727095919564994
156.5838258245434 -0.9669735092690808
154.52268187394475 0.1401687054851326
152.4615379233461 0.19255732231339318
150.40039397274748 -1.0563160506297562
148.33925002214883 0.22087538034386495
146.27810607155016 -1.7003080694137909
144.21696212095154 -2.423885724414289
142.1558181703529 -0.410519227298217
140.09467421975427 1.639153374693193
138.03353026915562 -0.8786370640354887
135.97238631855697 -1.7088434314305005
133.91124236795832 0.03573413205673862
131.8500984173597 0.6600604113475997
129.78895446676106 0.7208906886396353
127.72781051616242 -0.26122018784833634
125.66666656556377 -0.6955357556856805
123.60552261496512 3.8342624544784285
121.54437866436649 2.3543129028947214
119.48323471376784 3.953356620279289
117.42209076316921 6.289605882901341
115.36094681257057 7.329351323558863
113.29980286197193 7.8305874578471935
111.23865891137329 12.923625324362877
109.17751496077464 16.86733076552889
107.11637101017601 20.200019602573825
105.05522705957736 21.963085551550442
102.99408310897873 27.016980004691582
100.9329391583801 29.97587933696505
98.87179520778145 31.469607247264943
96.81065125718281 31.30448525174884
94.74950730658416 33.685650624053046
92.68836335598553 34.50948079576889
90.62721940538688 33.21735156063821
88.56607545478825 34.079941003900906
86.5049315041896 35.169947254749516
84.44378755359095 33.98906031221569
82.38264360299232 34.955784150880085
80.32149965239367 36.13848007283263
78.26035570179504 36.015985314375925
76.19921175119639 35.163543389580234
74.13806780059775 34.065261381096455
72.07692384999912 34.74778194001738
70.01577989940047 32.99768709769344
67.95463594880184 33.601795829040285
65.89349199820319 31.433012830515306
63.832348047604555 31.409363347540317
61.77120409700591 30.887865353746594
59.71006014640727 31.472034830947806
57.648916195808624 29.98421352643566
55.58777224520998 31.026409439831035
53.52662829461135 33.594243928330826
51.46548434401271 36.808734136314676
49.40434039341407 36.39560938884534
47.343196442815426 39.734543071108824
45.282052492216785 38.517541568331794
43.220908541618144 41.40413527517666
41.1597645910195 42.736414192002115
39.09862064042086 39.475982230554024
37.03747668982222 41.46739829058757
34.97633273922358 39.98686972778066
32.91518878862494 42.50371826043758
30.854044838026297 45.30693302262921
28.79290088742766 52.26592939724148
26.73175693682902 56.71181269506863
24.67061298623037 60.56937372714741
22.609469035631733 63.229448856641916
20.548325085033092 61.60521167940883
18.48718113443445 61.99472106428018
16.426037183835813 61.78620708651237
14.36489323323717 65.53733701673579
12.303749282638528 66.30314216857492
10.242605332039888 61.53652372128687
8.181461381441247 63.388159780304825
6.120317430842607 63.03853536598741
4.059173480243967 59.60985132215033
1.9980295296453254 61.44824110509991
-0.0631144209533153 55.57758470085089
-2.1242583715519565 35.786337657507964
-4.185402322150597 20.675570936553132
-6.246546272749238 17.097848353120845
-8.30769022334788 12.83353866669627
-10.368834173946519 14.843087555923708
-12.42997812454516 15.787865969343185
-14.491122075143801 14.925818861790175
-16.552266025742444 17.684896467587123
-18.61340997634108 16.012309341728432
-20.674553926939723 17.147870480715014
-22.735697877538364 16.668859418291458
-24.796841828137005 18.966544674046823
-26.857985778735642 18.065059032265328
-28.919129729334283 18.63803567811428
-30.980273679932925 21.04818636062093
-33.04141763053156 21.005548375902908
-35.1025615811302 24.30821593555719
-37.163705531728844 22.10055103211393
-39.22484948232749 21.285823582958177
-41.28599343292613 20.91537896240713
-43.34713738352477 19.530982087038957
-45.40828133412341 16.00483410318915
-47.46942528472205 12.20594109888948
-49.53056923532069 8.557971721927718
-51.59171318591933 4.635738010797526
-53.65285713651797 2.408253858783466
-55.714001087116614 0.7167665597951817
-57.775145037715255 -3.04413041776836
-59.836288988313896 -1.986209512037039
-61.89743293891254 -3.032019281974945
-63.95857688951118 -3.5498168239065824
-66.01972084010981 -3.572462885455136
-68.08086479070846 -4.071751484571572
-70.14200874130711 -4.766496472535691
-72.20315269190574 -3.728221873145043
-74.26429664250439 -3.3046840555472423
-76.32544059310302 -3.512781770243939
-78.38658454370166 -3.490864937100134
-80.4477284943003 -3.741033775693621
-82.50887244489894 -3.551757902606171
-84.57001639549759 -4.435138733983191
-86.63116034609622 -6.331442055515462
-88.69230429669487 -2.860143234704011
-90.7534482472935 -4.271908525870784
-92.81459219789214 -4.183744138669864
-94.87573614849079 -3.5377356983090076
-96.93688009908942 -4.144753603986508
-98.99802404968807 -3.7331086202490655
-101.0591680002867 -3.382612174853479
-103.12031195088535 -4.520030900165913
-105.18145590148399 -4.740791147820273
-107.24259985208263 -3.982940111742405
-109.30374380268128 -3.6307312690912754
-111.36488775327992 -2.7131679762568663
-113.42603170387856 -2.129861702880889
-115.4871756544772 -4.350055504011083
-117.54831960507585 -2.969130500443117
-119.60946355567448 -1.9161265928779216
-121.67060750627311 -3.597095450159285
-123.73175145687176 -2.8198730185187335
-125.7928954074704 -3.6452621584554143
-127.85403935806904 -0.12561358676476514
-129.91518330866768 -4.556571364785716
-131.97632725926633 -4.079401940443795
-134.03747120986495 -4.724618074411246
-136.09861516046362 -4.327463752686676
-138.15975911106224 -4.184978508681452
-140.2209030616609 -3.55879431008199
-142.2820470122595 -3.5123695033346776
-144.3431909628582 -4.155649699197321
-146.4043349134568 -1.7725025635004825
-148.46547886405546 -2.8156519968175107
-150.52662281465408 -3.5358924795085196
-152.58776676525272 -4.3518874493441855
-154.64891071585137 -3.435552705147917
-156.71005466645002 -5.414924841499427
-158.77119861704864 -2.3377722114895776
-160.8323425676473 -3.935641418964245
-162.8934865182459 -4.327245190012138
-164.95463046884458 -3.9956069465870097
-167.01577441944323 -2.097706659048399
-169.07691837004185 -4.065509495809195
-171.1380623206405 -3.441241514453383
-173.19920627123915 -4.6049712813787105
-175.2603502218378 -4.134755370165133
-177.32149417243642 -3.4397002993481154
-179.38263812303506 -3.6392233500061457
-181.44378207363368 -1.2967375813305564
-183.50492602423236 -3.889667086457009
-185.56606997483098 -3.2411704617929686
-187.62721392542963 -2.3120604089410923
-189.68835787602825 -2.8718719477185863
-191.7495018266269 -2.8032619700991144
-193.81064577722555 -3.5592477850506397
-195.8717897278242 -2.960583180763364
-197.9329336784228 -2.955924221965428
-199.9940776290215 -2.1880788603234222
-202.05522157962014 -3.754695316492116
-204.11636553021876 -2.328724591419424
-206.17750948081743 -2.330571606988215
-208.23865343141605 -2.705363316949472
-210.2997973820147 1.546550842694781
-212.36094133261332 -2.1560593273897646
-214.422085283212 -0.5299014132155194
-216.48322923381062 -0.26543293480987046
