# BEGINHEADER
# This file contains data from the SALSA 2m radio telescope.
# DATE=2024-03-21T16:06:0006
# GLON and GLAT given in degrees
# GLON=109.81762169275454
# GLAT=-0.08329978811097824
# DATA in two columns below. Col. 1 is velocity relative to LSR [km/s]. Col. 2 is uncalibrated antenna temperature [K].
# ENDHEADER
269.1464041322905 15.936881672147864
267.08526018169187 21.609789225732793
265.0241162310933 16.866402522843583
262.96297228049457 16.383939063469327
260.9018283298959 14.319003951618095
258.8406843792973 4.0343033624963756
256.7795404286986 5.835028517748871
254.7183964781 12.890617568243826
252.65725252750138 13.961412565394452
250.59610857690274 5.100056797217761
248.5349646263041 -15.320497753204357
246.47382067570544 16.150757000133314
244.41267672510682 8.67667261333747
242.35153277450817 11.196407137474145
240.29038882390955 12.403347690744924
238.22924487331088 18.506736816672273
236.16810092271226 13.52546342102363
234.1069569721136 9.43736697207891
232.045813021515 8.362970015305962
229.9846690709163 10.24202509726152
227.9235251203177 7.559001132421259
225.86238116971904 8.405083935506465
223.80123721912042 14.289011347693272
221.74009326852178 15.036541786226207
219.6789493179231 12.69151195817897
217.61780536732448 13.092964842130566
215.55666141672583 11.030984362120938
213.4955174661272 7.806877004725725
211.43437351552856 11.110581971976222
209.37322956492991 12.580716637153767
207.31208561433127 11.945438346384758
205.25094166373265 10.159199403672805
203.189797713134 2.8886015800764375
201.12865376253538 -2.700561071258368
199.0675098119367 1.726627784150845
197.0063658613381 3.0080421731250215
194.94522191073946 9.604093047450462
192.88407796014081 16.60418011607387
190.82293400954217 13.156306372785279
188.76179005894355 11.698312601168793
186.7006461083449 10.119812806933684
184.63950215774628 13.312056160868982
182.5783582071476 18.603875377501648
180.51721425654895 16.734711083404452
178.45607030595033 15.099302900112264
176.39492635535169 17.467371909442793
174.33378240475307 16.228819056223372
172.2726384541544 14.3150509499167
170.21149450355577 13.339862115169106
168.15035055295712 14.718371755754841
166.0892066023585 14.489011785168136
164.02806265175983 9.796461026959248
161.9669187011612 13.880316442213966
159.90577475056256 12.976955475420294
157.84463079996394 14.57717469808557
155.7834868493653 15.603022066606403
153.72234289876664 15.341966859624211
151.661198948168 16.722414852649997
149.60005499756937 16.95364245595031
147.53891104697072 16.754296597031985
145.4777670963721 14.705111558983507
143.41662314577343 14.47084259638755
141.35547919517478 15.567651584363487
139.29433524457616 15.959910847413019
137.2331912939775 19.476171899451952
135.17204734337886 14.790379151564842
133.11090339278022 13.362279977626105
131.0497594421816 18.442252601367148
128.98861549158295 17.02609536059835
126.92747154098431 19.20637650736585
124.86632759038567 17.25657835854321
122.80518363978702 17.14238262011345
120.74403968918838 18.130776160388127
118.68289573858975 16.632812709418708
116.6217517879911 17.098594160773047
114.56060783739247 20.70477428971102
112.49946388679382 19.81742802327007
110.43831993619519 20.690466876711582
108.37717598559654 20.788993923349384
106.3160320349979 21.642020260430197
104.25488808439927 15.389386353375471
102.19374413380062 14.70272226996391
100.13260018320199 18.34826733945472
98.07145623260334 18.593158075571154
96.0103122820047 22.869661027678955
93.94916833140606 19.206277072116087
91.88802438080742 23.720688764590843
89.82688043020879 35.094645867801255
87.76573647961014 35.822979732903796
85.70459252901149 26.693443266598294
83.64344857841284 27.32695714181953
81.58230462781421 24.828860516361537
79.52116067721556 19.699833779235995
77.46001672661693 16.496388232050947
75.3988727760183 20.622357135684293
73.33772882541965 4.890558832308757
71.27658487482101 -0.3644173898542192
69.21544092422236 26.897160469562486
67.15429697362373 19.99478489751658
65.09315302302508 24.800255149079998
63.03200907242645 18.805664743260508
60.970865121827806 16.20749076397087
58.909721171229165 23.161374096600976
56.84857722063052 19.813252442953022
54.78743327003188 22.159774888776262
52.72628931943324 30.60438706942671
50.6651453688346 25.20129716336881
48.60400141823596 24.21602188794525
46.54285746763732 23.56664327510102
44.48171351703868 23.057339147174797
42.420569566440044 20.928432487880965
40.3594256158414 23.08904225037482
38.29828166524276 28.69139681460307
36.23713771464411 24.715160568722965
34.17599376404547 24.29830392877981
32.11484981344684 23.434861278436905
30.053705862848194 21.895724462472792
27.992561912249553 23.72100401642583
25.93141796165091 22.14885621245911
23.87027401105227 28.591597846231075
21.809130060453626 31.73197313572429
19.74798610985499 32.37115634177891
17.686842159256347 33.12177315619369
15.625698208657704 24.92802532758077
13.564554258059065 30.90978863051901
11.503410307460424 19.314051518850167
9.442266356861785 23.984516456405657
7.3811224062631435 49.99997797369269
5.3199784556645024 56.054767566947724
3.2588345050658623 69.58778234906964
1.1976905544672216 83.19582754864467
-0.8634533961314192 95.23829599900213
-2.92459734673006 98.70954128509806
-4.985741297328701 101.64374936642295
-7.046885247927342 109.48074616575856
-9.108029198525983 102.79483303169769
-11.169173149124623 86.02082490636363
-13.230317099723266 77.3710309613089
-15.291461050321907 65.020673247131
-17.352605000920548 56.546999425945685
-19.41374895151919 50.305128048081976
-21.474892902117826 44.95119882431084
-23.536036852716467 46.56684958148675
-25.59718080331511 53.27219217212977
-27.65832475391375 49.46671299703932
-29.719468704512387 52.46834131147791
-31.780612655111028 51.469283036670866
-33.84175660570967 55.9512781083958
-35.90290055630831 55.89205078446745
-37.96404450690695 58.15382671514335
-40.02518845750559 63.49449485277699
-42.086332408104234 68.82233984277653
-44.147476358702875 75.69182676807213
-46.208620309301516 82.56202973132065
-48.26976425990016 84.54850296217582
-50.3309082104988 81.82408151075325
-52.39205216109744 79.93820522918307
-54.45319611169607 85.6930474708346
-56.514340062294714 81.32018290810024
-58.575484012893355 77.10682264315618
-60.636627963492 72.39682543675814
-62.697771914090644 70.22243932993416
-64.75891586468929 66.39921630652668
-66.82005981528792 64.67691116074045
-68.88120376588657 71.39227056926252
-70.94234771648522 73.94482946710146
-73.00349166708385 54.19800478984298
-75.06463561768248 49.60776935618785
-77.12577956828113 43.464382869964474
-79.18692351887977 43.67759219717579
-81.24806746947841 35.64755213216658
-83.30921142007705 33.30642883089109
-85.3703553706757 36.863592435122925
-87.43149932127433 39.906065010005555
-89.49264327187296 40.733048568926336
-91.55378722247161 40.003460571718286
-93.61493117307025 42.65872465707204
-95.6760751236689 44.16116924958464
-97.73721907426753 46.151239695051395
-99.79836302486618 48.942814005475654
-101.85950697546481 55.825059948852704
-103.92065092606344 42.93837081331156
-105.9817948766621 36.255335841111176
-108.04293882726074 35.59232283682996
-110.10408277785939 33.40719861447297
-112.16522672845802 22.786043443176883
-114.22637067905667 22.226532891424906
-116.2875146296553 32.80425448499575
-118.34865858025394 29.729997615607587
-120.40980253085259 25.454241364242023
-122.47094648145122 28.993280433449428
-124.53209043204987 20.630116697597728
-126.5932343826485 9.910390994781226
-128.65437833324717 28.33362262037059
-130.7155222838458 25.0080365604912
-132.77666623444443 30.985387410086286
-134.83781018504305 24.077522014255408
-136.89895413564173 24.913373713825504
-138.96009808624035 23.0313599408013
-141.021242036839 23.468242864731334
-143.08238598743762 17.340987890744643
-145.14352993803627 19.11820725449354
-147.20467388863491 25.802881921206385
-149.26581783923356 24.32504162815251
-151.32696178983218 25.20219920759592
-153.38810574043083 25.246449902080915
-155.44924969102948 24.34043360937839
-157.51039364162813 23.51810310972349
-159.57153759222675 25.481451869159596
-161.6326815428254 27.154784698317567
-163.69382549342401 25.016788310032183
-165.7549694440227 23.546434529520443
-167.81611339462134 23.240196601102777
-169.87725734521996 21.454268890007597
-171.9384012958186 26.67763004972898
-173.99954524641723 14.73915722624795
-176.0606891970159 15.556825331666328
-178.12183314761452 26.643277775655726
-180.18297709821317 22.373580028006995
-182.2441210488118 25.367333840281376
-184.30526499941047 22.403952120479207
-186.3664089500091 22.237872958842754
-188.42755290060774 22.757379500553064
-190.48869685120636 21.75769545954733
-192.549840801805 25.057251647949137
-194.61098475240365 27.509098244926722
-196.6721287030023 20.61037518542519
-198.73327265360095 26.426912108291237
-200.7944166041996 27.803471632520814
-202.85556055479825 28.559490400024544
-204.91670450539686 20.256076987868113
-206.97784845599554 17.259545832369284
-209.03899240659416 25.57582811632202
-211.1001363571928 22.109210587680362
-213.16128030779143 22.87217772707013
-215.22242425839008 20.970021566971333
-217.28356820898873 26.74212993714968
-219.34471215958737 8.64041059742082
-221.405856110186 18.49639539069635
-223.46700006078464 23.660595388517006
-225.5281440113833 23.573946323272178
-227.58928796198194 23.542656072379145
-229.65043191258056 22.679543689874155
-231.7115758631792 23.568781959138782
-233.77271981377783 24.845969687500645
-235.8338637643765 21.60534280290178
-237.89500771497512 16.847967768343157
-239.95615166557377 26.262882232387767
-242.01729561617242 25.657524253080446
-244.07843956677104 25.456603309088173
-246.13958351736972 25.40905340853046
-248.20072746796833 21.418511450203646
-250.26187141856698 19.352494148079366
-252.3230153691656 18.53915577310774
-254.38415931976428 16.503094844196365
-256.4453032703629 21.881926312061093
