# BEGINHEADER
# This file contains data from the SALSA 2m radio telescope.
# DATE=2024-04-06T08:44:0034
# GLON and GLAT given in degrees
# GLON=34.94812276620689
# GLAT=0.23219319730731663
# DATA in two columns below. Col. 1 is velocity relative to LSR [km/s]. Col. 2 is uncalibrated antenna temperature [K].
# ENDHEADER
309.4556296625183 -2.5550790721571883
307.3944857119197 -5.90021582324258
305.33334176132104 -3.7823387815985114
303.2721978107224 -5.684383479900428
301.21105386012374 -5.2725322166762
299.1499099095251 -3.7889572999682493
297.08876595892644 -5.245981912511796
295.0276220083278 -4.522486401019846
292.96647805772915 -4.346556720016839
290.90533410713056 -3.2513759306274315
288.84419015653185 -1.0478224571033723
286.78304620593326 -4.5939950925957085
284.7219022553346 -3.3363347166126625
282.66075830473596 -3.858948712869377
280.5996143541373 -3.630971458592462
278.53847040353867 -3.237442434883869
276.4773264529401 -3.864645948185562
274.4161825023414 -4.084468817129411
272.3550385517427 -3.8191031359127035
270.29389460114413 -2.963580079261624
268.2327506505455 -3.205500860476287
266.1716066999469 -3.6928989447548246
264.1104627493482 -2.5120505916096163
262.0493187987496 -1.815630847381082
259.98817484815095 -1.6517626822980278
257.92703089755224 -4.461248098681365
255.86588694695362 -4.2716449181208445
253.804742996355 -3.4180599416173507
251.74359904575635 -3.5214719765327342
249.6824550951577 -2.0243264809752537
247.62131114455906 -3.9068994479880317
245.56016719396044 -1.696703248731166
243.4990232433618 -4.432508098817979
241.43787929276317 -3.5878924914091557
239.3767353421645 -2.663181762853719
237.31559139156587 -2.2859540651592125
235.25444744096723 -4.479284571638535
233.1933034903686 -1.2506594529562831
231.13215953976996 -1.521510757047023
229.0710155891713 -4.692607943215369
227.00987163857266 -3.462730431225059
224.94872768797404 -4.086637464414201
222.8875837373754 -3.721993701808329
220.82643978677675 -3.076177073819691
218.7652958361781 -4.014273496358151
216.70415188557945 -4.2974678414580625
214.64300793498083 -3.8393391880859573
212.58186398438218 -1.8429700711991195
210.52072003378353 -3.290153190760132
208.45957608318488 -3.800019202593254
206.39843213258627 -3.0706546177649274
204.33728818198762 -3.4032882282328147
202.276144231389 -1.181109038481449
200.21500028079032 -5.18486461644827
198.15385633019167 -3.5315464725513914
196.09271237959302 -4.0720970077388365
194.0315684289944 -3.2303224199692195
191.97042447839576 -3.7630264430076723
189.90928052779714 -5.585860435041582
187.84813657719846 -4.038243813019479
185.7869926265998 -3.848649297411729
183.7258486760012 -4.618066449260301
181.66470472540254 -4.590632368963223
179.6035607748039 -4.048902279363766
177.54241682420525 -4.414026188970335
175.48127287360663 -1.677441113890132
173.42012892300798 -2.9434235907732815
171.35898497240936 -3.779643451032028
169.29784102181068 -2.245408691002352
167.23669707121206 -4.178643773460467
165.17555312061342 -3.573267350250111
163.1144091700148 -5.356411058641591
161.05326521941615 -3.1040972033129175
158.9921212688175 -3.2333906675342745
156.93097731821885 -2.872636932470537
154.86983336762023 -4.722372959314091
152.80868941702158 -3.9610888505109485
150.74754546642296 -3.1997443691698373
148.6864015158243 -4.653869758531154
146.62525756522564 -4.695488230760759
144.56411361462702 -3.872787809970062
142.50296966402837 -4.212294537561186
140.44182571342972 -3.9524402974190074
138.38068176283107 -2.7670363238967925
136.31953781223245 -3.365667017890306
134.2583938616338 -3.585046890469103
132.1972499110352 -2.661252966821015
130.13610596043654 -2.575085919291194
128.0749620098379 -2.8322518819059788
126.01381805923924 -3.3146105836184776
123.9526741086406 -3.380074856121004
121.89153015804196 -5.01727491534017
119.83038620744333 -3.232877248404753
117.76924225684468 -1.2842429357923835
115.70809830624604 -2.062007011034448
113.6469543556474 -2.2255107385770545
111.58581040504876 -1.397400559163402
109.52466645445013 -0.5654340398471007
107.46352250385148 0.9558345912041785
105.40237855325284 2.8793325198415944
103.3412346026542 2.832219427059416
101.28009065205556 3.700146060738446
99.21894670145691 4.795224266605752
97.15780275085828 6.211131032275834
95.09665880025965 7.780025427154538
93.035514849661 8.411755833597717
90.97437089906236 10.007481676763064
88.9132269484637 11.070328086151694
86.85208299786507 10.803682887713052
84.79093904726642 11.25451366364835
82.72979509666779 13.448842746467916
80.66865114606915 14.744832896069973
78.6075071954705 13.706107431922044
76.54636324487187 14.728896790367916
74.48521929427322 11.934662360354947
72.42407534367459 14.156653855979556
70.36293139307594 13.335656208358433
68.3017874424773 11.425413715667183
66.24064349187867 13.877118065146925
64.17949954128002 12.895138093402576
62.11835559068138 16.512304338134836
60.05721164008275 18.961445448318635
57.9960676894841 19.59801997130614
55.93492373888546 20.405128009923178
53.87377978828682 21.09539851851482
51.81263583768818 23.19788378473327
49.751491887089536 23.981366696387074
47.6903479364909 23.78373942188061
45.62920398589226 24.040278748908033
43.56806003529363 27.193418075399645
41.506916084694986 30.856840752361293
39.44577213409634 31.637941994584505
37.384628183497696 34.50620124595736
35.323484232899055 33.87258498553976
33.262340282300414 36.41662556304863
31.201196331701777 36.06815387940435
29.140052381103136 38.534724360782924
27.078908430504494 37.375234282419555
25.017764479905853 36.04479173438585
22.956620529307212 35.327787648691604
20.89547657870857 34.30126455741596
18.834332628109934 31.945799833519075
16.773188677511293 32.74631065546703
14.712044726912652 34.918521917433615
12.650900776314009 38.293826232075475
10.58975682571537 37.345125087944496
8.528612875116726 34.396324763783475
6.467468924518087 32.96103035212225
4.406324973919446 31.537233567260667
2.3451810233208055 30.59825433920749
0.28403707272216466 22.420279506529408
-1.777106877876476 15.323201223075563
-3.8382508284751164 8.523527167676908
-5.8993947790737575 6.494119008019288
-7.960538729672399 4.271907546442938
-10.021682680271038 4.928243510370932
-12.08282663086968 6.160341639654865
-14.14397058146832 5.907108729373909
-16.20511453206696 5.992556404562291
-18.266258482665602 5.450369587480699
-20.327402433264243 7.017489474332834
-22.38854638386288 7.800874939892568
-24.449690334461526 9.28216449665166
-26.510834285060167 7.122908312429482
-28.571978235658804 8.690182119349224
-30.633122186257445 8.683415507823359
-32.694266136856086 9.187907271198155
-34.75541008745473 8.628970353912987
-36.81655403805337 8.875911883284575
-38.87769798865201 7.374592998779875
-40.93884193925065 6.765952738511976
-42.99998588984929 6.004432653134143
-45.06112984044793 6.349930909902248
-47.122273791046574 5.331607253218156
-49.183417741645215 5.640287888015605
-51.244561692243856 6.694073001775308
-53.3057056428425 5.205788693110264
-55.36684959344114 3.6255815363895607
-57.427993544039786 3.193719247949323
-59.48913749463843 0.09694658480878766
-61.55028144523707 -0.7556206661596421
-63.6114253958357 0.7135500853937125
-65.67256934643436 -2.587452347201779
-67.73371329703299 -1.0330550863531307
-69.79485724763164 -2.522782032881378
-71.85600119823027 -3.2457156584682805
-73.91714514882891 -3.4508691664687725
-75.97828909942756 -2.6764534028619744
-78.03943305002619 -4.110043761922416
-80.10057700062484 -4.5596174025767855
-82.16172095122347 -5.630088920781899
-84.2228649018221 -6.607851874784135
-86.28400885242075 -6.5002240563332405
-88.34515280301939 -5.88635225665448
-90.40629675361804 -5.275987807679777
-92.46744070421667 -6.7837659721828105
-94.52858465481532 -7.9679985020297375
-96.58972860541395 -6.546929384341213
-98.65087255601259 -6.531754086882158
-100.71201650661123 -8.982051957783309
-102.77316045720987 -6.7454587116406355
-104.83430440780853 -7.105143488879623
-106.89544835840717 -4.616304004502044
-108.95659230900581 -6.104335029897963
-111.01773625960445 -6.111766493489511
-113.07888021020308 -5.680260271778879
-115.14002416080173 -6.558803723253602
-117.20116811140036 -3.792343065600911
-119.26231206199901 -4.22311546065337
-121.32345601259765 -6.189057249714596
-123.3845999631963 -5.160307564697286
-125.44574391379493 -6.4561112538974275
-127.50688786439356 -6.946643343783788
-129.56803181499222 -5.927108000350147
-131.62917576559087 -5.387413866609124
-133.6903197161895 -6.30725884227689
-135.75146366678814 -6.457556676917634
-137.81260761738676 -3.6352537529480156
-139.8737515679854 -5.5669876377939325
-141.93489551858406 -6.184096101898014
-143.9960394691827 -5.718361115094851
-146.05718341978132 -5.654283537021096
-148.11832737037997 -6.803776759257064
-150.17947132097862 -6.418966242855911
-152.24061527157727 -5.416733047436109
-154.3017592221759 -6.405883518873447
-156.36290317277454 -6.904420862197893
-158.42404712337316 -7.643965406725139
-160.48519107397183 -7.456766609597034
-162.54633502457048 -6.071323778936392
-164.6074789751691 -7.037648721406434
-166.66862292576775 -6.9828996614649235
-168.72976687636637 -7.300650700329038
-170.79091082696505 -6.632879588677304
-172.85205477756367 -6.670873778237627
-174.9131987281623 -5.357766293168998
-176.97434267876093 -4.951528826744709
-179.0354866293596 -7.59518086122084
-181.09663057995823 -4.2302322322460295
-183.15777453055688 -5.068770154184585
-185.2189184811555 -6.028839708942456
-187.28006243175415 -5.6305337581106265
-189.3412063823528 -5.060992501104815
-191.40235033295144 -5.569170866854045
-193.46349428355006 -6.018512459788659
-195.5246382341487 -6.047664214740967
-197.58578218474733 -5.481042497537464
-199.64692613534598 -5.63960041254277
-201.7080700859446 -5.322082567463991
-203.76921403654325 -5.536013845306798
-205.83035798714192 -5.28655593926624
-207.89150193774054 -5.766564623506721
-209.9526458883392 -1.7414999537282319
-212.0137898389378 -4.211452430516833
-214.07493378953646 -4.794307427323063
-216.1360777401351 -5.5564136686203875
