# BEGINHEADER
# This file contains data from the SALSA 2m radio telescope.
# DATE=2024-04-12T07:11:0024
# GLON and GLAT given in degrees
# GLON=47.81089967547588
# GLAT=4.196262436277318
# DATA in two columns below. Col. 1 is velocity relative to LSR [km/s]. Col. 2 is uncalibrated antenna temperature [K].
# ENDHEADER
307.4933871027484 -0.40367023909928573
305.43224315214974 -3.004523741095087
303.37109920155115 -1.2875581602363984
301.30995525095244 0.06566472109216033
299.24881130035385 -1.3359634746710716
297.1876673497552 -1.176999791495438
295.1265233991565 -0.6875224769465769
293.0653794485579 2.400812220979543
291.00423549795926 -0.43466027999639867
288.94309154736067 3.3703387311131885
286.88194759676196 12.524935049417198
284.8208036461633 -0.07899469974544883
282.7596596955647 2.358100253010823
280.6985157449661 -0.5364647258634385
278.6373717943674 0.38987248491516147
276.5762278437688 -0.8431418523057912
274.51508389317013 0.8949996173212007
272.45393994257154 -0.37867093460692924
270.39279599197283 1.4199643579514816
268.33165204137424 1.600965972305595
266.2705080907756 -1.0381184037206614
264.20936414017694 0.3320956684304276
262.1482201895783 -0.8650815081872901
260.08707623897965 4.6705932574431115
258.025932288381 4.399168202966471
255.96478833778238 -2.4361160984626666
253.90364438718373 0.49911535177853794
251.84250043658508 -1.2606454942260672
249.78135648598644 0.8956207448296791
247.72021253538782 -0.09073261400245099
245.65906858478917 -0.20220547820517082
243.59792463419052 -2.4698102785723153
241.53678068359187 -0.33249616395665055
239.47563673299325 -0.7040035632671943
237.4144927823946 -1.4350742288870033
235.35334883179598 -0.5183757824105653
233.2922048811973 -0.4905293828866348
231.2310609305987 2.226645455834367
229.16991698000004 -0.035764836224071915
227.10877302940142 -2.9854765399016623
225.04762907880277 -0.38354204611406567
222.98648512820412 0.39152502859375315
220.92534117760547 -1.138366078299404
218.86419722700685 -0.9774742444590165
216.8030532764082 0.027213181480356542
214.74190932580956 -0.2299454133516198
212.6807653752109 0.7485000342679952
210.61962142461226 -0.5581882910376839
208.55847747401364 -1.137400404662692
206.497333523415 -1.089249303946874
204.43618957281635 -1.8142337004068851
202.3750456222177 0.7723590830434173
200.31390167161908 0.39326162311356033
198.25275772102043 -1.9316866704591373
196.1916137704218 -1.5327218010885333
194.13046981982316 -0.3552512495265983
192.06932586922454 -0.38444848133608694
190.0081819186259 -1.030326571515264
187.94703796802725 -0.2102232924019476
185.8858940174286 0.2548594012330115
183.82475006682998 -0.7455746164368352
181.76360611623133 -0.8098114520787352
179.7024621656327 -1.8570184723773218
177.64131821503403 -0.656229818100845
175.58017426443539 -1.3940568544584202
173.51903031383677 -1.6094363135037073
171.45788636323812 -1.6321025423572093
169.3967424126395 -1.2142364420193814
167.33559846204082 -1.8054305934744925
165.2744545114422 -0.15047515893131092
163.21331056084355 -1.6607320052810408
161.15216661024493 -2.662155899254559
159.09102265964628 -1.0988599683672047
157.02987870904764 -3.1510401980711578
154.968734758449 -3.135885026891707
152.90759080785037 -2.02861457377108
150.84644685725172 -0.3456301439339653
148.78530290665307 -0.6012784746454084
146.72415895605442 -1.001616569286002
144.6630150054558 -2.8193923743025646
142.60187105485716 -1.254506058782154
140.54072710425854 -3.3779823308274546
138.47958315365986 -2.109261619583818
136.4184392030612 -3.160519423700025
134.3572952524626 -2.428593363416594
132.29615130186394 -1.3887224719369586
130.2350073512653 -3.871631717291142
128.17386340066668 -1.7498118256576036
126.11271945006803 -2.7077317487188677
124.0515754994694 -1.1311442437741526
121.99043154887075 -2.4117667273477106
119.9292875982721 -2.8925199962471067
117.86814364767346 -2.857862123198876
115.80699969707482 -2.9808668077186162
113.74585574647618 -3.3439593386100035
111.68471179587753 -3.385902848195175
109.6235678452789 -2.278904865688586
107.56242389468025 -2.234376012304874
105.50127994408162 -1.948755743097193
103.44013599348298 -3.692619276945323
101.37899204288433 -3.5657728061715797
99.3178480922857 -4.327069826631635
97.25670414168705 -2.155659138653046
95.19556019108842 -3.09420170641155
93.13441624048977 -1.6836607256595724
91.07327228989114 -3.5985221352747816
89.0121283392925 -1.8452049767146974
86.95098438869385 -2.1355919761812086
84.88984043809522 -1.964970969178628
82.82869648749657 -1.412496395757824
80.76755253689792 -1.8598234869852217
78.70640858629928 0.11011698928414605
76.64526463570064 -0.03310538380717014
74.58412068510201 1.0322941793274796
72.52297673450336 4.121528131907855
70.46183278390473 6.067174544613206
68.40068883330608 9.154082251376908
66.33954488270744 10.865068604339513
64.27840093210881 15.142529514681884
62.21725698151016 18.333883337664364
60.15611303091152 19.940855116007608
58.09496908031288 23.16763125673922
56.033825129714245 23.131944989386
53.972681179115604 25.283928439369777
51.911537228516956 26.976852791450042
49.850393277918315 24.878437733347525
47.789249327319666 25.98838387691963
45.728105376721025 26.30527642153438
43.66696142612239 26.547911121848383
41.60581747552375 28.17343860175055
39.54467352492511 28.19451448811276
37.48352957432647 32.00648791105588
35.42238562372783 35.09091884196007
33.36124167312918 36.69132184544108
31.300097722530545 40.37436347835302
29.238953771931904 40.335475381529925
27.177809821333263 42.70220165445071
25.11666587073462 45.78073075712924
23.05552192013598 45.41545215217628
20.994377969537343 46.69217607257743
18.9332340189387 46.41654594161302
16.872090068340057 48.81902731583956
14.810946117741418 52.71591618279741
12.749802167142779 53.15573319933183
10.688658216544136 52.88688728705838
8.627514265945496 58.39469054588789
6.566370315346855 54.89142699490088
4.505226364748214 52.27708503142636
2.4440824141495736 60.601709532580514
0.3829384635509327 44.86017654575864
-1.6782054870477079 24.40660319600965
-3.739349437646349 10.277678135845633
-5.800493388244989 5.907149749068734
-7.8616373388436305 3.318836505224179
-9.922781289442272 0.32400325594133883
-11.98392524004091 0.3271113059709959
-14.045069190639554 2.3705430580075824
-16.106213141238193 0.30720427033530256
-18.167357091836834 0.2742439792356309
-20.228501042435475 0.9359479397371778
-22.289644993034116 0.7668957328564096
-24.350788943632757 0.9625803196496793
-26.4119328942314 1.3452183576637926
-28.473076844830036 2.602384211200341
-30.53422079542868 3.244401553960959
-32.59536474602732 5.336749510847801
-34.65650869662596 4.26475797647046
-36.717652647224604 7.673662634647346
-38.77879659782324 6.861391747627015
-40.83994054842188 7.024492228628654
-42.90108449902052 9.552354617891867
-44.96222844961917 7.039956249132953
-47.02337240021781 11.567460640662533
-49.08451635081645 11.06727303498934
-51.145660301415084 11.841067170069438
-53.206804252013725 10.873575866976083
-55.26794820261236 11.531153452190242
-57.329092153211 13.470569505679226
-59.39023610380964 13.053933408936123
-61.45138005440828 11.137521834300056
-63.51252400500693 8.698238290731659
-65.57366795560556 11.7826135776055
-67.6348119062042 9.441033404660894
-69.69595585680284 9.11601996379166
-71.75709980740149 10.301285242025008
-73.81824375800014 9.960632180767004
-75.87938770859877 9.032908810282482
-77.94053165919742 6.968610792755607
-80.00167560979605 3.4844207292607576
-82.0628195603947 2.101148694319724
-84.12396351099333 2.0004212430099586
-86.18510746159198 -0.5739880161883586
-88.24625141219062 -2.526076825384585
-90.30739536278925 -3.26421834151803
-92.3685393133879 -4.397282491457709
-94.42968326398653 -2.658977514090523
-96.49082721458518 -3.8469960890482953
-98.55197116518382 -4.818056834945561
-100.61311511578246 -3.341495105142665
-102.6742590663811 -3.571845669606598
-104.73540301697973 -2.9181767751697825
-106.79654696757838 -4.3682489253477605
-108.85769091817701 -5.4130348352489355
-110.91883486877566 -5.04335294982783
-112.97997881937431 -4.452557228138866
-115.04112276997296 -3.595689789260879
-117.10226672057159 -4.386379001084836
-119.16341067117023 -3.280465770459285
-121.22455462176887 -2.4373079518258134
-123.28569857236751 -4.753608685657701
-125.34684252296616 -2.802586149438794
-127.40798647356479 -4.067933164585326
-129.46913042416344 -3.8595253104402647
-131.53027437476206 -2.9457783612802086
-133.59141832536073 -3.7112229316655387
-135.65256227595935 -4.645482823322253
-137.713706226558 -3.213850021383231
-139.77485017715662 -3.3284611345951087
-141.8359941277553 -4.797390228428743
-143.89713807835392 -4.462285581936834
-145.95828202895257 -3.993338930623944
-148.0194259795512 -3.45103407984062
-150.08056993014984 -3.2275756105093283
-152.14171388074848 -3.3003607759986453
-154.20285783134713 -3.313290778518383
-156.26400178194575 -2.9917147834168194
-158.3251457325444 -4.524212691934392
-160.38628968314302 -4.535776229390235
-162.4474336337417 -4.7569755534674405
-164.50857758434032 -2.907049726262188
-166.56972153493896 -2.1570452196307675
-168.63086548553758 -2.780557113341887
-170.69200943613626 -2.792042394668888
-172.7531533867349 -2.666615468758962
-174.81429733733353 -2.542546286043973
-176.87544128793218 -4.526391270153485
-178.9365852385308 -5.499249452049922
-180.99772918912947 -3.721433818820033
-183.0588731397281 -1.2514519599812168
-185.12001709032674 -1.6613197963767554
-187.18116104092536 -3.9435591926503992
-189.242304991524 -3.849009572194212
-191.30344894212266 -5.4624037585431156
-193.3645928927213 -4.262142022236656
-195.42573684331992 -5.114573611004305
-197.48688079391857 -3.2296053628803096
-199.54802474451722 -2.436959474076201
-201.60916869511587 -2.6242142278468026
-203.67031264571452 -2.4293705088823474
-205.73145659631317 -2.431682795426018
-207.7926005469118 -1.5106449675067215
-209.85374449751043 -0.9296435485923628
-211.9148884481091 8.098270711531892
-213.97603239870773 -2.244076290762891
-216.03717634930638 -0.9218482532358984
-218.098320299905 -2.261697423559068
