# BEGINHEADER
# This file contains data from the SALSA 2m radio telescope.
# DATE=2024-04-09T13:43:0029
# GLON and GLAT given in degrees
# GLON=154.83199295931573
# GLAT=-0.2535095924558053
# DATA in two columns below. Col. 1 is velocity relative to LSR [km/s]. Col. 2 is uncalibrated antenna temperature [K].
# ENDHEADER
240.7854192304182 -1.2456209344450246
238.72427527981952 -2.0769460567857863
236.6631313292209 -2.500269900329942
234.60198737862225 -4.115449286817371
232.54084342802363 -3.3564513037479635
230.479699477425 -3.5211527401615372
228.41855552682634 -3.851196961224462
226.3574115762277 -4.498743737774545
224.29626762562907 -4.055291110818692
222.23512367503042 -4.930387202134103
220.1739797244318 -1.535991886696678
218.11283577383313 -2.592732581226743
216.0516918232345 -3.8504651675346753
213.99054787263586 -3.4301886113165434
211.92940392203724 -3.510090232584614
209.86825997143856 -4.24847672949307
207.8071160208399 -3.5992071106897674
205.7459720702413 -4.149308843834713
203.68482811964265 -3.6435642402402495
201.62368416904403 -3.4661645976069257
199.56254021844535 -3.3766579965037016
197.5013962678467 -3.2358699497628347
195.44025231724805 -5.033670577020085
193.37910836664943 -2.8266901069993398
191.31796441605078 -1.1529731885427075
189.25682046545217 -2.438828181776481
187.1956765148535 -3.9897575870404194
185.13453256425487 -2.999133060336871
183.07338861365622 -2.40389401178452
181.0122446630576 -3.796261296580878
178.95110071245895 -4.537584154968974
176.8899567618603 -3.305770557058013
174.82881281126166 -2.604755189462273
172.76766886066304 -1.9914935485614051
170.7065249100644 -3.8742037853198186
168.6453809594657 -0.33356272262559544
166.5842370088671 -3.5359964581220806
164.52309305826844 -1.506136319113212
162.46194910766982 -1.6236414712947065
160.40080515707118 -4.369812364612176
158.33966120647253 -3.3264758506275567
156.27851725587388 -3.1531920261192266
154.21737330527526 -2.808924736588018
152.1562293546766 -2.912585844945069
150.095085404078 -4.84492935576531
148.03394145347931 -2.364257485019714
145.9727975028807 -3.5719082699477114
143.91165355228205 -3.169148191116188
141.85050960168343 -3.039537605050106
139.78936565108478 -5.147315867881522
137.72822170048613 -4.163249213738484
135.66707774988748 -2.5435207591217543
133.60593379928886 -3.5613199662739055
131.54478984869021 -3.3089114157861275
129.48364589809157 -4.1362457631193585
127.42250194749292 -3.9481204492612645
125.36135799689428 -4.374471803713915
123.30021404629565 -3.263812112488127
121.239070095697 -1.1256466071691635
119.17792614509837 -2.946892215320658
117.11678219449972 -2.6853873467858365
115.05563824390109 -2.6160994868068568
112.99449429330244 -2.1823172217288613
110.93335034270379 -2.3577309537718287
108.87220639210516 -2.358878339171361
106.81106244150651 -1.100723809690268
104.74991849090787 -3.2071301350254515
102.68877454030923 -3.505881978965663
100.62763058971059 -2.370277573406066
98.56648663911196 -2.7326968213196494
96.50534268851331 -1.720846064009694
94.44419873791468 -2.831976737068774
92.38305478731603 -3.744094981185637
90.3219108367174 -1.898180719882343
88.26076688611874 -3.3246000337459485
86.19962293552011 -1.667256537748079
84.13847898492148 -2.024288822135027
82.07733503432283 -3.6932371283450074
80.0161910837242 -3.246213721942824
77.95504713312555 -5.400120622539099
75.89390318252691 -1.8127552532698277
73.83275923192826 -1.0713365900035332
71.77161528132962 -3.0686735640070744
69.71047133073098 -1.7557828417179926
67.64932738013233 -0.5061213511949958
65.5881834295337 -1.9977285365172373
63.52703947893506 -1.7657445127328675
61.46589552833642 -0.9881346967899741
59.40475157773778 -1.3602113236762836
57.343607627139136 -0.895136385052128
55.282463676540495 -1.4896623733352308
53.221319725941854 -0.3079548653774899
51.16017577534321 -1.7273887916243305
49.09903182474458 -1.6418806862488584
47.03788787414594 -1.516120124654166
44.9767439235473 -1.869376954345694
42.915599972948655 -2.0926831771804917
40.854456022350014 -2.518343959461369
38.79331207175137 -0.21570233923778426
36.73216812115273 -0.9161451129134923
34.67102417055409 -1.2500745119791052
32.60988021995545 -1.9899277715468728
30.548736269356812 -1.8523359591554607
28.48759231875817 -0.3328923765340946
26.42644836815953 -0.4138359123998707
24.36530441756089 -1.8850766744235865
22.304160466962248 -1.7163940892515517
20.243016516363607 -0.052172527740514126
18.181872565764962 0.7412463506497811
16.120728615166325 1.3538185346447051
14.059584664567684 3.326478502819444
11.998440713969043 5.242327758722143
9.937296763370403 8.911343313018474
7.876152812771762 16.391784780454795
5.815008862173121 28.219714776448303
3.75386491157448 42.64286702199074
1.6927209609758394 50.32502037442622
-0.3684229896228015 61.761190301624545
-2.4295669402214424 68.50129368720789
-4.4907108908200835 76.03794831205303
-6.551854841418724 78.95929576144009
-8.612998792017365 73.95255029998872
-10.674142742616004 66.76492506413975
-12.735286693214647 64.41671701129295
-14.796430643813288 64.56162573198975
-16.85757459441193 65.07078907068401
-18.91871854501057 67.65855534391835
-20.97986249560921 68.32934577597037
-23.041006446207852 64.525408966055
-25.10215039680649 72.43086028880792
-27.163294347405127 80.05149762277371
-29.224438298003772 84.56835527348406
-31.285582248602413 89.97990567621152
-33.34672619920106 90.5261192202732
-35.4078701497997 84.08132638084906
-37.46901410039833 79.94754140608923
-39.530158050996974 71.95826689721424
-41.591302001595615 60.938387671359344
-43.652445952194256 53.90034715400653
-45.7135899027929 47.002339301464524
-47.77473385339154 44.898350935303945
-49.83587780399018 40.40754323051401
-51.89702175458882 32.46292357128098
-53.95816570518747 24.932582257636746
-56.01930965578611 17.38007143798387
-58.08045360638475 15.112527864006895
-60.14159755698339 13.982813022306175
-62.202741507582026 11.784648019306973
-64.26388545818067 9.070736976604508
-66.32502940877932 7.930021967472167
-68.38617335937795 5.578676877896931
-70.44731730997658 5.469538476690214
-72.50846126057523 1.8059454270838753
-74.56960521117387 2.367971514211855
-76.63074916177251 2.483743041574811
-78.69189311237115 0.6409866773693479
-80.7530370629698 0.835224221133924
-82.81418101356844 -1.1994386830888129
-84.87532496416708 -0.7588511840356361
-86.93646891476573 -1.0409295215157197
-88.99761286536436 -2.7207837620501567
-91.05875681596301 -0.18020068037542974
-93.11990076656164 -2.2372801553487154
-95.18104471716028 -2.3376137014265983
-97.24218866775892 -3.048673383286531
-99.30333261835756 -2.6850981581397004
-101.3644765689562 -1.6188940590518919
-103.42562051955484 -1.3682780014060676
-105.48676447015349 -1.79938981593915
-107.54790842075212 -3.3801349188942806
-109.60905237135076 -2.6967639396938012
-111.6701963219494 -2.779418454670155
-113.73134027254804 -2.482161727240032
-115.79248422314669 -3.1928498380983696
-117.85362817374532 -3.3857048179889238
-119.91477212434398 -3.3357006645410436
-121.97591607494262 -3.174674516428968
-124.03706002554125 -3.016905716853368
-126.0982039761399 -1.6743389944683813
-128.15934792673852 -4.566504255862982
-130.22049187733717 -3.3295515271673426
-132.28163582793582 -3.9117446344717006
-134.34277977853446 -4.555743032255323
-136.40392372913308 -3.108729714212711
-138.46506767973173 -4.422555988917781
-140.52621163033038 -1.8876786068941545
-142.58735558092903 -4.827181499392621
-144.64849953152768 -4.143212226880526
-146.7096434821263 -3.1452123389849405
-148.77078743272494 -3.9688138361414826
-150.83193138332356 -2.5208844486510644
-152.89307533392224 -5.003463710938136
-154.95421928452086 -4.864685852454207
-157.0153632351195 -4.710306612202936
-159.07650718571813 -2.982349409031353
-161.1376511363168 -4.434425903268519
-163.19879508691542 -3.951593343090712
-165.25993903751407 -4.623098190433275
-167.3210829881127 -4.388136537583667
-169.38222693871134 -3.8428330272332487
-171.44337088931 -6.258641025767824
-173.50451483990864 -4.707540333798814
-175.56565879050726 -3.2118436696196295
-177.6268027411059 -2.3872550308196665
-179.68794669170455 -4.758197987968836
-181.7490906423032 -5.165489461405979
-183.81023459290185 -4.050306608055646
-185.87137854350047 -4.684562731867581
-187.93252249409912 -3.2764832222970024
-189.99366644469777 -3.205436844963066
-192.0548103952964 -3.426099388235779
-194.11595434589503 -4.287957469978062
-196.17709829649368 -3.969464400453699
-198.2382422470923 -5.299513165115788
-200.29938619769095 -4.854402161176393
-202.36053014828957 -4.775767989289284
-204.42167409888822 -2.288132521042104
-206.48281804948684 -3.6437415247072935
-208.54396200008551 -2.584022407175688
-210.60510595068413 -2.8871687765267566
-212.66624990128278 -4.712799480841931
-214.7273938518814 -4.358256012720058
-216.78853780248008 -3.1791997830257186
-218.84968175307873 -3.0175204577226533
-220.91082570367735 -4.808713388782914
-222.971969654276 -3.3136725645806795
-225.03311360487461 -3.574286829757279
-227.0942575554733 -3.758088309047017
-229.1554015060719 -3.3066382099038454
-231.21654545667056 -3.6979026926161103
-233.27768940726918 -3.164330993884017
-235.33883335786783 -3.1176537725322353
-237.39997730846648 -3.184887049116433
-239.46112125906512 -2.4659289294784243
-241.52226520966374 -3.6444004031627824
-243.5834091602624 -3.2068880312616006
-245.64455311086104 -3.8579254087785535
-247.7056970614597 -3.3860793402149105
-249.7668410120583 -1.9410092437109896
-251.82798496265696 -1.6401151121328315
-253.88912891325558 -2.008060543164803
-255.95027286385425 -2.1052523996532986
-258.0114168144529 -3.014734306776565
-260.07256076505155 -3.7706327644561046
-262.13370471565014 -2.888960017826992
-264.1948486662488 -1.8808440412937057
-266.25599261684744 -1.1379997651413716
-268.3171365674461 -3.0961649355764402
-270.37828051804473 -4.068452239660928
-272.4394244686434 -3.615647940778271
-274.500568419242 -2.1970841703609683
-276.5617123698407 -1.7187746490282148
-278.62285632043927 -2.740870480005962
-280.6840002710379 -5.0679859416990265
-282.74514422163656 -2.712078735965653
-284.8062881722352 -3.187423849461489
