# BEGINHEADER
# This file contains data from the SALSA 2m radio telescope.
# DATE=2024-03-21T16:01:0021
# GLON and GLAT given in degrees
# GLON=104.84103052260907
# GLAT=-0.04211365986397443
# DATA in two columns below. Col. 1 is velocity relative to LSR [km/s]. Col. 2 is uncalibrated antenna temperature [K].
# ENDHEADER
272.9583568499081 14.837946405174883
270.89721289930947 23.43636160478518
268.8360689487109 19.905586522808406
266.7749249981122 18.438029238430172
264.7137810475136 16.126954526249012
262.65263709691493 9.287090156545682
260.5914931463163 11.059571725184396
258.5303491957177 15.636141520904266
256.469205245119 17.902373741738423
254.40806129452037 6.208158690622304
252.34691734392175 -9.287136049033622
250.2857733933231 18.625918481466655
248.22462944272445 12.068657370831534
246.1634854921258 15.157814132743026
244.10234154152715 14.804663211687373
242.04119759092853 21.825469624461377
239.98005364032988 15.550336094198094
237.91890968973127 13.438095614978906
235.8577657391326 9.77660606581803
233.79662178853397 13.263628781646512
231.73547783793532 10.68495047966962
229.6743338873367 12.520753056968426
227.61318993673802 17.376725754700892
225.5520459861394 17.495601164629186
223.49090203554076 15.630941869368373
221.42975808494214 12.916121538387538
219.3686141343435 14.616355959613902
217.30747018374484 10.389674219315442
215.2463262331462 12.138586568902909
213.18518228254757 12.636267413788964
211.12403833194892 17.01998474359491
209.06289438135028 11.85262665966482
207.00175043075163 4.274790504594034
204.94060648015298 -1.840398106750377
202.87946252955436 1.4877412669375027
200.8183185789557 7.001954135945712
198.75717462835706 11.58805562993756
196.69603067775844 17.78038671555722
194.63488672715982 17.036514724452577
192.57374277656118 15.300960670727337
190.51259882596253 13.964897103660567
188.45145487536388 14.403690307034376
186.39031092476526 17.851397525916948
184.3291669741666 18.158784126435485
182.268023023568 18.558222289249134
180.20687907296931 18.908484210808574
178.1457351223707 17.87766732599113
176.08459117177205 17.40831391617582
174.02344722117343 15.673604649327665
171.96230327057475 17.214365381043127
169.9011593199761 15.891868960552763
167.84001536937748 13.166595659132987
165.77887141877883 17.817861749779958
163.71772746818021 18.90683398669085
161.65658351758154 17.78285979520278
159.59543956698292 16.8816829888316
157.53429561638427 18.1931408029713
155.47315166578565 21.49264704124252
153.412007715187 18.645784248348626
151.35086376458835 18.602450914297954
149.2897198139897 18.756521109959557
147.2285758633911 16.639126352050948
145.16743191279244 18.868218248524972
143.1062879621938 19.869685584321907
141.04514401159514 20.50306479165334
138.98400006099652 16.638766487408336
136.92285611039787 16.25551367005403
134.86171215979925 19.472823043419606
132.80056820920058 18.38796545420669
130.73942425860193 18.804095599792824
128.6782803080033 19.524844241212524
126.61713635740468 22.2068537460253
124.55599240680603 20.0489324203513
122.4948484562074 20.896202537143818
120.43370450560874 20.265180942012
118.37256055501011 22.89121692048786
116.31141660441146 21.57714985175794
114.25027265381281 22.111292882303253
112.18912870321418 22.366346502093332
110.12798475261553 23.07803477991599
108.0668408020169 17.913141430301533
106.00569685141825 17.962485583738495
103.94455290081962 20.30231666432323
101.88340895022097 20.524670609606968
99.82226499962233 22.603940046472225
97.76112104902369 22.537993596427498
95.69997709842504 24.34862680245857
93.6388331478264 27.241446545615375
91.57768919722777 31.464316749959437
89.51654524662912 24.76868571119324
87.45540129603049 27.885780049602882
85.39425734543184 21.999677680793162
83.3331133948332 23.476655879587838
81.27196944423456 18.731479993821285
79.21082549363592 22.40263948597687
77.14968154303729 6.977643874676109
75.08853759243863 2.2624484333148507
73.02739364183999 29.571298188340023
70.96624969124134 22.141021976376077
68.90510574064271 27.344610569480217
66.84396179004406 22.61989218977858
64.78281783944543 18.456012691447288
62.72167388884679 25.598670110807628
60.660529938248146 20.48159119071822
58.59938598764951 23.843739500562545
56.53824203705087 34.33125491999156
54.47709808645223 29.658087775771065
52.41595413585359 25.581878102130727
50.35481018525495 24.754799420354722
48.293666234656314 24.570793020844295
46.232522284057666 25.131713099116485
44.171378333459025 26.497798896036812
42.11023438286039 29.883886039622347
40.04909043226175 28.200077469964977
37.98794648166311 24.878110604267494
35.92680253106447 25.303548453114395
33.865658580465826 24.801960111822424
31.804514629867185 25.387750424581853
29.743370679268544 23.839754656257316
27.682226728669903 29.430337480811048
25.621082778071262 35.62091318624205
23.55993882747262 32.50403270748503
21.498794876873976 33.11408654370967
19.43765092627534 24.753916863615043
17.376506975676698 30.133862840399
15.315363025078055 20.51926407921466
13.254219074479415 22.93459482276851
11.193075123880776 40.00505200387757
9.131931173282133 40.226045958974574
7.070787222683492 48.04269552963333
5.009643272084853 59.21105323819371
2.948499321486212 78.65011416111783
0.8873553708875711 91.27349074147455
-1.1737885797110696 103.09908908032716
-3.234932530309711 113.2540646329666
-5.296076480908352 99.77532089926702
-7.357220431506993 87.72260161028872
-9.418364382105633 76.14287331216141
-11.479508332704274 70.3382701298692
-13.540652283302915 64.12091151504629
-15.601796233901556 60.88958524979513
-17.662940184500197 59.097150426490465
-19.72408413509884 66.44781409420781
-21.785228085697476 71.25048673870982
-23.846372036296117 62.86761181027498
-25.907515986894758 62.201130775302346
-27.9686599374934 62.181273213859626
-30.02980388809204 62.998294642737044
-32.09094783869068 57.1029441508097
-34.15209178928932 56.26453342758298
-36.21323573988796 62.91375416554328
-38.274379690486604 60.125332197666516
-40.335523641085246 62.13444700576605
-42.39666759168388 65.37690095374933
-44.45781154228252 70.48229362739347
-46.51895549288116 68.04243691893254
-48.5800994434798 70.91562211493577
-50.64124339407846 81.45814813936413
-52.70238734467709 79.72142991915025
-54.76353129527573 81.32391549318162
-56.824675245874374 80.67567985489045
-58.885819196473015 82.45538081878904
-60.946963147071656 82.67782653100328
-63.0081070976703 76.68357663168435
-65.06925104826894 78.93936781200927
-67.13039499886757 90.82379986569984
-69.19153894946622 70.08351842805128
-71.25268290006485 59.35664109294269
-73.31382685066349 53.06227253458693
-75.37497080126214 53.49735191705398
-77.43611475186077 41.86035831715611
-79.49725870245943 38.09999404382232
-81.55840265305807 41.77920623117124
-83.61954660365672 41.33169509898554
-85.68069055425535 43.752471131804796
-87.74183450485398 41.03687548275016
-89.80297845545263 42.39791886353706
-91.86412240605127 42.51877549192734
-93.92526635664991 47.66186075119603
-95.98641030724855 50.97119773991251
-98.0475542578472 59.361803293029354
-100.10869820844582 49.03544441887518
-102.16984215904446 42.859348231204855
-104.2309861096431 39.84540307593807
-106.29213006024173 40.42195992826683
-108.35327401084038 29.88432980604095
-110.41441796143901 27.325599186380238
-112.47556191203766 38.11654446764275
-114.5367058626363 35.325298641545466
-116.59784981323494 31.005489437221833
-118.65899376383359 33.79183220689806
-120.72013771443223 25.079517824600817
-122.78128166503087 14.916433556986956
-124.84242561562951 32.536941538979086
-126.90356956622816 29.21704394157873
-128.96471351682678 34.651154650387056
-131.02585746742542 27.018760594376133
-133.08700141802407 27.912862595719222
-135.1481453686227 26.4369427327468
-137.20928931922134 29.21417309592278
-139.27043326982002 19.985562495773713
-141.33157722041864 22.34786015374837
-143.39272117101729 30.404997344943705
-145.4538651216159 28.120231552263636
-147.51500907221458 27.328516724583586
-149.5761530228132 30.093228148473802
-151.63729697341185 28.10390590874054
-153.69844092401047 27.15049469141694
-155.75958487460912 29.308977495683283
-157.82072882520777 29.140910551718367
-159.8818727758064 27.83438428989336
-161.94301672640503 24.40944384098797
-164.00416067700368 29.305697327863133
-166.0653046276023 24.886729135979394
-168.12644857820098 28.422923173339985
-170.1875925287996 18.188357701566282
-172.24873647939825 17.104121021662735
-174.30988042999687 29.957809650914193
-176.37102438059551 24.076833967174608
-178.4321683311942 27.26336124376614
-180.4933122817928 26.42529072205796
-182.55445623239146 25.88896506611402
-184.61560018299008 26.62917752692415
-186.67674413358876 25.796866120521198
-188.73788808418738 26.206307545863393
-190.79903203478602 30.116507849819747
-192.86017598538464 24.933926593417816
-194.9213199359833 27.1169157231063
-196.98246388658194 32.395495184947926
-199.04360783718062 32.05800605045332
-201.10475178777924 23.883195466629974
-203.16589573837788 19.53026204516036
-205.2270396889765 28.277145072276955
-207.28818363957515 26.509671124425804
-209.3493275901738 26.529184790053964
-211.41047154077245 26.494706422213575
-213.4716154913711 30.582603687994236
-215.53275944196972 11.75584078753129
-217.59390339256836 23.716927947773318
-219.655047343167 28.729097298127336
-221.71619129376566 29.90035642292109
-223.77733524436428 28.842488754798374
-225.83847919496293 24.956134693003744
-227.89962314556158 27.31140628814164
-229.96076709616023 27.3386284347046
-232.02191104675885 21.203898897693612
-234.0830549973575 18.689074121711048
-236.1441989479561 29.161500468556877
-238.2053428985548 30.957497202867597
-240.2664868491534 25.773515783283656
-242.32763079975206 28.988891089486806
-244.38877475035068 26.36170647058135
-246.44991870094933 25.453245843181527
-248.51106265154797 20.794205782891733
-250.57220660214662 19.40555263542745
-252.63335055274527 26.056527832846058
