# BEGINHEADER
# This file contains data from the SALSA 2m radio telescope.
# DATE=2024-03-28T15:06:0055
# GLON and GLAT given in degrees
# GLON=219.791161501787
# GLAT=-0.2814272835770258
# DATA in two columns below. Col. 1 is velocity relative to LSR [km/s]. Col. 2 is uncalibrated antenna temperature [K].
# ENDHEADER
221.45336224472706 14.956457939989853
219.39221829412844 30.26258120001056
217.3310743435298 26.20795301378894
215.26993039293117 24.90128325241468
213.20878644233252 23.39323639927629
211.14764249173388 16.51361055390136
209.08649854113523 21.366444458772555
207.0253545905366 23.52276250827721
204.96421063993796 25.141857859243714
202.90306668933928 17.142910555362572
200.84192273874066 -1.4713246870708592
198.78077878814202 25.13752429085603
196.7196348375434 21.206498353505467
194.65849088694475 22.346969280265483
192.5973469363461 21.55069969294159
190.53620298574745 27.07211950908268
188.47505903514883 24.19296774042248
186.41391508455018 22.575738856508
184.35277113395156 17.050452040970242
182.2916271833529 21.604513389340976
180.23048323275427 17.864996795219394
178.16933928215562 19.103426160614806
176.108195331557 23.812474258104235
174.04705138095832 23.857357907706653
171.9859074303597 21.95688108417084
169.92476347976105 18.772248241115815
167.86361952916243 22.446114865505205
165.8024755785638 19.14396525381711
163.7413316279651 20.978388637396378
161.6801876773665 24.843092108029712
159.61904372676784 25.85167525675811
157.55789977616922 23.076724374959767
155.49675582557057 20.5318444457014
153.43561187497193 22.028792693319392
151.37446792437328 21.153171084274003
149.31332397377466 19.527793678650532
147.252180023176 22.16368666402473
145.1910360725774 24.62241109230432
143.1298921219787 23.51154781919675
141.0687481713801 20.533523167243917
139.00760422078145 19.802102875704342
136.94646027018283 21.584754761715345
134.88531631958415 24.192689219358652
132.82417236898553 23.927919433514983
130.76302841838688 23.558212991271823
128.70188446778826 23.557082924941565
126.6407405171896 22.921890328933415
124.57959656659096 21.69689833379639
122.51845261599232 21.41082627893255
120.45730866539368 22.719241141835457
118.39616471479505 20.553950952422795
116.3350207641964 19.29180396559109
114.27387681359777 21.188245648388527
112.21273286299912 19.654418367139147
110.15158891240048 23.43264137837749
108.09044496180182 21.117893586171082
106.02930101120319 23.00987238577665
103.96815706060455 24.567307130259334
101.9070131100059 24.108287762590727
99.84586915940727 26.649605330949562
97.78472520880861 22.745244059732233
95.72358125820998 21.603358187113866
93.66243730761134 21.390098132884248
91.6012933570127 22.52506376008382
89.54014940641406 25.356864667413966
87.47900545581541 24.531255698264935
85.41786150521678 23.892934805720007
83.35671755461814 24.769566547120487
81.2955736040195 24.818814073387955
79.23442965342086 26.922761221319785
77.17328570282221 25.272599392978417
75.11214175222358 25.42570531660069
73.05099780162493 26.363290022570627
70.98985385102628 28.978084875191584
68.92870990042765 32.357288554448964
66.867565949829 33.86962182325278
64.80642199923037 36.84570258621995
62.74527804863173 39.52096744234504
60.684134098033084 44.83633786763503
58.62299014743444 46.34424236661364
56.5618461968358 45.946662714478386
54.50070224623716 47.77197687851502
52.43955829563852 46.58940341872673
50.37841434503988 45.779133779520336
48.317270394441245 46.32154114231045
46.256126443842604 43.38304939832426
44.19498249324396 41.69501512074498
42.133838542645314 48.93799362179288
40.07269459204667 49.25329720408922
38.01155064144803 43.71359642685813
35.95040669084939 45.52622656403643
33.88926274025076 44.330392235066014
31.828118789652116 44.95624484244306
29.766974839053475 43.32266759837337
27.70583088845483 43.749606628470566
25.64468693785619 35.29806748363178
23.58354298725755 33.294749683287115
21.522399036658914 49.71173146399664
19.461255086060273 45.253111400469336
17.40011113546163 52.61232802884574
15.33896718486299 45.02336249145841
13.27782323426435 37.90125346370027
11.216679283665709 48.23428304839317
9.155535333067066 40.648753198296404
7.094391382468426 38.725511096567466
5.0332474318697855 44.091325663664904
2.972103481271144 40.87068029175721
0.9109595306725038 39.36153802141209
-1.150184419926137 37.78712680594183
-3.211328370524778 34.28833004204051
-5.272472321123419 30.233690883139683
-7.33361627172206 29.86468907517035
-9.3947602223207 35.70826862739976
-11.455904172919341 32.11169555312814
-13.51704812351798 30.687077124063737
-15.578192074116622 31.098632540957766
-17.639336024715263 30.512144444031488
-19.7004799753139 30.01430842073857
-21.761623925912545 29.891172676153015
-23.822767876511186 34.61695754137183
-25.883911827109827 35.071062428603476
-27.94505577770847 34.399360540107004
-30.00619972830711 33.85447943010448
-32.06734367890575 30.230731026925707
-34.128487629504384 30.248835481856297
-36.18963158010303 24.162288002327415
-38.250775530701674 26.2616322043213
-40.311919481300315 32.48292035210354
-42.373063431898956 31.048137831677696
-44.4342073824976 30.399459080776545
-46.49535133309624 29.412692628765008
-48.55649528369487 34.43843184222013
-50.61763923429351 33.184616468118925
-52.678783184892154 36.63643293090938
-54.7399271354908 38.937064344271604
-56.80107108608944 33.950469801206424
-58.862215036688085 32.45507102928238
-60.923358987286726 31.221387871331252
-62.98450293788536 32.097024670692406
-65.045646888484 33.18819830366216
-67.10679083908265 32.0085040399799
-69.16793478968128 31.62329212739651
-71.22907874027992 33.76886340493636
-73.29022269087857 37.80166041550714
-75.3513666414772 32.750270433880495
-77.41251059207585 31.444578592083158
-79.47365454267448 33.218849873218716
-81.53479849327313 34.657382054971514
-83.59594244387178 33.15144661032643
-85.65708639447041 33.83967149368942
-87.71823034506906 36.77390265160102
-89.7793742956677 31.061704210558243
-91.84051824626634 33.71567828687755
-93.90166219686498 32.26343500382166
-95.96280614746362 33.029100344223615
-98.02395009806226 32.045949103498735
-100.08509404866089 28.37349705497932
-102.14623799925953 32.36151304408089
-104.20738194985816 34.52766257993577
-106.26852590045681 33.217795545081536
-108.32966985105544 32.46566109566227
-110.39081380165409 33.233697504837764
-112.45195775225272 33.75492423918497
-114.51310170285137 33.254101388498846
-116.57424565345 36.31125534858349
-118.63538960404864 44.2412007083263
-120.69653355464729 33.20140814644581
-122.75767750524592 32.94925424414412
-124.81882145584458 32.18531744673272
-126.87996540644322 34.62312383319478
-128.94110935704185 32.03279238085598
-131.0022533076405 31.98188138817042
-133.06339725823912 33.47727093640452
-135.12454120883777 33.27435372570241
-137.18568515943642 34.804105928959615
-139.24682911003507 34.54614135819744
-141.30797306063369 33.97774352255369
-143.36911701123233 33.91566940462387
-145.43026096183098 32.580397034000185
-147.49140491242963 36.732093071389656
-149.55254886302828 38.131839738700066
-151.6136928136269 33.44203830787865
-153.67483676422555 31.582279728688054
-155.7359807148242 31.85601138497406
-157.79712466542284 31.756804122076492
-159.85826861602146 30.92089820498305
-161.9194125666201 30.88290619764788
-163.98055651721873 33.52646289418693
-166.0417004678174 33.44664330029739
-168.10284441841603 31.075446270565525
-170.16398836901467 32.103340131779944
-172.2251323196133 30.086610762617934
-174.28627627021194 24.362453780006366
-176.3474202208106 31.696502231971603
-178.40856417140924 30.42740250301479
-180.46970812200786 35.22117681429762
-182.5308520726065 31.803588323220463
-184.59199602320518 34.16206425240179
-186.6531399738038 31.11475921358051
-188.71428392440245 31.258375685508216
-190.77542787500107 26.918742432188086
-192.83657182559972 30.003536543295287
-194.89771577619837 31.799221504231145
-196.95885972679702 32.50591199887075
-199.02000367739564 32.09120007381057
-201.08114762799428 32.423410528466036
-203.1422915785929 32.242250678035255
-205.20343552919158 31.221259410646084
-207.2645794797902 33.84303386616188
-209.32572343038885 34.55204639440137
-211.38686738098747 31.908051823459605
-213.44801133158612 30.59395478464351
-215.50915528218476 31.19921707976307
-217.5702992327834 28.93189095609416
-219.63144318338203 30.831449412919824
-221.69258713398068 27.48596301113249
-223.75373108457936 28.595437657938085
-225.81487503517798 32.015905306218535
-227.87601898577662 32.19104418020646
-229.93716293637524 31.614411787095985
-231.9983068869739 30.445548570267174
-234.05945083757254 29.409037612442894
-236.1205947881712 29.493105918276736
-238.1817387387698 28.737033536950385
-240.24288268936846 29.514418671263947
-242.30402663996708 32.764153666269976
-244.36517059056575 29.981096298387783
-246.42631454116437 29.403190587075798
-248.48745849176302 32.837891476865195
-250.54860244236164 33.96209558080875
-252.60974639296032 29.801495466549955
-254.67089034355894 29.11703641892399
-256.7320342941576 29.719819075707015
-258.79317824475623 30.49195885241024
-260.8543221953549 28.637612403098505
-262.91546614595353 30.832819596020084
-264.9766100965521 32.282113010320245
-267.03775404715077 22.064409855070565
-269.0988979977495 28.491419499053634
-271.16004194834807 30.46413550862986
-273.2211858989467 30.69849751181974
-275.2823298495453 31.972282881902252
-277.343473800144 28.18470527563027
-279.40461775074266 29.35954955622584
-281.46576170134125 29.640432866084907
-283.5269056519399 26.916220784713843
-285.58804960253855 25.541452363225716
-287.6491935531372 27.809192708349222
-289.71033750373584 33.59773814716991
-291.77148145433443 29.991463032502317
-293.83262540493314 31.694902162955955
-295.8937693555318 29.17157212920386
-297.9549133061304 28.28150484741556
-300.0160572567291 26.43472037096633
-302.0772012073277 24.37233614120904
-304.1383451579263 31.033689646642802
