# BEGINHEADER
# This file contains data from the SALSA 2m radio telescope.
# DATE=2024-03-28T14:52:0052
# GLON and GLAT given in degrees
# GLON=199.7968603241449
# GLAT=-0.2746711491369693
# DATA in two columns below. Col. 1 is velocity relative to LSR [km/s]. Col. 2 is uncalibrated antenna temperature [K].
# ENDHEADER
220.82028876384717 15.746797332705915
218.75914481324855 29.61606585082521
216.69800086264988 24.593523591577608
214.63685691205126 24.518385511213523
212.5757129614526 20.892152247710055
210.514569010854 15.885595999079083
208.4534250602553 18.60092097007527
206.39228110965666 20.110279585433606
204.33113715905804 21.28617871959912
202.2699932084594 12.904096580917713
200.20884925786078 -0.7837142295960409
198.14770530726213 22.200559422874445
196.0865613566635 15.82245138271639
194.02541740606486 18.93941678868561
191.96427345546624 18.228054333407513
189.90312950486756 22.06569014762118
187.84198555426894 19.847909999444337
185.7808416036703 18.16179678823703
183.71969765307168 15.853309561298154
181.658553702473 17.375294812699405
179.59740975187438 16.901436930007435
177.53626580127573 17.524766870890964
175.4751218506771 21.973209490754275
173.41397790007846 21.466239751000465
171.35283394947982 20.325962779435056
169.29168999888117 17.74589082656098
167.23054604828252 17.920554193906096
165.1694020976839 17.534952993159767
163.10825814708525 19.153109483184537
161.0471141964866 22.197394404810577
158.98597024588796 24.488552118975047
156.92482629528934 22.005981895840875
154.8636823446907 18.771991486015377
152.80253839409204 19.491125945676032
150.7413944434934 19.13078266678739
148.68025049289477 18.55062443200489
146.61910654229612 20.835945812935687
144.5579625916975 23.691643452331224
142.49681864109883 20.88224172845961
140.4356746905002 18.024962326490698
138.37453073990156 19.20252758647154
136.31338678930294 20.982050935827875
134.2522428387043 20.890227247472318
132.1910988881056 20.399128067563648
130.129954937507 21.25357999314592
128.06881098690835 21.890098073110693
126.00766703630971 20.0750781216922
123.94652308571108 20.350516425421866
121.88537913511244 21.066206336025854
119.8242351845138 19.511074518901566
117.76309123391516 19.801423189253327
115.70194728331651 16.475584796005254
113.64080333271788 19.849186411011882
111.57965938211922 21.393218854921535
109.51851543152058 19.282571421298577
107.45737148092195 19.09586269725392
105.3962275303233 19.48427717953783
103.33508357972467 20.884131405743464
101.27393962912602 22.34795577068156
99.21279567852739 21.98529812000453
97.15165172792874 23.348082347174326
95.0905077773301 20.5849542288601
93.02936382673147 20.59255724486244
90.96821987613282 23.393275938263734
88.90707592553419 21.82023033159356
86.84593197493554 20.848904293659423
84.7847880243369 18.894192127277616
82.72364407373826 23.343758742441125
80.66250012313962 20.40172933661425
78.60135617254099 20.99279889706548
76.54021222194234 23.651999200479384
74.4790682713437 24.38513540865825
72.41792432074504 22.64146157824313
70.35678037014641 21.137006912217377
68.29563641954776 22.722367590860834
66.23449246894913 27.465469314874806
64.1733485183505 25.006320771468243
62.112204567751846 25.337094699842535
60.05106061715321 24.497666712435564
57.98991666655457 25.002251789851062
55.92877271595593 24.128938838922036
53.86762876535729 22.361825650737067
51.80648481475865 23.85375360355727
49.745340864160006 25.82221835684239
47.684196913561365 26.14993025830614
45.62305296296273 26.012277526770195
43.56190901236408 29.809030441292617
41.50076506176544 47.660612156104584
39.4396211111668 48.11256511656284
37.37847716056816 39.2259717916458
35.31733320996952 37.07066519720071
33.256189259370885 40.23558326464516
31.19504530877224 41.45370329257309
29.1339013581736 42.59814593859236
27.072757407574958 45.045537608256765
25.011613456976317 38.189564432440854
22.950469506377676 40.99199803008248
20.889325555779035 56.11591229362805
18.82818160518039 51.759291111903
16.767037654581753 55.404788772635115
14.705893703983111 47.257954362514276
12.64474975338447 45.13793936696483
10.58360580278583 56.52175841393519
8.522461852187188 53.095580695577645
6.461317901588548 52.179058527147745
4.400173950989908 61.67281478774934
2.339030000391267 53.684896009431526
0.2778860497926262 45.69971879038393
-1.7832579008060145 42.13934817896913
-3.844401851404655 36.95843832002491
-5.905545802003296 35.58733052624424
-7.966689752601938 32.35034467021721
-10.027833703200578 36.76663724394119
-12.088977653799219 32.84636714916122
-14.15012160439786 29.96343370913264
-16.2112655549965 30.110753888720577
-18.272409505595142 30.55027442991256
-20.333553456193783 28.717422059672646
-22.394697406792424 27.63358310437718
-24.455841357391062 35.26531575918992
-26.5169853079897 37.292061959126436
-28.578129258588344 34.81278162736202
-30.639273209186985 34.98489926301993
-32.70041715978562 30.085526300682126
-34.76156111038427 29.092908014061756
-36.822705060982905 24.885371644478486
-38.883849011581546 25.22401324858659
-40.94499296218019 31.64100056003576
-43.00613691277883 29.879535844226254
-45.06728086337747 29.488729084832727
-47.12842481397611 30.25963092901399
-49.18956876457475 32.68740383037301
-51.250712715173385 31.46532969813178
-53.311856665772034 34.54784023130462
-55.373000616370675 36.13597763878699
-57.434144566969316 35.80949085081217
-59.49528851756796 32.06537366989769
-61.5564324681666 28.223209272496696
-63.61757641876523 30.91853415203364
-65.67872036936387 30.97812391027897
-67.73986431996252 31.198587846942345
-69.80100827056116 30.64954833318474
-71.86215222115979 33.55412552267114
-73.92329617175844 34.60884952700751
-75.98444012235707 29.87847992353174
-78.04558407295572 31.358924577692697
-80.10672802355435 31.60081182790028
-82.16787197415302 32.68142880132274
-84.22901592475165 33.34582194938977
-86.29015987535028 34.45070308404345
-88.35130382594893 33.063505828235236
-90.41244777654757 33.11415683593462
-92.47359172714621 31.75238475459059
-94.53473567774485 32.348823882168496
-96.5958796283435 31.71488307872917
-98.65702357894213 28.59484318378472
-100.71816752954076 28.97701400704591
-102.77931148013941 31.363338400233715
-104.84045543073805 30.850529135850756
-106.9015993813367 30.937060400098233
-108.96274333193533 33.513669445678694
-111.02388728253398 32.595366666672874
-113.08503123313261 32.96153509569586
-115.14617518373124 31.244568787588236
-117.2073191343299 33.56651405206315
-119.26846308492853 45.29963907786429
-121.32960703552719 32.386225402372446
-123.39075098612582 32.54628294139243
-125.45189493672447 31.132084782569972
-127.5130388873231 29.683299395266655
-129.57418283792174 30.01537467432306
-131.6353267885204 29.57646541669477
-133.696470739119 32.672526850964694
-135.75761468971766 33.47926890007802
-137.8187586403163 35.93708500314198
-139.87990259091495 30.70912705047206
-141.9410465415136 31.86378921647618
-144.00219049211222 31.15335718897557
-146.06333444271087 33.91435805601105
-148.12447839330952 35.806536875839434
-150.18562234390816 37.62023295490691
-152.24676629450678 33.953198439172034
-154.30791024510543 29.759662229574737
-156.36905419570405 31.278188021607612
-158.43019814630273 32.10836901985491
-160.49134209690135 29.21069618505601
-162.5524860475 26.92773081892741
-164.61362999809862 33.288773303948126
-166.6747739486973 32.40926615325339
-168.7359178992959 31.00182274263462
-170.79706184989456 30.904148153643085
-172.85820580049318 28.401713236154446
-174.91934975109183 22.11812166566252
-176.98049370169048 30.79412481061044
-179.04163765228913 30.64269273316847
-181.10278160288777 35.05626146855217
-183.1639255534864 32.358072011632935
-185.22506950408504 30.580235209603096
-187.2862134546837 31.580543692366973
-189.34735740528234 29.623417838191475
-191.40850135588096 27.78764894559614
-193.4696453064796 27.349417129576015
-195.53078925707823 31.810321352206692
-197.5919332076769 31.945428092886065
-199.65307715827555 31.34994754186364
-201.7142211088742 31.441777950227586
-203.77536505947282 30.33094435685705
-205.83650901007147 30.132073883884257
-207.89765296067011 31.56907279893703
-209.95879691126876 33.178687770350784
-212.01994086186738 30.46074219992493
-214.08108481246603 30.240411683728507
-216.14222876306468 28.95731831436878
-218.20337271366333 29.21341790326099
-220.26451666426198 29.910972592320604
-222.3256606148606 26.733722098921767
-224.38680456545924 26.575877059692147
-226.44794851605786 32.008821351814085
-228.50909246665654 30.112455293157897
-230.57023641725516 29.906041083238964
-232.6313803678538 28.47897768391181
-234.69252431845243 27.93710449563516
-236.75366826905108 30.190388729542757
-238.81481221964972 28.16073731858249
-240.87595617024837 30.02474438896818
-242.937100120847 32.5444294914291
-244.99824407144564 29.276435697168026
-247.0593880220443 29.865488468002305
-249.12053197264294 33.620597888533446
-251.18167592324156 32.72797521413152
-253.2428198738402 27.99539852290928
-255.30396382443885 26.003555848017655
-257.36510777503753 31.033137237583848
-259.4262517256361 30.253003609932414
-261.48739567623477 27.56652756317974
-263.5485396268334 28.38684630711059
-265.60968357743207 30.202684411457636
-267.67082752803066 19.88808344259283
-269.73197147862936 26.858833753354045
-271.793115429228 28.61289691487853
-273.8542593798266 32.20328041999756
-275.91540333042525 30.394905087170656
-277.9765472810239 27.329597893004955
-280.03769123162255 28.40643592315681
-282.0988351822212 30.666364958863593
-284.1599791328198 27.14335221567959
-286.2211230834185 25.748912062619162
-288.2822670340171 31.33244894879356
-290.34341098461573 32.459878551624975
-292.40455493521443 30.73665011821889
-294.465698885813 29.49220005255563
-296.5268428364117 27.16795611160829
-298.58798678701027 26.32217028930276
-300.64913073760897 25.62363553969423
-302.7102746882076 23.58556703465264
-304.7714186388062 29.65150296667927
