# BEGINHEADER
# This file contains data from the SALSA 2m radio telescope.
# DATE=2024-04-09T13:05:0038
# GLON and GLAT given in degrees
# GLON=94.82353813000778
# GLAT=-0.028688228932528204
# DATA in two columns below. Col. 1 is velocity relative to LSR [km/s]. Col. 2 is uncalibrated antenna temperature [K].
# ENDHEADER
285.11827991703444 -2.2779805373851865
283.0571359664358 -3.820820077302315
280.9959920158371 -4.321262329063025
278.9348480652385 -3.18777866252526
276.87370411463985 -3.082240155619653
274.81256016404126 -3.944931922405741
272.75141621344255 -2.88059108619798
270.6902722628439 -3.583014986525211
268.6291283122453 -4.893958195647511
266.56798436164667 -2.9592909583545817
264.506840411048 1.848434894696574
262.44569646044937 -3.644162343641636
260.3845525098507 -2.65250142241475
258.32340855925213 -5.04483880397922
256.2622646086534 -6.277262489349984
254.2011206580548 -5.603636584696438
252.13997670745619 -5.290291587116529
250.07883275685754 -4.776554053350387
248.01768880625892 -3.3924790481840774
245.95654485566024 -4.2647482747277365
243.8954009050616 -4.4208151892903285
241.83425695446297 -3.8708639210572713
239.77311300386432 -5.1477832817399785
237.7119690532657 -0.6817816894905686
235.65082510266703 -1.7305371997942756
233.5896811520684 -4.550485538454387
231.52853720146976 -2.5814739558496065
229.46739325087114 -5.418750429984788
227.40624930027246 -4.726626568760467
225.34510534967384 -6.0429368283537075
223.2839613990752 -2.4398644146749184
221.22281744847658 -5.112870890342884
219.16167349787793 -4.858351553779025
217.10052954727928 -2.971514884088085
215.03938559668063 -4.721113172900307
212.978241646082 -4.4349168723734005
210.91709769548336 -4.656392943498432
208.85595374488474 -3.8654960160484766
206.79480979428607 -4.556195072352182
204.73366584368742 -4.671871990163221
202.6725218930888 -3.8566870627047622
200.61137794249015 -3.527355194949092
198.5502339918915 -3.086879544476611
196.48909004129283 -2.4723358483554736
194.4279460906942 -2.915128693159551
192.36680214009556 -3.270607389626484
190.30565818949694 -2.714008395960476
188.2445142388983 -2.634835416602537
186.18337028829964 -4.2924644688582925
184.122226337701 -4.2085425813923285
182.06108238710237 -3.6244002815001752
179.99993843650373 -2.292842604128921
177.9387944859051 -2.4535262372691022
175.87765053530643 -4.389292730710115
173.8165065847078 -2.9435894830279534
171.75536263410916 -4.097052321892625
169.69421868351054 -2.252662785183772
167.6330747329119 -1.1084331028855765
165.57193078231322 -3.047476782571334
163.5107868317146 -2.7585410591021415
161.44964288111595 -3.275375182485098
159.38849893051733 -2.483332391676218
157.32735497991865 -3.275054493166346
155.26621102932003 -3.371218419329865
153.20506707872138 -3.7628970105025994
151.14392312812276 -1.2633674419988892
149.08277917752412 -4.731846677444021
147.02163522692547 -3.480005857313673
144.96049127632682 -3.727891562782798
142.8993473257282 -3.3855973674783852
140.83820337512955 -1.8684607662770094
138.77705942453093 -2.2393886266044873
136.71591547393226 -2.045368664132221
134.65477152333364 -3.282422789052314
132.593627572735 -2.725661089824574
130.53248362213634 -2.852077480663007
128.4713396715377 -2.714604995002757
126.41019572093907 -2.699502615116963
124.34905177034042 -4.318681510558652
122.28790781974179 -4.0421443089973605
120.22676386914314 -1.7424838561463332
118.16561991854451 -3.91402855623193
116.10447596794586 -3.1064879422746534
114.04333201734723 -3.5104776711391237
111.98218806674859 -2.4997828387037324
109.92104411614993 -1.9315293083661544
107.8599001655513 -4.653431093133221
105.79875621495265 -3.578382651967968
103.73761226435401 -4.288834270937171
101.67646831375536 -3.2896570409496597
99.61532436315673 -3.6844920229229494
97.5541804125581 -4.8810886927234245
95.49303646195946 -2.3533883815258685
93.43189251136081 -2.7455117383814507
91.37074856076218 -4.637355085435461
89.30960461016355 -2.798272634446754
87.2484606595649 -2.2535016359324636
85.18731670896626 -3.8112916005959447
83.12617275836762 -2.8659908580131255
81.06502880776898 -2.5484850405999246
79.00388485717035 -3.7257383401518918
76.9427409065717 -4.15467368932294
74.88159695597307 -3.7067234803981473
72.8204530053744 -2.013999579287561
70.75930905477577 -3.0594931230690623
68.69816510417712 -2.5629030290467405
66.63702115357849 -0.8176936713222507
64.57587720297985 -0.435833658148498
62.514733252381205 -3.8274920564357506
60.453589301782564 -2.25866324014046
58.39244535118392 -1.6372762723093979
56.33130140058529 -0.0907773534452908
54.27015744998665 -2.025230915249722
52.20901349938801 -3.228970031494177
50.147869548789366 -2.868821065370027
48.08672559819072 -2.2130878113027044
46.025581647592084 -2.1684259780876776
43.96443769699344 -4.069536557802939
41.903293746394795 -1.0935358933494443
39.84214979579615 -1.9653069271947599
37.78100584519751 -0.9446161977883855
35.71986189459887 -1.8748233587194025
33.65871794400024 -4.310038323521968
31.597573993401593 -2.9730463039858575
29.536430042802955 -2.462816012655237
27.47528609220431 -4.471843570864333
25.41414214160567 -2.5698914992273125
23.352998191007032 -1.4203350907777816
21.29185424040839 -1.9835038025589267
19.230710289809746 0.4670948304645645
17.169566339211105 0.022724605419607812
15.108422388612466 3.5887434450223727
13.047278438013826 7.512463994376899
10.986134487415185 16.354523584983117
8.924990536816544 30.839520931271664
6.863846586217904 51.08592778404621
4.802702635619264 70.74555008048385
2.7415586850206224 79.32384966960282
0.6804147344219815 84.9676633846758
-1.3807292161766593 86.5004008049697
-3.4418731667752995 85.30973616609988
-5.50301711737394 81.57454307452183
-7.564161067972582 77.81255157066732
-9.625305018571222 74.77470909843247
-11.686448969169865 70.99640147821017
-13.747592919768504 64.6291625125118
-15.808736870367145 57.85755431217501
-17.869880820965786 52.97236394350219
-19.931024771564427 43.84037934577964
-21.99216872216307 38.23687193841035
-24.05331267276171 35.77868265917665
-26.114456623360347 33.54526205044645
-28.175600573958988 33.62145172708473
-30.236744524557633 36.731834537867016
-32.29788847515627 40.68959918853063
-34.35903242575492 44.387080274431526
-36.42017637635355 47.56596927156278
-38.48132032695219 50.597894470356444
-40.542464277550835 52.38931139475284
-42.603608228149476 51.52940542202256
-44.66475217874812 48.976182985740834
-46.72589612934676 49.595162769311344
-48.7870400799454 48.20110150968781
-50.84818403054403 48.250425882487136
-52.90932798114267 49.170260897516
-54.970471931741315 47.50658949942889
-57.031615882339956 47.80795253336555
-59.0927598329386 44.93981830571499
-61.15390378353724 45.2241258378344
-63.21504773413588 45.18171889073725
-65.27619168473453 47.440768047515526
-67.33733563533316 49.21587498677167
-69.3984795859318 44.925684330036496
-71.45962353653044 42.70330182674918
-73.52076748712908 39.00774785521418
-75.58191143772771 35.384701359669016
-77.64305538832636 35.64297118996311
-79.704199338925 32.196069575027
-81.76534328952364 29.930090714156094
-83.82648724012229 28.01245860842708
-85.88763119072094 24.192183531562296
-87.94877514131957 22.54450809466134
-90.0099190919182 23.218519979814076
-92.07106304251685 24.14094734726909
-94.13220699311549 25.344534678164933
-96.19335094371414 23.752131758227225
-98.25449489431277 21.398557886642624
-100.31563884491142 19.14404856579713
-102.37678279551007 14.203995741584164
-104.4379267461087 12.032690126781517
-106.49907069670735 9.078937986910587
-108.56021464730598 6.186898345111864
-110.62135859790462 2.9026502606519142
-112.68250254850327 2.5924503506503087
-114.7436464991019 1.3351684422241872
-116.80479044970055 0.027701204783594696
-118.86593440029918 0.08467566962911609
-120.92707835089784 -0.5794219933097197
-122.98822230149648 -2.002125851945917
-125.04936625209511 -2.7624048895720907
-127.11051020269376 -4.529965270584782
-129.1716541532924 -5.0886516860826125
-131.232798103891 -3.506132847384624
-133.2939420544897 -2.1074573955666764
-135.3550860050883 -3.626576634718132
-137.41622995568696 -3.1676020950565658
-139.47737390628558 -5.875203606721932
-141.53851785688423 -6.232133014503084
-143.5996618074829 -4.284349601701605
-145.66080575808152 -5.29493266816328
-147.72194970868017 -5.166090448977488
-149.7830936592788 -3.9239647276037024
-151.84423760987744 -4.3238452456591805
-153.9053815604761 -5.302708029030531
-155.96652551107474 -5.027064484991406
-158.02766946167336 -5.955370896519215
-160.088813412272 -4.800255875329277
-162.14995736287065 -6.712873313787468
-164.2111013134693 -4.08035265279482
-166.27224526406792 -3.8400338106074607
-168.33338921466657 -5.569056387517606
-170.3945331652652 -4.9188577721487725
-172.45567711586386 -4.150061874508998
-174.51682106646248 -2.6150976569758964
-176.57796501706113 -4.975800344164401
-178.63910896765975 -4.351272763489936
-180.7002529182584 -4.595706338676497
-182.76139686885708 -5.4137812702213886
-184.8225408194557 -3.8446223837344187
-186.88368477005434 -5.84427951145688
-188.94482872065296 -4.1210464134585685
-191.0059726712516 -3.653677373527547
-193.06711662185026 -2.8798676915940495
-195.1282605724489 -3.623743519761348
-197.18940452304753 -4.719514354261938
-199.25054847364618 -4.466946371557242
-201.3116924242448 -4.578359418079352
-203.37283637484344 -4.689463020836278
-205.43398032544206 -1.609026862376858
-207.4951242760407 -3.0886482847088335
-209.55626822663936 -4.416497191065396
-211.617412177238 -4.052261914846343
-213.67855612783663 -4.23476911044341
-215.73970007843528 -3.510378577750476
-217.80084402903395 -2.4282572082505895
-219.86198797963257 -2.462224806728519
-221.92313193023122 -5.465430772346462
-223.98427588082984 -3.3703173072231465
-226.0454198314285 -4.6581813695063605
-228.10656378202714 -2.2423141112100593
-230.1677077326258 -2.9484537779429125
-232.2288516832244 -3.5059451855001167
-234.28999563382305 -2.0050584176710866
-236.35113958442167 -2.900608485403229
-238.41228353502035 -4.296650376849575
-240.47342748561897 -4.025013966646456
