# BEGINHEADER
# This file contains data from the SALSA 2m radio telescope.
# DATE=2024-04-09T13:27:0044
# GLON and GLAT given in degrees
# GLON=134.86984142253675
# GLAT=-0.18409338219470722
# DATA in two columns below. Col. 1 is velocity relative to LSR [km/s]. Col. 2 is uncalibrated antenna temperature [K].
# ENDHEADER
254.93503283373437 -2.971160187395074
252.87388888313572 -4.827353617123799
250.81274493253707 -4.103517837836701
248.75160098193842 -6.1757891896818125
246.6904570313398 -2.1860983929142495
244.62931308074116 -4.586217756475356
242.5681691301425 -4.430193911198252
240.50702517954386 -3.4117587104900697
238.4458812289452 -3.911859824510496
236.3847372783466 -3.119590722423156
234.32359332774794 -0.8930831692379089
232.2624493771493 -4.574979313684767
230.20130542655065 -3.9267455351236333
228.14016147595203 -4.035067622912639
226.07901752535338 -5.182123060497444
224.01787357475476 -4.486853074848703
221.95672962415608 -3.6928082050823843
219.89558567355746 -1.8976952682133121
217.83444172295881 -3.4789934722326423
215.7732977723602 -3.821434758179194
213.71215382176155 -4.261276859048415
211.6510098711629 -4.060886481066571
209.58986592056425 -4.2369128416310335
207.52872196996563 -3.1109650623602163
205.46757801936698 -1.4354856018440323
203.4064340687683 -4.019536949871937
201.3452901181697 -3.799302555571277
199.28414616757104 -3.1822786467786544
197.22300221697242 -2.5474479909407504
195.16185826637377 -3.8040031593020953
193.10071431577512 -4.146768057719118
191.03957036517647 -2.437893166066981
188.97842641457785 -2.904522865534688
186.9172824639792 -3.714739760382556
184.85613851338059 -3.369312999079815
182.7949945627819 -3.0195778936921482
180.7338506121833 -3.725372366362023
178.67270666158464 -2.0864106287658526
176.61156271098602 -2.5141574911946902
174.55041876038734 -2.376182407361906
172.48927480978872 -4.289514496464781
170.42813085919008 -4.938654957658292
168.36698690859146 -3.416423324602767
166.3058429579928 -1.8448950625413916
164.24469900739413 -1.4822706207555436
162.1835550567955 -4.383198680942864
160.12241110619686 -4.003719263848667
158.06126715559824 -4.079691001837892
156.0001232049996 -3.476632052702403
153.93897925440095 -4.8193280817562245
151.8778353038023 -0.6170846174776367
149.81669135320368 -2.7325235126291427
147.75554740260503 -2.7006373165297344
145.6944034520064 -0.5203179620185397
143.63325950140774 -3.1922021213245744
141.57211555080912 -1.5613347733904734
139.51097160021047 -2.4325215670656952
137.44982764961185 -2.896405756457231
135.38868369901317 -1.304900448612831
133.32753974841455 -2.946549203896586
131.2663957978159 -2.4069236511316388
129.20525184721728 -2.290697642375691
127.14410789661862 -2.845487070387276
125.08296394601999 -0.7533566924911346
123.02181999542134 -3.570029014181954
120.9606760448227 -3.4357937818043416
118.89953209422406 -1.8631865466344688
116.83838814362542 -4.511084057997104
114.77724419302679 -2.284051106341111
112.71610024242814 -3.344549712548629
110.6549562918295 -2.5639434390356675
108.59381234123084 -1.9934459809313836
106.53266839063221 -3.129892354610705
104.47152444003356 -1.7121331941042526
102.41038048943493 -0.23824255364331248
100.3492365388363 -2.3182538516169413
98.28809258823765 -1.4712385347379364
96.22694863763901 -1.4889309971694111
94.16580468704036 -2.959554867706634
92.10466073644173 -3.122239295933663
90.0435167858431 -2.324703593772747
87.98237283524445 -2.561926708077829
85.92122888464581 -2.876648561271322
83.86008493404717 -1.7103853931018116
81.79894098344853 -2.125446234725304
79.73779703284988 -0.9474527307373055
77.67665308225125 -0.231461851509959
75.61550913165262 -2.3892071505469303
73.55436518105397 -1.7114614632910214
71.49322123045533 -2.359377802438985
69.43207727985667 -2.3765103560129384
67.37093332925804 -2.332012787051872
65.3097893786594 -3.6037312214555746
63.24864542806076 -2.057639693522434
61.18750147746212 -2.889650598020913
59.12635752686347 -2.0964300968208796
57.06521357626483 -2.6997360644164665
55.0040696256662 -2.9238268122823987
52.942925675067556 -3.5001419383857675
50.881781724468915 -4.159865706214807
48.820637773870274 -3.013600256609949
46.75949382327163 -3.9168951645785084
44.69834987267299 -3.9038000316172172
42.63720592207435 -2.1707480319667463
40.57606197147571 -2.472302653805394
38.51491802087707 -2.293459726099347
36.45377407027843 0.10347793356068996
34.39263011967979 -0.7858828692496168
32.331486169081145 -0.7907117512416065
30.270342218482508 0.31532781841351376
28.209198267883867 -0.7991721814365861
26.148054317285222 -0.5870490606370334
24.086910366686585 0.5674055376461817
22.025766416087944 -0.8540058744820791
19.964622465489303 -0.5689561584316855
17.903478514890665 -1.2577450548310878
15.842334564292022 0.3510746636444077
13.78119061369338 0.645877030802299
11.72004666309474 4.351263401763603
9.658902712496097 5.674775215663579
7.597758761897458 12.858145622337176
5.536614811298816 22.946184293488166
3.475470860700175 36.451644977762506
1.4143269101015346 50.93290221451886
-0.646817040497106 63.90024164741264
-2.707960991095747 65.09178213543733
-4.769104941694388 63.88392543173569
-6.830248892293028 61.40031412022468
-8.891392842891667 55.44075071914193
-10.95253679349031 56.36550971613341
-13.01368074408895 51.83458894719621
-15.07482469468759 46.281171707269635
-17.13596864528623 41.213743385567234
-19.19711259588487 39.36573488229476
-21.258256546483516 40.15031122718455
-23.319400497082157 35.96665743443121
-25.380544447680794 34.68760870825601
-27.441688398279435 35.30219229798413
-29.502832348878076 37.64792927791981
-31.563976299476717 44.90620936841927
-33.625120250075355 51.148595085531184
-35.686264200673996 54.540863313218225
-37.747408151272644 59.733737226123296
-39.808552101871285 63.85533634805904
-41.86969605246992 67.86033221442939
-43.93084000306856 69.76411720741706
-45.9919839536672 67.86895196714099
-48.05312790426584 65.9793348955502
-50.114271854864484 69.75243089697796
-52.175415805463125 65.80666133261465
-54.236559756061766 62.19553592517627
-56.29770370666041 59.43656524584923
-58.35884765725905 53.64703878967116
-60.41999160785769 48.604989129996554
-62.48113555845633 40.93791450684592
-64.54227950905496 32.75623232705006
-66.60342345965361 29.453841743647214
-68.66456741025225 26.19985084978136
-70.7257113608509 23.870412767812105
-72.78685531144953 21.896010537938075
-74.84799926204818 20.696073300286518
-76.90914321264681 21.482896602850943
-78.97028716324544 17.82837146780878
-81.03143111384409 15.713353281692434
-83.09257506444273 14.650726664149515
-85.15371901504139 11.019820826923796
-87.21486296564002 11.474836411953985
-89.27600691623866 10.676854703411859
-91.3371508668373 9.827233579720145
-93.39829481743594 10.20478934207502
-95.45943876803459 8.093701093782895
-97.52058271863322 8.278703790145407
-99.58172666923187 6.827317643023769
-101.6428706198305 6.753902828712382
-103.70401457042914 3.700493615094335
-105.76515852102779 0.4434424386202566
-107.82630247162642 -0.9261151231626996
-109.88744642222507 -1.5390641767793551
-111.9485903728237 -2.730397596945189
-114.00973432342235 -2.893743268902397
-116.07087827402098 -1.0639495125279819
-118.13202222461962 -3.343940302293738
-120.19316617521827 -4.973030669842175
-122.2543101258169 -5.32556527652972
-124.31545407641556 -5.236027011509251
-126.3765980270142 -2.75518689155214
-128.43774197761283 -3.9919161908705783
-130.49888592821148 -3.870741478619288
-132.5600298788101 -2.970767684346912
-134.62117382940875 -4.24972398823012
-136.6823177800074 -4.844961727561235
-138.74346173060604 -3.4706608566913153
-140.80460568120466 -4.418236122819053
-142.8657496318033 -4.067112410109619
-144.92689358240196 -5.518467428165265
-146.9880375330006 -5.127718227548203
-149.04918148359926 -6.131019357519917
-151.11032543419788 -4.22186670393465
-153.17146938479652 -3.266324942142325
-155.23261333539517 -2.6497462219964194
-157.29375728599382 -4.155015634755612
-159.35490123659244 -5.463321342152079
-161.4160451871911 -2.8597893189086925
-163.4771891377897 -5.576889085680541
-165.53833308838838 -5.380803142818943
-167.599477038987 -4.220407444972762
-169.66062098958565 -4.938954511045151
-171.72176494018427 -5.058036447136508
-173.78290889078292 -3.3511281266462896
-175.84405284138157 -4.907193387425857
-177.90519679198022 -4.51558904160619
-179.96634074257884 -5.175846525705458
-182.02748469317748 -5.4665801184231535
-184.08862864377616 -2.105154886690203
-186.14977259437478 -4.540387778501948
-188.21091654497343 -6.615679763262092
-190.27206049557205 -5.246672030020049
-192.3332044461707 -4.502629995036986
-194.39434839676935 -3.9934262100965094
-196.455492347368 -5.5585393200423425
-198.5166362979666 -3.6739361420073013
-200.57778024856526 -4.764609511807977
-202.63892419916388 -4.256950542810937
-204.70006814976256 -3.477018254798397
-206.76121210036118 -5.206051320033341
-208.82235605095983 -3.6838416369414357
-210.88350000155845 -2.520846489012226
-212.94464395215712 -2.3472964944188957
-215.00578790275574 -4.680158200689166
-217.0669318533544 -3.287603066757256
-219.128075803953 -3.462348611103478
-221.18921975455166 -3.819617537957171
-223.25036370515033 -3.4418036279923485
-225.31150765574895 -3.9149532254031456
-227.3726516063476 -3.2718579272083543
-229.43379555694622 -4.32464131848847
-231.49493950754487 -4.251360042362277
-233.55608345814352 -4.626358101105221
-235.61722740874217 -3.577096208469517
-237.6783713593408 -2.774173833157204
-239.73951530993943 -4.813548536496327
-241.80065926053805 -3.844984349092679
-243.86180321113673 -4.421064618150527
-245.92294716173535 -4.640918601524732
-247.984091112334 -3.5404364743051904
-250.04523506293262 -4.185651608996857
-252.1063790135313 -3.9954777713118
-254.16752296412992 -4.398335670914673
-256.22866691472854 -2.6443982610570185
-258.2898108653272 -2.5279247605435486
-260.35095481592583 -4.924360552453034
-262.4120987665245 -3.5329393185544635
-264.4732427171231 -3.852995978340026
-266.5343866677218 -4.695659380262908
-268.5955306183204 -4.390956869966837
-270.6566745689191 -4.601873072440596
