# BEGINHEADER
# This file contains data from the SALSA 2m radio telescope.
# DATE=2024-04-05T10:42:0047
# GLON and GLAT given in degrees
# GLON=64.90606665774736
# GLAT=0.12618436404465308
# DATA in two columns below. Col. 1 is velocity relative to LSR [km/s]. Col. 2 is uncalibrated antenna temperature [K].
# ENDHEADER
301.682456520839 0.2784726641763349
299.62131257024043 1.5692668125660438
297.56016861964173 -0.8998203213177345
295.4990246690431 -1.2023295329154915
293.4378807184445 1.1302604773907843
291.37673676784584 -0.7947246279880179
289.3155928172472 0.5225627579628757
287.25444886664854 0.09993045770851412
285.1933049160499 0.15217297065873778
283.1321609654513 0.6029506527066534
281.0710170148526 1.0351508078827276
279.009873064254 -1.3333462061245558
276.94872911365536 0.39510247534360454
274.88758516305666 0.36649620543015626
272.82644121245806 0.5768018664704713
270.7652972618594 -0.16381641297350052
268.7041533112608 -0.1163917197738687
266.6430093606621 0.4960926177507471
264.5818654100635 -0.2571377254829765
262.5207214594649 2.210693043718752
260.45957750886623 1.5187171160792476
258.3984335582676 0.6973396546671893
256.33728960766894 0.9021053372442822
254.27614565707032 0.8259319647110084
252.21500170647164 -0.11568176121862817
250.15385775587302 1.747050029681374
248.09271380527437 -0.7724761526533951
246.03156985467575 1.0507623278109668
243.97042590407708 0.22595334536678816
241.90928195347843 -0.9163654438131345
239.8481380028798 1.9298365344703963
237.78699405228116 1.0532858780397047
235.72585010168254 1.647089791273794
233.66470615108386 -0.06073624280919332
231.60356220048524 -0.9402100571964744
229.5424182498866 0.6210312145290264
227.48127429928797 0.3714744193722445
225.42013034868933 2.8231094709345492
223.35898639809068 1.4140942636403924
221.29784244749203 2.4969125427273027
219.2366984968934 0.20015895162162498
217.17555454629476 1.4731668064745749
215.1144105956961 0.1201850715545553
213.05326664509747 0.3712970076802082
210.99212269449885 1.3725854749382362
208.9309787439002 1.4437378481155232
206.86983479330158 -1.0178665737523338
204.8086908427029 -0.2837614263066173
202.74754689210425 0.36285618578953904
200.68640294150563 0.3466660505681725
198.62525899090699 0.699889302554909
196.56411504030837 1.9118181647337442
194.5029710897097 0.27680862641804277
192.44182713911107 -0.3810831645943142
190.38068318851242 0.24588526551922416
188.3195392379138 1.2753506996111543
186.25839528731515 0.3574800758188906
184.1972513367165 0.9745628818514827
182.13610738611786 0.9097504400115958
180.07496343551924 0.12191609415378954
178.0138194849206 -0.9126449526440858
175.95267553432194 0.02204771980021912
173.8915315837233 0.6664769050327766
171.83038763312467 0.5149049485480638
169.76924368252602 1.3289924100780495
167.7080997319274 0.3217281420221736
165.64695578132873 0.2351734527729013
163.58581183073008 1.3769054442813795
161.52466788013146 -0.929148252888563
159.4635239295328 0.7937364178248209
157.4023799789342 -0.027834137499042108
155.34123602833552 0.8677265072941638
153.2800920777369 -0.2560502979259542
151.21894812713825 -1.3429807245566114
149.15780417653963 0.27682687452261195
147.09666022594095 -0.6961352703080289
145.03551627534233 0.4684022652253097
142.97437232474368 0.27033557353142407
140.91322837414506 0.5199046659845857
138.85208442354642 0.8835891407976981
136.79094047294777 -0.5324300070544313
134.72979652234912 0.651729875772943
132.6686525717505 0.6427342987745184
130.60750862115185 0.7580530214159933
128.5463646705532 2.0596240280984985
126.48522071995457 0.9011598535676365
124.42407676935592 0.2721042727254571
122.36293281875729 -0.05428813434408196
120.30178886815864 -0.23888467103749625
118.24064491756 -0.6082452896152801
116.17950096696137 -0.7500334464852605
114.11835701636272 0.07145043518011543
112.05721306576409 -0.8910702027284135
109.99606911516544 0.7550263946003347
107.9349251645668 -1.1063022341854776
105.87378121396814 0.42407882198148944
103.81263726336951 -0.29651118679189675
101.75149331277088 -0.4137884945787178
99.69034936217223 -0.8712195148025187
97.62920541157358 -0.19013905118937816
95.56806146097495 0.16519563652092645
93.5069175103763 -1.7371193900524338
91.44577355977766 -0.8184835162834122
89.38462960917902 0.0011074268085947757
87.32348565858038 -1.4020751752184444
85.26234170798173 -0.2852769185247797
83.2011977573831 0.03985656348701904
81.14005380678446 -0.07259899936574632
79.07890985618582 0.3766021143040592
77.01776590558718 -1.3404610115465325
74.95662195498853 1.0586931735787304
72.8954780043899 1.0812629400450424
70.83433405379125 -0.7818480574557664
68.77319010319262 2.1344320044817082
66.71204615259397 0.7192239771341025
64.65090220199532 -0.26663460575139597
62.58975825139669 -0.8971467199211443
60.528614300798054 -0.35389813756274063
58.467470350199406 0.4284974083122858
56.406326399600765 0.38977591706652104
54.345182449002124 0.5389951576669421
52.28403849840348 0.6041879321641005
50.22289454780484 -0.3515583132129667
48.16175059720621 1.0762740826575268
46.10060664660757 1.1265653048386082
44.039462696008925 2.8519766157239985
41.978318745410284 4.666871112638615
39.91717479481164 4.00363293393801
37.856030844212995 6.814289439717434
35.794886893614354 11.159853534673545
33.73374294301572 13.975027113286414
31.672598992417075 21.099254444568743
29.611455041818438 26.6382693371119
27.550311091219797 36.11889762133845
25.489167140621156 49.87362712090458
23.428023190022515 59.441010705903636
21.366879239423874 72.23535847192812
19.305735288825232 82.30664478772725
17.24459133822659 93.33700477919045
15.183447387627952 103.42663895896239
13.122303437029311 111.10974501570357
11.061159486430672 117.81590384947825
9.00001553583203 120.28029431397538
6.938871585233389 117.4638026737186
4.8777276346347485 107.54107234031166
2.816583684036108 94.58515748837965
0.7554397334374667 81.83105343706924
-1.3057042171611741 69.71043681921006
-3.3668481677598154 54.18384532530387
-5.427992118358456 45.3606258382264
-7.489136068957095 40.300668116869225
-9.550280019555737 36.80352344266497
-11.611423970154378 34.59072678081148
-13.67256792075302 35.35997211290569
-15.73371187135166 32.597390120460936
-17.7948558219503 26.19920215902665
-19.85599977254894 23.056938727040098
-21.917143723147582 19.94060972498204
-23.978287673746227 16.895740234937954
-26.039431624344864 15.035434622742402
-28.100575574943505 10.591416240065413
-30.161719525542146 9.013620970420812
-32.22286347614079 7.996687330298982
-34.28400742673943 6.947074828330344
-36.34515137733806 8.153124790584005
-38.40629532793671 7.48791197597672
-40.46743927853535 8.262812474981772
-42.52858322913399 11.194286070873305
-44.589727179732634 13.19809709398916
-46.650871130331275 15.508000663510066
-48.71201508092991 17.92961288652182
-50.77315903152855 19.050912472002235
-52.83430298212719 21.957331606740578
-54.89544693272583 24.56987027342448
-56.95659088332447 28.928143199018034
-59.01773483392312 34.613825648059
-61.07887878452176 40.471292979717674
-63.1400227351204 44.475405188102364
-65.20116668571903 44.913126417175185
-67.26231063631768 46.77543790105113
-69.32345458691633 43.98414900213423
-71.38459853751496 38.508150627656875
-73.4457424881136 32.42490394398474
-75.50688643871224 24.188692346764785
-77.56803038931088 20.1300151468368
-79.62917433990953 14.730466145224032
-81.69031829050816 10.602007542951425
-83.7514622411068 8.779406955555812
-85.81260619170544 8.717277268409317
-87.87375014230409 8.255186631774812
-89.93489409290274 7.242876436480876
-91.99603804350137 5.303430201944685
-94.05718199410002 2.7541003039273657
-96.11832594469865 4.954210256613925
-98.17946989529729 4.516063839176854
-100.24061384589592 3.1840348013861597
-102.30175779649457 1.680843691883317
-104.3629017470932 1.909866999536031
-106.42404569769184 0.9910945641776303
-108.48518964829049 1.706126936193267
-110.54633359888912 -0.4105292942749997
-112.60747754948777 0.06550284091130762
-114.6686215000864 1.0640580070880188
-116.72976545068505 0.2693379848334717
-118.79090940128368 -2.9088376421479016
-120.85205335188232 -1.1634439276918969
-122.91319730248097 -0.7696700048620547
-124.9743412530796 -1.3721041535270118
-127.03548520367826 -1.3925824161434317
-129.09662915427688 -2.2970543328769004
-131.15777310487553 -0.4459336384045264
-133.21891705547415 -1.7251899034034823
-135.28006100607283 -2.6831234194311557
-137.34120495667145 -0.249665969482166
-139.4023489072701 -0.8500805313420188
-141.46349285786872 -0.7067592641665984
-143.5246368084674 -0.7395650902554937
-145.58578075906604 -1.257171747741623
-147.64692470966466 -0.8587147509283319
-149.7080686602633 0.16983363968899592
-151.76921261086193 -0.18280826932367272
-153.8303565614606 -2.221982223826151
-155.89150051205922 -0.8105198744295722
-157.95264446265787 -0.7676933252010365
-160.0137884132565 -0.8222600143321973
-162.07493236385514 -1.3606152879469833
-164.1360763144538 -3.192895547504853
-166.19722026505244 -2.4622898750295974
-168.25836421565106 -1.3176441529487253
-170.3195081662497 -0.22090866948133187
-172.38065211684835 -0.46781219600130874
-174.441796067447 -2.3951568773468295
-176.50294001804562 -2.042827495408125
-178.56408396864427 -3.1880250077160612
-180.6252279192429 -1.586221790166008
-182.68637186984157 -0.8498763735964775
-184.7475158204402 -1.6726143331964891
-186.80865977103883 -2.515633164903961
-188.86980372163748 -0.26527124689236115
-190.9309476722361 -0.1101778759118048
-192.99209162283478 -0.48974336238809996
-195.0532355734334 -1.0680641879037522
-197.11437952403205 -0.8270945050813714
-199.17552347463067 1.1890161002603878
-201.2366674252293 -1.2314966785350534
-203.29781137582796 -0.2503070555436513
-205.3589553264266 -1.7851069468024583
-207.42009927702523 -2.2681975782609274
-209.48124322762388 -0.05150907302726552
-211.54238717822253 -1.0656319242069232
-213.60353112882117 -2.129993486807353
-215.6646750794198 -1.6285089917977402
-217.72581903001844 -0.06530950309156977
-219.78696298061706 -0.07834118199649114
-221.84810693121574 -2.9495277081702738
-223.9092508818144 -1.759946079468461
