# BEGINHEADER
# This file contains data from the SALSA 2m radio telescope.
# DATE=2024-04-12T06:02:0033
# GLON and GLAT given in degrees
# GLON=41.90879334174562
# GLAT=0.23806375902061797
# DATA in two columns below. Col. 1 is velocity relative to LSR [km/s]. Col. 2 is uncalibrated antenna temperature [K].
# ENDHEADER
308.70001715711095 -1.4169573993621298
306.63887320651236 -1.9609641961767952
304.5777292559137 2.2877450016909644
302.5165853053151 0.009184729996305364
300.4554413547164 0.555879551697406
298.39429740411776 -0.02628852438999679
296.3331534535192 -0.12297459455864733
294.2720095029205 0.04873956088078564
292.2108655523218 -0.6521368919758047
290.14972160172323 0.7793249561733097
288.0885776511246 1.504866055884565
286.027433700526 0.3266626801524101
283.9662897499273 0.20217940504349896
281.90514579932864 1.413381076316833
279.84400184873004 1.6124153238092307
277.78285789813134 -0.1463088740097142
275.72171394753275 0.1384425411185116
273.6605699969341 0.18839687433003174
271.59942604633545 -0.5638833013532596
269.5382820957368 0.834978628217495
267.47713814513816 0.5233438332769131
265.41599419453956 0.6501802314352317
263.3548502439409 0.38962822550234705
261.29370629334227 0.8377705406622689
259.2325623427436 1.6046383984362482
257.171418392145 -1.0820361791636381
255.11027444154632 0.28526117403178963
253.0491304909477 0.27277295771378335
250.98798654034906 -0.20896319240926928
248.92684258975044 -0.49748849412154766
246.86569863915176 2.050916045142582
244.80455468855314 -0.830866780622564
242.7434107379545 -0.2832946911405035
240.68226678735587 -0.5095382480398934
238.6211228367572 -2.5464619155188397
236.55997888615855 -1.8153405130532163
234.49883493555993 -1.5583225265600777
232.43769098496128 -0.7286678488218052
230.37654703436266 -1.171472362724196
228.31540308376398 -0.7471003397880738
226.25425913316536 -0.9713016066803111
224.19311518256671 -2.35487269767309
222.1319712319681 0.09057071172241474
220.07082728136945 -2.0933410575543414
218.0096833307708 -2.1392492960980327
215.94853938017215 0.1340282896744388
213.88739542957353 -0.19068056258629035
211.82625147897488 -0.36065805295016745
209.76510752837623 -1.6336678901604071
207.70396357777759 -0.15748295797468664
205.64281962717897 0.536639617193955
203.58167567658032 0.9158532180635571
201.5205317259817 -0.19539659014683122
199.45938777538302 -1.8901364300466932
197.39824382478434 -0.6518497159515145
195.33709987418572 -0.29599898297048116
193.27595592358708 -0.7530311553485269
191.21481197298846 -1.1586849474936587
189.1536680223898 -0.7099639348122715
187.09252407179116 -2.006571406573962
185.0313801211925 -0.2775074149820546
182.9702361705939 -0.13683386769994796
180.90909221999524 -0.24584996981903628
178.84794826939662 0.599042344043895
176.78680431879795 -1.4465610077329616
174.72566036819933 -0.5840216847724278
172.66451641760068 -1.769488681818642
170.60337246700206 -0.9223228770771017
168.54222851640338 -0.5059591187143234
166.48108456580476 -2.8731632774384828
164.41994061520612 -0.4803585736994708
162.35879666460747 -2.213405918273476
160.29765271400885 -1.1463610632784758
158.23650876341017 -1.7108373567284885
156.17536481281155 -1.6782390996498926
154.1142208622129 -2.523612526169427
152.05307691161428 -2.3610129657359513
149.99193296101564 -3.1027974180897884
147.930789010417 -0.0287800279460309
145.86964505981834 -1.9504782773378757
143.80850110921972 -2.8447836874453447
141.74735715862107 -0.9356900086314562
139.68621320802242 -3.5409740925318762
137.62506925742377 -2.8061383894932415
135.56392530682515 -1.5873155490891
133.5027813562265 -2.3905540340780327
131.4416374056279 -2.6167374151320995
129.38049345502924 -2.9465532135879884
127.31934950443058 -2.449146711407183
125.25820555383194 -1.392524956501659
123.19706160323331 -3.100973402873671
121.13591765263466 -2.682509965282183
119.07477370203603 -3.0900877093223262
117.01362975143738 -1.5842404231623848
114.95248580083874 -1.4825933225775874
112.8913418502401 -2.5716626800637856
110.83019789964146 -1.5080611159288229
108.76905394904283 -2.240683396646628
106.70790999844418 -1.334168672257109
104.64676604784553 -1.9733175318586322
102.58562209724688 -1.4990428762525012
100.52447814664825 -1.4353603603188103
98.4633341960496 -0.5744261918037552
96.40219024545097 -1.4863098322205013
94.34104629485233 -0.7919826149019638
92.27990234425368 1.0219101104557469
90.21875839365505 0.816899554606435
88.1576144430564 1.493334103582786
86.09647049245777 1.6180851728829648
84.03532654185912 4.817894685366103
81.97418259126049 8.14179227329841
79.91303864066185 12.199967577504339
77.8518946900632 17.60495897779236
75.79075073946457 22.94702832345015
73.72960678886592 29.83599386255816
71.66846283826729 38.15817571133333
69.60731888766865 43.99845439241042
67.54617493707 52.614485238098844
65.48503098647136 58.05245080394958
63.42388703587272 58.668142979447616
61.36274308527408 62.90616658273511
59.30159913467544 62.975874004602545
57.2404551840768 65.09954102400067
55.17931123347815 60.076373431971255
53.11816728287951 60.790432682978555
51.05702333228087 57.56677925096214
48.995879381682236 52.44542546770972
46.934735431083595 52.03311681028459
44.87359148048496 47.119214226989776
42.81244752988632 56.80522404212753
40.75130357928768 62.462744440641266
38.69015962868904 62.888167424927545
36.62901567809039 67.52244525357713
34.56787172749175 68.08191634457366
32.506727776893115 70.73999767740071
30.44558382629447 68.68587089637121
28.384439875695833 66.28512170678363
26.32329592509719 65.19128918226319
24.26215197449855 64.8013666183386
22.201008023899906 65.4160809310024
20.13986407330127 63.99117822574507
18.078720122702627 63.34384031557568
16.017576172103986 56.911853918637334
13.956432221505345 59.00308988481079
11.895288270906706 59.22556682311029
9.834144320308063 60.36226081859612
7.773000369709424 59.342063392490246
5.711856419110783 55.77660776837079
3.650712468512141 62.38228568563835
1.5895685179135008 47.671606141532294
-0.4715754326851399 29.112727111555156
-2.532719383283781 17.4263480102329
-4.593863333882421 11.111400673073138
-6.655007284481062 10.065325176262117
-8.716151235079701 9.039924450343433
-10.777295185678344 7.171727341201396
-12.838439136276984 9.30267233853612
-14.899583086875625 6.667990799871046
-16.960727037474268 8.275240102170493
-19.02187098807291 9.441873293387724
-21.083014938671546 7.741521412658927
-23.144158889270187 11.66540963579813
-25.20530283986883 12.25749552420612
-27.26644679046747 14.895504984327085
-29.32759074106611 17.62725926316527
-31.38873469166475 19.90715747554236
-33.44987864226339 22.19712201201739
-35.511022592862034 24.4835035188577
-37.57216654346067 25.07653292809554
-39.63331049405931 25.452057382381568
-41.69445444465796 24.962835655107558
-43.7555983952566 23.467436352696986
-45.81674234585524 25.2184563862036
-47.87788629645388 26.259489727726216
-49.93903024705252 24.160850409847235
-52.00017419765116 26.81151452898459
-54.0613181482498 25.51829249079991
-56.122462098848445 26.810966968451144
-58.183606049447086 23.883028584094696
-60.244750000045734 19.99744264422653
-62.30589395064437 18.277486978346914
-64.36703790124301 13.068098151160676
-66.42818185184166 8.296676682498896
-68.48932580244029 7.248506072049411
-70.55046975303893 4.276312382924675
-72.61161370363757 1.8108968543320414
-74.67275765423621 -0.34217223985618794
-76.73390160483486 -2.343638681869103
-78.79504555543349 -1.5073951519065252
-80.85618950603214 -2.6204116204290817
-82.91733345663077 -3.3726383835179092
-84.9784774072294 -4.624300965142488
-87.03962135782805 -2.9424788086857823
-89.1007653084267 -3.7058989067998183
-91.16190925902535 -3.251170932477018
-93.22305320962398 -3.295804830526906
-95.28419716022263 -5.116403711834104
-97.34534111082127 -4.828795767004221
-99.4064850614199 -4.269111092286185
-101.46762901201855 -5.944153010449587
-103.52877296261718 -2.2508523375899014
-105.58991691321583 -5.508865800749648
-107.65106086381446 -2.9075109295419854
-109.7122048144131 -2.4657729268049065
-111.77334876501175 -3.9126784084700383
-113.83449271561038 -3.3057334342619717
-115.89563666620903 -3.0827609982209667
-117.95678061680766 -3.9390822739347846
-120.01792456740631 -3.6803260008244547
-122.07906851800495 -1.5722803167247268
-124.14021246860358 -4.568240062105201
-126.20135641920223 -3.634581098879819
-128.26250036980088 -4.744125374710153
-130.32364432039952 -4.087909811110701
-132.38478827099817 -3.305336540511544
-134.4459322215968 -4.2830509036946856
-136.50707617219544 -3.6484329447181487
-138.56822012279406 -2.285152338464271
-140.6293640733927 -1.5746151075755177
-142.69050802399136 -1.615069121879548
-144.75165197459 -3.067527227744845
-146.81279592518862 -2.8347395831955433
-148.87393987578727 -3.6663211292032796
-150.93508382638595 -3.0979888076683864
-152.99622777698457 -4.656674595474451
-155.05737172758322 -1.834145590568787
-157.11851567818184 -4.027451241429353
-159.17965962878048 -2.7039914159745497
-161.24080357937913 -2.9046661857503064
-163.30194752997778 -3.399628081892016
-165.3630914805764 -2.012715084917842
-167.42423543117505 -4.178038442833421
-169.48537938177367 -3.4144070991564237
-171.54652333237235 -3.338287660776032
-173.60766728297097 -3.6880428842544792
-175.6688112335696 -2.3960112050534557
-177.72995518416823 -1.6992449734987003
-179.79109913476688 -4.640948397991969
-181.85224308536553 -2.882737069797688
-183.91338703596418 -2.963076734266998
-185.97453098656283 -2.910040160480298
-188.03567493716145 -1.621773933792797
-190.09681888776012 -4.109400288734446
-192.15796283835874 -2.0243877907265038
-194.2191067889574 -3.9688575726774467
-196.280250739556 -4.797322821311385
-198.34139469015466 -2.196010771987973
-200.40253864075328 -1.5787606372966452
-202.46368259135193 -3.0482431702413253
-204.52482654195055 -2.486606331491836
-206.5859704925492 -1.6574396509744023
-208.64711444314784 -1.0883996482334886
-210.7082583937465 -1.85329643828847
-212.7694023443451 -2.530499486114354
-214.83054629494376 -0.9385355495454369
-216.8916902455424 -1.230275151431418
