# BEGINHEADER
# This file contains data from the SALSA 2m radio telescope.
# DATE=2024-03-28T14:43:0037
# GLON and GLAT given in degrees
# GLON=184.852167874898
# GLAT=-0.31491838439191877
# DATA in two columns below. Col. 1 is velocity relative to LSR [km/s]. Col. 2 is uncalibrated antenna temperature [K].
# ENDHEADER
223.8427447645551 17.25366021282088
221.78160081395646 31.35899016389231
219.72045686335784 26.487103774927732
217.6593129127592 28.606518160127887
215.59816896216054 24.903339926703268
213.5370250115619 18.709868148141076
211.47588106096327 21.326334890867106
209.41473711036463 21.49012402854027
207.353593159766 24.44193297602836
205.29244920916733 15.075531091494254
203.2313052585687 2.7894467520365422
201.17016130797006 25.407039886523172
199.10901735737144 19.011148340385546
197.04787340677277 23.21255613011517
194.98672945617415 22.87086813538787
192.92558550557547 25.305517712198018
190.86444155497682 23.286833111253813
188.8032976043782 21.759482934141573
186.74215365377955 17.787137885875207
184.6810097031809 22.42235174817276
182.61986575258226 20.875018469764175
180.55872180198364 19.640157183919783
178.497577851385 23.56642527929645
176.43643390078637 23.351840342872837
174.3752899501877 21.389785967591717
172.31414599958907 22.256257642415513
170.25300204899042 22.59341898215558
168.1918580983918 20.67914419504894
166.13071414779316 21.144282426377334
164.0695701971945 24.66703726741773
162.00842624659586 26.305656108378912
159.94728229599724 23.431514851261326
157.8861383453986 20.670781820436858
155.82499439479994 20.47351871084292
153.7638504442013 21.026404089212267
151.70270649360265 21.340361678343832
149.64156254300403 23.40163654326158
147.58041859240538 24.59219076797268
145.51927464180673 22.849308990679962
143.45813069120808 21.39202240293259
141.39698674060946 21.190485739723815
139.33584279001082 22.16207276911062
137.2746988394122 23.573564266395536
135.21355488881352 25.132938696726203
133.1524109382149 21.63848335789173
131.09126698761625 23.07814421021128
129.0301230370176 24.25988258541339
126.96897908641897 25.400076177698846
124.90783513582033 22.805939897855048
122.84669118522169 21.456661432622408
120.78554723462305 24.989955680883167
118.7244032840244 20.551141283926203
116.66325933342577 21.81306083584668
114.60211538282712 20.93448435679931
112.54097143222849 22.12892731938346
110.47982748162985 23.32467152816913
108.4186835310312 24.737950413451568
106.35753958043257 26.401622797509916
104.29639562983392 24.967737253461124
102.23525167923529 23.411302037814696
100.17410772863664 24.680276226891095
98.11296377803802 22.037424214986995
96.05181982743937 24.26019651446202
93.99067587684073 25.224809885844607
91.92953192624209 25.731550975085327
89.86838797564344 24.252899117258433
87.80724402504481 23.18502024965835
85.74610007444616 26.07152509420003
83.68495612384753 25.17423808717178
81.62381217324888 24.422706379456795
79.56266822265025 26.64379808852238
77.50152427205161 26.820532901727784
75.44038032145296 25.592258181828882
73.37923637085433 26.906748363456863
71.31809242025568 26.50733864605338
69.25694846965705 28.281689272988558
67.1958045190584 27.476602374934053
65.13466056845976 27.816289777410617
63.07351661786112 28.515221071011105
61.012372667262476 30.66457279898337
58.951228716663834 26.6445519917455
56.8900847660652 27.6238637032279
54.82894081546656 26.533750660318702
52.76779686486792 26.581678929506808
50.70665291426928 28.058679321279854
48.64550896367063 26.539382560203858
46.584365013071995 31.68494259667412
44.52322106247335 44.315237306666695
42.462077111874706 40.96563544286338
40.400933161276065 32.85520728364055
38.339789210677424 29.480392934625076
36.27864526007878 29.089585753753106
34.21750130948014 29.153021895602112
32.1563573588815 26.31441333873892
30.095213408282863 27.313379338614745
28.03406945768422 21.344754234337977
25.97292550708558 18.31096399708698
23.91178155648694 35.476370540057424
21.8506376058883 32.33974911160713
19.789493655289657 37.79062888327544
17.728349704691016 32.51723892117868
15.667205754092377 32.99467955289428
13.606061803493736 49.295417741431336
11.544917852895097 48.36997595615984
9.483773902296456 55.20317263965474
7.422629951697815 70.50304296470598
5.361486001099173 70.63596786608642
3.3003420505005328 67.97228171895871
1.239198099901892 66.29502987298473
-0.8219458506967487 65.49778083811461
-2.8830898012953896 64.92529614680319
-4.94423375189403 56.8096771232139
-7.0053777024926704 55.54385305593604
-9.06652165309131 50.32964745542424
-11.127665603689952 44.07302634985694
-13.188809554288593 42.49290902468361
-15.249953504887236 37.90486261241261
-17.31109745548588 37.08612369881262
-19.372241406084516 35.53979860030531
-21.433385356683157 37.899274139257535
-23.4945293072818 41.74866817162564
-25.555673257880436 38.73821597508162
-27.61681720847908 38.86428041894642
-29.67796115907772 36.14536233377906
-31.739105109676363 34.23980792787811
-33.80024906027501 27.999801066468745
-35.86139301087364 30.404232494455268
-37.92253696147228 34.834523221234335
-39.98368091207092 34.786181131789796
-42.044824862669564 34.9557475369961
-44.105968813268206 33.357849579144705
-46.16711276386685 35.191099594215665
-48.22825671446549 33.82999940369956
-50.28940066506412 37.83020968281483
-52.35054461566277 41.86289836636371
-54.411688566261404 36.84447154081013
-56.472832516860045 33.46433988854317
-58.533976467458686 33.068250630816294
-60.59512041805733 34.5133866527532
-62.65626436865597 32.06282216216963
-64.71740831925462 34.817924988857804
-66.77855226985325 33.226706387829324
-68.8396962204519 36.19329574723731
-70.90084017105053 38.663993112557606
-72.96198412164918 34.04836805171754
-75.02312807224781 33.72189428271444
-77.08427202284645 33.31816211710497
-79.1454159734451 35.7900021233771
-81.20655992404373 34.192603974854
-83.26770387464238 35.272280504442485
-85.32884782524101 39.18374971125618
-87.38999177583965 36.38194248854891
-89.4511357264383 36.21552762741758
-91.51227967703693 34.9761686520869
-93.57342362763558 34.95516104497275
-95.63456757823421 32.69572027181031
-97.69571152883286 32.72401211590378
-99.75685547943152 37.388410017895005
-101.81799943003016 35.352650610228
-103.8791433806288 34.62921478001319
-105.94028733122744 36.82297257738717
-108.00143128182609 36.54512952814321
-110.06257523242472 35.7542495353219
-112.12371918302335 32.52930032801417
-114.184863133622 40.63193453973603
-116.24600708422064 47.399921071147425
-118.30715103481928 36.73592456279566
-120.36829498541792 35.10527061735999
-122.42943893601655 33.21453190110621
-124.4905828866152 34.540118287542484
-126.55172683721383 32.392706189684
-128.61287078781248 32.942783079899804
-130.67401473841113 34.75069341099944
-132.73515868900975 35.550421250937816
-134.79630263960843 37.31114863449261
-136.85744659020705 34.748954980827286
-138.9185905408057 35.2874623268763
-140.97973449140432 37.07254980419292
-143.04087844200296 37.730962626014936
-145.1020223926016 39.30751635113588
-147.16316634320026 42.74097571883107
-149.22431029379888 37.18171278249276
-151.28545424439753 35.38446879457283
-153.34659819499615 36.09815747834463
-155.40774214559482 34.473416159924454
-157.46888609619347 32.6958413308639
-159.5300300467921 31.463503315476252
-161.59117399739074 35.68024500143288
-163.65231794798936 35.72288641173844
-165.71346189858804 30.920296631773173
-167.77460584918666 35.197020806801724
-169.8357497997853 32.544040963248605
-171.89689375038392 27.605966404073104
-173.9580377009826 33.952533728080226
-176.01918165158122 34.53782707283856
-178.08032560217987 39.730874903167276
-180.1414695527785 34.12644406411506
-182.20261350337714 33.142790055694576
-184.26375745397578 34.74027257836892
-186.32490140457443 32.6537939251208
-188.38604535517305 29.55718772173151
-190.4471893057717 31.851562275991455
-192.50833325637032 36.96889216201949
-194.569477206969 35.41928654424451
-196.63062115756765 32.83660403556384
-198.69176510816624 34.57905300296406
-200.7529090587649 35.700787961813944
-202.81405300936353 35.214192308282215
-204.87519695996218 34.2844308376541
-206.9363409105608 36.01814823561663
-208.99748486115945 36.306184338982185
-211.0586288117581 33.20077986706634
-213.11977276235675 33.21619373645677
-215.18091671295537 32.50099057281153
-217.242060663554 33.994331034037614
-219.30320461415263 28.28254878757504
-221.3643485647513 33.82889866734862
-223.42549251534993 34.776633755793384
-225.48663646594858 33.08044509589554
-227.5477804165472 33.370797768898264
-229.60892436714587 33.17846439994357
-231.6700683177445 31.54655981937213
-233.73121226834314 31.433632567352753
-235.7923562189418 32.91467817707658
-237.8535001695404 32.69022569996104
-239.9146441201391 33.659762803044764
-241.9757880707377 31.934792450897678
-244.03693202133636 33.02621610960294
-246.09807597193497 35.111260520252394
-248.15921992253362 36.59857425950904
-250.22036387313227 31.221447481257034
-252.28150782373092 29.670398918130235
-254.34265177432954 32.633189257789965
-256.40379572492816 30.67714874538275
-258.46493967552686 31.087244938986522
-260.52608362612546 29.69432031053323
-262.5872275767241 34.98399418164655
-264.64837152732275 22.49858338283238
-266.7095154779214 29.947742266256686
-268.77065942852 34.2129175308722
-270.8318033791187 33.21773397738863
-272.89294732971734 33.518662231519826
-274.95409128031594 30.769024025232973
-277.01523523091464 31.299353388704287
-279.07637918151323 32.95699472802862
-281.1375231321119 30.546645714907207
-283.19866708271053 27.52529811574158
-285.2598110333092 34.36120845668787
-287.3209549839078 34.998517132002654
-289.3820989345064 32.98745010439059
-291.44324288510506 33.08206696716118
-293.50438683570377 30.409330828287214
-295.56553078630236 29.83577162343446
-297.626674736901 28.769146190072664
-299.6878186874996 26.190982837743316
-301.7489626380983 32.85514570146987
