# BEGINHEADER
# This file contains data from the SALSA 2m radio telescope.
# DATE=2024-04-09T15:07:0000
# GLON and GLAT given in degrees
# GLON=219.88821677345135
# GLAT=-0.26367697912835103
# DATA in two columns below. Col. 1 is velocity relative to LSR [km/s]. Col. 2 is uncalibrated antenna temperature [K].
# ENDHEADER
221.09412522282923 -0.014042541544362913
219.03298127223056 -1.2775963169780646
216.97183732163194 -1.6593725553089465
214.9106933710333 -0.04961056332393014
212.84954942043467 -0.6511980435997684
210.78840546983602 -0.47860225663183775
208.72726151923737 1.9643758877326214
206.66611756863873 1.126382094650292
204.6049736180401 1.0116004489444494
202.54382966744146 0.9465386974899787
200.48268571684284 0.7852590053501707
198.42154176624416 -0.4478031948158994
196.36039781564554 -0.5368482505500596
194.2992538650469 -0.11561495150995513
192.23810991444827 -0.6410480577089624
190.1769659638496 0.14784129083423325
188.11582201325098 1.0023886434917562
186.05467806265233 1.4745125989806318
183.99353411205368 -0.1345684678650398
181.93239016145506 0.048519321639770865
179.87124621085638 0.5432958735843862
177.81010226025776 -2.1895133239982383
175.74895830965912 2.06418888847724
173.6878143590605 2.040867644296044
171.62667040846185 2.31586959614894
169.5655264578632 0.1432807087920482
167.50438250726455 -0.7820786585152139
165.44323855666593 0.9022158029606877
163.38209460606728 0.6582815867658706
161.32095065546864 -0.05070738675602161
159.25980670487 -1.6009090269873367
157.19866275427137 0.3122894011599455
155.13751880367272 -1.350987900446671
153.0763748530741 -1.4971782606809532
151.01523090247542 0.7113004735088457
148.9540869518768 1.2140869559367646
146.89294300127816 0.21607567767231436
144.8317990506795 1.8404983344040031
142.7706551000809 2.084587230942257
140.7095111494822 -0.9906443132396242
138.6483671988836 -0.39046049787568543
136.58722324828494 0.2520735343144687
134.52607929768632 0.6999871536231862
132.46493534708765 0.6848018185009386
130.40379139648903 0.6212293278078566
128.34264744589038 0.784653365711417
126.28150349529174 1.2525332485789005
124.2203595446931 -0.5574596711164665
122.15921559409446 -0.19669854580281015
120.09807164349581 0.7404769433438536
118.03692769289718 1.2486129165703905
115.97578374229855 1.2648536405252297
113.9146397916999 2.8598344550066592
111.85349584110126 1.107404631529034
109.79235189050262 -1.195352014622627
107.73120793990398 0.22543914247604646
105.67006398930533 1.5257187736947906
103.6089200387067 0.5582870115150433
101.54777608810807 0.54993751969208
99.48663213750942 0.6959117722780847
97.42548818691078 0.13866675029987155
95.36434423631214 1.7338427601433242
93.3032002857135 1.5546449758212297
91.24205633511485 1.1596762762017847
89.18091238451622 4.5863015127254405
87.11976843391757 2.4032861505844694
85.05862448331892 2.042764147989236
82.99748053272029 4.781232766350628
80.93633658212164 4.62029507877318
78.875192631523 4.072491974006953
76.81404868092436 6.892982035019085
74.75290473032572 7.851035769753966
72.69176077972709 11.776569446165007
70.63061682912844 18.390006537547237
68.56947287852981 24.91166495681236
66.50832892793116 32.98071752811567
64.44718497733253 40.810137682576794
62.386041026733885 46.824686617665066
60.324897076135244 55.773470398632384
58.263753125536596 60.12650602693281
56.202609174937955 64.39308816760695
54.14146522433932 64.2717488578359
52.08032127374068 62.23228787927262
50.01917732314204 55.89402520967869
47.9580333725434 48.49887786575001
45.896889421944756 39.22677809501283
43.835745471346115 35.724939271977796
41.774601520747474 39.59895268877472
39.71345757014883 41.640427182027516
37.65231361955019 44.47891342826798
35.59116966895155 46.90383578888026
33.53002571835291 47.56315639712933
31.46888176775427 48.86542881706214
29.40773781715563 47.68677716992172
27.34659386655699 45.34354835522688
25.285449915958345 45.29999956424661
23.224305965359708 49.34875706625549
21.163162014761067 53.45305652466856
19.102018064162426 60.1738090889794
17.04087411356379 66.65005694590415
14.979730162965145 68.94568197053081
12.918586212366503 62.10284497955547
10.857442261767861 53.13779679057384
8.796298311169222 41.5767391957767
6.73515436057058 32.58970869510757
4.67401040997194 28.450803475877976
2.6128664593732993 31.47134908622106
0.5517225087746583 27.738719240075202
-1.5094214418239824 20.107618679548594
-3.570565392422623 12.811183422094235
-5.631709343021264 6.938073360937169
-7.692853293619906 3.6277421946320723
-9.753997244218546 2.360963154121541
-11.815141194817187 2.478913107036615
-13.876285145415826 -0.6512862014212196
-15.937429096014467 1.7846012781636842
-17.998573046613107 0.1182052841642258
-20.059716997211748 -1.8206263450713973
-22.12086094781039 -0.8905859963519694
-24.18200489840903 -0.19417921507990496
-26.24314884900767 0.4838746970058005
-28.304292799606312 -1.7841084213103968
-30.365436750204953 -3.056548465154988
-32.42658070080359 -1.834584635235575
-34.48772465140223 -0.9279454194602824
-36.54886860200087 -0.2991269631418285
-38.61001255259952 -0.8844323216529629
-40.67115650319816 -2.6080361178911162
-42.732300453796796 -1.5861185770490258
-44.79344440439544 -0.9715642825213566
-46.85458835499408 -0.1916109123461602
-48.91573230559272 -2.1024931057641916
-50.97687625619136 -0.9931299709569841
-53.03802020679 -0.8161726796565331
-55.099164157388635 -3.3148361824147012
-57.160308107987284 -0.9791673487532676
-59.221452058585925 -1.3026847653350362
-61.282596009184566 -1.6439719640678498
-63.34373995978321 -1.6654043053966667
-65.40488391038184 -1.3134093981586747
-67.46602786098049 -1.485141477770012
-69.52717181157914 -1.1637327458560056
-71.58831576217777 -0.9679507347480263
-73.64945971277642 -1.5989078617906252
-75.71060366337505 -0.04234308830747171
-77.77174761397369 -3.756243956945325
-79.83289156457234 -2.3640179698398907
-81.89403551517097 -1.620995971531473
-83.95517946576962 -0.6803840426109004
-86.01632341636825 -2.9073414971626805
-88.0774673669669 -3.7200241327235504
-90.13861131756553 -0.7663623798029937
-92.19975526816417 -1.5733101481544383
-94.26089921876282 -3.390573612270199
-96.32204316936145 -2.9696354585079083
-98.3831871199601 -1.4122567864091184
-100.44433107055873 -1.902494522521566
-102.50547502115738 -4.145371745982387
-104.56661897175601 -2.701184619171785
-106.62776292235466 -3.2482691387644573
-108.68890687295331 -3.4477940172664354
-110.75005082355194 -1.7691711010592188
-112.8111947741506 -3.73144858651373
-114.87233872474923 -1.1634340506277523
-116.93348267534788 -1.313431513024556
-118.99462662594651 -1.3885642882692555
-121.05577057654514 -2.707542499819776
-123.11691452714379 -1.5082578838517362
-125.17805847774243 -3.5076173293348645
-127.23920242834107 -1.715295043893276
-129.3003463789397 -2.640626560421513
-131.36149032953836 -3.1156926692877733
-133.422634280137 -2.1560509650583546
-135.48377823073562 -2.1381688767030473
-137.54492218133427 -3.1166175209166305
-139.60606613193292 -1.7466718425774015
-141.66721008253157 -4.556432344628328
-143.7283540331302 -2.0391284874158084
-145.78949798372884 -1.7070262424136724
-147.85064193432746 -3.540016423874445
-149.91178588492613 -3.530851713248099
-151.97292983552475 -3.1703894441446305
-154.0340737861234 -3.2112187057375094
-156.09521773672202 -2.532062025067051
-158.1563616873207 -2.8733552054414555
-160.21750563791932 -0.7951391555627236
-162.27864958851796 -1.2842015017308699
-164.3397935391166 -4.609870546297734
-166.40093748971523 -2.0041979492897695
-168.4620814403139 -1.0486433996821947
-170.52322539091253 -2.997224065554613
-172.58436934151118 -1.8930602430407268
-174.6455132921098 -1.7771792984807786
-176.70665724270845 -3.5309267414830106
-178.7678011933071 -2.3109720026990996
-180.82894514390574 -3.7653246500973454
-182.89008909450436 -1.3853575413052195
-184.951233045103 -1.5416116139221097
-187.01237699570163 -2.4818783169148046
-189.0735209463003 -2.3856484159594618
-191.13466489689893 -2.838816114517011
-193.19580884749757 -2.104490333998793
-195.2569527980962 -1.858117951723028
-197.31809674869487 -3.4963127319132123
-199.3792406992935 -2.7814438056574056
-201.44038464989214 -1.5700366517705215
-203.5015286004908 -3.2162766755618923
-205.5626725510894 -2.5406728807201993
-207.62381650168808 -3.898770230394949
-209.6849604522867 -2.794818177898674
-211.74610440288535 -1.984108888783047
-213.80724835348397 -1.9536601362819834
-215.86839230408262 -2.14982560066753
-217.92953625468127 -3.6599045216563595
-219.99068020527992 -2.721668914179444
-222.05182415587853 -1.8751113405209106
-224.11296810647718 -2.169603515314508
-226.17411205707583 -0.8899254039603341
-228.23525600767448 -2.6886695408980015
-230.2963999582731 -1.0406108232084261
-232.35754390887175 -0.8536312724524096
-234.41868785947037 -2.95388283967401
-236.47983181006904 -0.4895035971792453
-238.54097576066766 -2.3702922639315527
-240.6021197112663 -2.4653733855422977
-242.66326366186496 -1.903472032240116
-244.72440761246358 -3.070654045392017
-246.78555156306226 0.18086696580330927
-248.84669551366088 -1.8764622309142507
-250.90783946425952 -3.207024191234449
-252.96898341485814 0.6314211938584718
-255.03012736545682 0.6068905087966029
-257.09127131605544 -1.2182723077406348
-259.1524152666541 -2.3857574776099395
-261.21355921725274 -1.7491978598431428
-263.2747031678514 -2.315559393201766
-265.33584711845 -2.008519761888149
-267.3969910690486 -2.180149328890555
-269.4581350196473 -1.7861969496709167
-271.5192789702459 -0.03389191125800245
-273.58042292084457 -1.280350275932369
-275.64156687144316 -2.5441683493448615
-277.70271082204187 -3.684361368564935
-279.7638547726405 -1.2211845466912599
-281.8249987232391 -0.06401237016325641
-283.8861426738378 -1.599905362107595
-285.9472866244364 -1.0332459665175069
-288.00843057503505 -1.7745548387596937
-290.0695745256337 -1.9413875063049562
-292.13071847623235 -1.5536872792592513
-294.191862426831 -0.2875604727280495
-296.2530063774296 -0.14450967735136747
-298.31415032802823 2.833520380989893
-300.37529427862694 -2.124879976330183
-302.43643822922553 -1.1107033413818275
-304.4975821798242 -0.6760979369283925
