# BEGINHEADER
# This file contains data from the SALSA 2m radio telescope.
# DATE=2024-03-27T10:21:0049
# GLON and GLAT given in degrees
# GLON=159.8425400944645
# GLAT=-0.2281616911539818
# DATA in two columns below. Col. 1 is velocity relative to LSR [km/s]. Col. 2 is uncalibrated antenna temperature [K].
# ENDHEADER
234.74459919745593 15.928228193699962
232.68345524685725 27.904584816093053
230.62231129625863 22.60546687687866
228.56116734565998 25.601049806223728
226.50002339506136 20.04881693917495
224.4388794444627 16.02382576882276
222.37773549386407 19.33752797095557
220.31659154326542 22.263981048603508
218.2554475926668 20.89835880291589
216.19430364206815 14.310063565446004
214.13315969146953 2.0529654865467024
212.07201574087085 25.136696439505446
210.0108717902722 17.561103375772106
207.94972783967359 20.58406318728743
205.88858388907494 20.85180383780186
203.8274399384763 22.653190645467323
201.76629598787764 18.790249328843156
199.70515203727902 17.604596086910227
197.64400808668037 15.509004655522402
195.58286413608175 18.48925785144757
193.52172018548308 17.939408227782554
191.46057623488446 16.925760006032824
189.3994322842858 21.3672104994323
187.3382883336872 20.889972843583422
185.27714438308854 19.191991739214156
183.2160004324899 19.670032722683683
181.15485648189124 19.445249851157858
179.09371253129262 18.592990484472203
177.03256858069398 18.380538330240995
174.9714246300953 19.118264984547483
172.91028067949668 21.885028919343338
170.84913672889803 19.50434459027185
168.7879927782994 19.190388236387832
166.72684882770076 19.64056191410112
164.66570487710212 17.5685918969409
162.60456092650347 20.134627572290725
160.54341697590485 19.612989175870148
158.4822730253062 20.711777019461515
156.42112907470758 19.428794505708122
154.3599851241089 18.975395262071036
152.29884117351028 17.21253496251945
150.23769722291163 20.896631130638994
148.17655327231301 20.291144167648802
146.11540932171434 21.868564984818942
144.05426537111572 19.81196827958156
141.99312142051707 22.084425745546657
139.93197746991845 20.843226342106973
137.8708335193198 20.41139343948669
135.80968956872113 18.819961221695817
133.7485456181225 19.363450944755748
131.68740166752386 18.6142145407722
129.62625771692524 17.286960445572632
127.56511376632659 19.801226353997677
125.50396981572796 19.070401235236545
123.44282586512931 20.101548347175143
121.38168191453067 21.393112732608458
119.32053796393203 20.153323106367257
117.25939401333338 21.812890086019888
115.19825006273474 19.585052244952173
113.1371061121361 22.374940358543686
111.07596216153746 21.59608909016691
109.01481821093881 19.740056035729545
106.95367426034018 20.859606540547592
104.89253030974153 20.947499804670727
102.8313863591429 23.487957746788748
100.77024240854426 21.75974247483041
98.70909845794561 21.163573744732375
96.64795450734698 21.927143952777854
94.58681055674833 21.962938429622362
92.5256666061497 24.114977348317915
90.46452265555105 22.23926741538267
88.40337870495242 24.320967352256552
86.34223475435378 22.18864096481801
84.28109080375513 22.217888253220078
82.2199468531565 23.564801185622656
80.15880290255785 26.066827801491225
78.0976589519592 24.80229165582388
76.03651500136057 24.77580450386064
73.97537105076192 24.770710818457268
71.91422710016329 25.60679643211123
69.85308314956464 23.701759961033705
67.791939198966 23.032884980873366
65.73079524836736 22.90293299930175
63.66965129776872 22.42832989524923
61.60850734717008 24.88934275877119
59.54736339657144 25.27573171517729
57.4862194459728 26.843335341470585
55.42507549537416 30.066221997656726
53.363931544775525 32.01739271338417
51.302787594176884 29.961033894709722
49.24164364357824 28.66557791155539
47.1804996929796 25.001795023699103
45.11935574238096 24.736602583521876
43.05821179178232 25.103979399457007
40.99706784118368 25.29683339661079
38.93592389058504 16.595194170340026
36.874779939986404 16.938836131411605
34.81363598938776 29.257797551878657
32.75249203878912 23.740013040032675
30.691348088190477 30.0880893265433
28.630204137591836 24.26333213510651
26.569060186993198 21.34518858906758
24.50791623639455 27.902966619340834
22.446772285795912 26.15404920529579
20.38562833519727 25.052971279140777
18.32448438459863 37.82101762072987
16.26334043399999 31.274753514643752
14.202196483401348 28.3922752488382
12.141052532802707 28.347243568880923
10.079908582204068 30.359947507736006
8.018764631605425 30.967744815114237
5.9576206810067855 31.136997023318315
3.896476730408145 34.68036508514227
1.8353327798095036 31.590413691457037
-0.22581117078913696 35.18694693874604
-2.286955121387778 34.275740756662216
-4.348099071986419 33.80233912959387
-6.409243022585059 35.98242798824528
-8.4703869731837 34.04882750242225
-10.531530923782341 38.26522311584658
-12.592674874380982 42.083162844021345
-14.653818824979622 40.93059150138658
-16.714962775578265 37.53007581480038
-18.776106726176906 35.68057455950185
-20.837250676775543 36.61362399267011
-22.898394627374188 29.788091814445114
-24.959538577972825 31.043407280080455
-27.020682528571466 39.0555509461691
-29.081826479170104 38.72137631740277
-31.142970429768745 37.14262173044653
-33.204114380367386 36.67747312429892
-35.26525833096603 37.64259038951418
-37.32640228156467 34.39507333997341
-39.38754623216331 38.230182223761744
-41.44869018276195 42.20606403718284
-43.50983413336059 38.05928853583882
-45.570978083959226 34.71724252891844
-47.632122034557874 32.02306178166517
-49.69326598515652 34.94260234053574
-51.75440993575516 33.63329976116105
-53.815553886353804 35.74943799278474
-55.87669783695244 31.798500040016336
-57.93784178755108 32.778364849073725
-59.99898573814972 37.764407791422194
-62.06012968874836 32.78081810627261
-64.12127363934701 34.1960697788019
-66.18241758994564 33.61010111039638
-68.24356154054428 33.75135203847702
-70.30470549114293 33.00738543238758
-72.36584944174156 32.743488799926354
-74.42699339234021 35.2474321904693
-76.48813734293886 35.20412744846179
-78.54928129353749 33.488506673114
-80.61042524413614 31.61417082125132
-82.67156919473477 32.46931158884101
-84.73271314533342 32.29250242181477
-86.79385709593205 31.705501506155763
-88.8550010465307 32.4951457990079
-90.91614499712934 32.328492846709885
-92.97728894772797 32.97532528279608
-95.03843289832662 34.3803893042592
-97.09957684892525 33.09527228484252
-99.1607207995239 34.46718549497263
-101.22186475012253 30.92229365730919
-103.28300870072118 35.746719442948546
-105.34415265131982 47.19012486753033
-107.40529660191845 34.091458236259406
-109.4664405525171 32.517938917720954
-111.52758450311573 32.12846908734472
-113.58872845371438 35.42479982237987
-115.64987240431303 32.11203784827025
-117.71101635491166 32.18064078721503
-119.77216030551031 33.517304837974734
-121.83330425610895 35.91030268102172
-123.8944482067076 37.19306690252289
-125.95559215730623 32.10850372796203
-128.01673610790488 34.90603853852963
-130.0778800585035 33.2396865632112
-132.13902400910214 33.74332277820295
-134.20016795970076 33.63322284917986
-136.26131191029944 41.37973144500679
-138.3224558608981 36.6985133529677
-140.3835998114967 33.5630933950387
-142.44474376209536 33.86168764315572
-144.505887712694 33.647987177076516
-146.56703166329265 30.013116068240016
-148.62817561389127 31.748712729866245
-150.68931956448992 34.752674046632556
-152.75046351508854 35.19684448151528
-154.81160746568722 30.843919803960294
-156.87275141628584 35.42395117122218
-158.93389536688449 30.69890413443807
-160.9950393174831 25.392191496465315
-163.05618326808175 33.917930232824574
-165.1173272186804 33.95271114044122
-167.17847116927905 35.60375357145465
-169.23961511987767 32.749769061584
-171.30075907047632 34.63332073334365
-173.36190302107497 32.67104457475
-175.4230469716736 33.16760603651743
-177.48419092227226 28.513185972097773
-179.54533487287088 29.2076228416889
-181.60647882346953 36.25875838060235
-183.66762277406818 34.55187350377772
-185.72876672466683 33.3182699311635
-187.78991067526545 36.35843040846164
-189.8510546258641 33.782491083059554
-191.9121985764627 33.039796716828846
-193.9733425270614 33.518249010309745
-196.03448647766 32.9132267386318
-198.09563042825866 33.62167793457514
-200.15677437885728 32.31206753312909
-202.21791832945593 33.94365514652786
-204.27906228005457 30.573246369794063
-206.34020623065322 33.34551847111571
-208.40135018125184 25.950996268870636
-210.4624941318505 27.827275566852965
-212.52363808244917 34.30056371016718
-214.5847820330478 31.749456812608994
-216.64592598364644 32.15758951320075
-218.70706993424506 32.130767786103334
-220.7682138848437 30.78105416989219
-222.82935783544235 31.753137236056336
-224.890501786041 30.87429962878738
-226.95164573663962 33.647068351740884
-229.01278968723827 34.14739714230253
-231.0739336378369 31.099983035150853
-233.13507758843556 34.47728121213229
-235.19622153903418 34.06875304945583
-237.25736548963283 36.52389307104192
-239.31850944023145 29.104201526204182
-241.37965339083013 29.562641402685248
-243.44079734142875 32.25111977892686
-245.5019412920274 30.521026999659313
-247.56308524262602 31.366271294686104
-249.62422919322466 29.894963861446403
-251.68537314382334 33.540247187650145
-253.74651709442196 23.543890094460288
-255.8076610450206 30.597447027308313
-257.86880499561926 32.246680944945325
-259.92994894621785 31.940924138570004
-261.99109289681655 32.571210913825766
-264.05223684741514 31.18501270560716
-266.11338079801385 30.630017166260192
-268.17452474861244 30.023417188131315
-270.2356686992111 28.91059621809216
-272.2968126498097 25.87259921009578
-274.3579566004084 32.685340556362775
-276.41910055100703 35.89712433891452
-278.4802445016056 31.07276504795094
-280.5413884522043 31.698267911860636
-282.6025324028029 27.684102300041275
-284.66367635340157 25.693560601871496
-286.7248203040002 27.346544458300226
-288.7859642545988 27.306235557706835
-290.8471082051975 31.096956666008087
