# BEGINHEADER
# This file contains data from the SALSA 2m radio telescope.
# DATE=2024-04-05T10:39:0037
# GLON and GLAT given in degrees
# GLON=59.852212850060205
# GLAT=0.199575921984357
# DATA in two columns below. Col. 1 is velocity relative to LSR [km/s]. Col. 2 is uncalibrated antenna temperature [K].
# ENDHEADER
303.7771047300741 0.3045114389286298
301.71596077947544 -0.7917213453840091
299.6548168288768 0.29679580387092935
297.59367287827814 -0.4192132212614234
295.53252892767955 -0.9060052987849243
293.47138497708085 -0.5239391056628994
291.4102410264822 0.5564426064835243
289.3490970758836 1.3913275415539912
287.28795312528496 -0.908551923394906
285.2268091746863 1.3536730488169644
283.16566522408766 3.187338541065514
281.104521273489 1.124730733449266
279.0433773228904 2.6910721466865417
276.9822333722917 2.22045412831699
274.9210894216931 -0.9797853484104061
272.8599454710945 0.3687620116089875
270.7988015204958 2.4420506260416435
268.7376575698972 2.314403978278994
266.67651361929853 0.44898395003361113
264.61536966869994 3.5756064846667956
262.55422571810124 2.731359331230546
260.49308176750264 0.2108403099385874
258.431937816904 2.154233056206768
256.37079386630535 2.1728162880129895
254.3096499157067 1.6427883371969838
252.24850596510805 0.9074064593957125
250.18736201450943 1.3416658122738074
248.12621806391078 2.526272294202245
246.06507411331214 1.8518418966926995
244.0039301627135 1.8730238518849056
241.94278621211487 2.2619849927590163
239.88164226151622 0.9367891100717567
237.82049831091754 0.9794235554509859
235.75935436031892 1.2897555737615456
233.69821040972028 0.4389817732220405
231.63706645912166 0.06753969460827497
229.575922508523 1.252090416336133
227.51477855792436 1.0757039553229777
225.4536346073257 0.7068573009935827
223.3924906567271 0.0667080837693209
221.33134670612844 0.26918391184828977
219.27020275552982 2.4470523691338526
217.20905880493115 2.0703573224881895
215.14791485433253 1.7864152997333658
213.08677090373388 1.1077748028009973
211.02562695313526 0.5615200479505207
208.96448300253658 1.4524878254641538
206.90333905193796 0.19509261421700136
204.8421951013393 1.6754810945204912
202.7810511507407 1.8957465463831684
200.71990720014205 0.4460604809786963
198.65876324954337 0.9046244046688718
196.59761929894478 1.4105407033358595
194.53647534834613 2.010095451411543
192.4753313977475 1.616130949889378
190.41418744714883 0.7353998336889153
188.3530434965502 1.2463293170213148
186.29189954595157 1.799856196531342
184.23075559535295 1.56601402445203
182.16961164475427 0.6317056973092103
180.10846769415565 1.39724069484117
178.047323743557 0.9495097121555701
175.98617979295838 -0.29034438887398245
173.92503584235973 0.7052234273656098
171.86389189176109 0.503187528582837
169.80274794116244 2.3412580447114792
167.74160399056382 2.1600245680201864
165.68046003996517 -0.23179349603678592
163.61931608936655 0.5135956818481274
161.55817213876787 1.0248977397657792
159.49702818816925 1.6830912098619446
157.4358842375706 -0.9627559865834999
155.37474028697196 0.15590576803353334
153.3135963363733 -1.042311587652151
151.25245238577466 -0.8493577324243802
149.19130843517604 0.23321554316624107
147.1301644845774 0.24664134248808273
145.06902053397877 0.8603190951301335
143.0078765833801 0.5234803889626244
140.94673263278148 1.1826810303064557
138.88558868218283 -0.38329152582884035
136.8244447315842 0.7923960477463645
134.76330078098556 -0.24183371786299326
132.7021568303869 1.453554953624224
130.64101287978826 -0.5907621438135328
128.57986892918964 -1.4302022808706625
126.51872497859098 0.18421164025126802
124.45758102799235 -0.21281256265661688
122.39643707739371 -0.01374647875255692
120.33529312679507 -0.08309499198041197
118.27414917619643 1.1418724797002306
116.21300522559778 0.5054815208914019
114.15186127499915 -0.8574628472050775
112.0907173244005 0.8793222630769392
110.02957337380187 1.2438583876929552
107.96842942320323 0.3134015643695879
105.90728547260458 1.1550940998909505
103.84614152200595 -0.19324260775336105
101.7849975714073 -1.0133050317922072
99.72385362080865 0.4009102516291736
97.66270967021 0.3979848619210501
95.60156571961136 -1.0065955909853304
93.54042176901272 -1.8830653577764327
91.47927781841408 -0.2257287546930547
89.41813386781544 1.3701884825165151
87.35698991721681 0.4505626680846793
85.29584596661816 1.9768910502119403
83.23470201601953 0.5023982530005834
81.17355806542088 1.8077108765722987
79.11241411482224 1.3099174424385431
77.0512701642236 -0.004450162564063031
74.99012621362496 0.09638439136922164
72.92898226302633 -0.06054576305947292
70.86783831242768 0.20904213936414834
68.80669436182905 0.7692451006168524
66.7455504112304 0.31144099470035047
64.68440646063176 0.7341976545607166
62.623262510033115 1.5367467607282055
60.562118559434474 -0.368076733364974
58.50097460883583 2.550971638157757
56.43983065823719 3.84431023991148
54.37868670763856 3.322313504349081
52.31754275703991 4.221777538568849
50.25639880644127 6.853008068428634
48.19525485584263 9.87562385492498
46.134110905243986 13.71773117147753
44.072966954645345 17.714908118271858
42.01182300404671 21.274124147727818
39.95067905344807 27.045514595311133
37.88953510284943 34.280399370089064
35.82839115225079 40.731379257946905
33.76724720165214 52.14058848680799
31.706103251053506 60.13650403495984
29.644959300454865 69.49234853324675
27.58381534985622 76.5632822963803
25.52267139925758 77.60053948853341
23.46152744865894 77.8192845233649
21.400383498060304 80.26725684597584
19.33923954746166 83.18158150023268
17.278095596863018 88.10236115864276
15.216951646264379 91.73369847682699
13.15580769566574 97.7380947208278
11.094663745067097 103.74482815347899
9.033519794468456 104.1211839758472
6.972375843869815 95.73383000605556
4.911231893271174 83.51424644516496
2.8500879426725336 74.31241118399274
0.7889439920738928 65.91669140575814
-1.2721999585247479 54.077744509735744
-3.3333439091233887 44.86079657883912
-5.394487859722029 38.86073469766575
-7.4556318103206705 33.937701172245944
-9.51677576091931 34.589238208344376
-11.577919711517952 31.83266240016806
-13.639063662116591 30.924286544255533
-15.700207612715232 25.852202830835303
-17.761351563313873 22.857615143589452
-19.822495513912514 20.681178166334625
-21.883639464511155 14.09935272220606
-23.944783415109796 12.117916509268614
-26.005927365708438 11.119960268339957
-28.06707131630708 9.11772469248714
-30.128215266905723 7.987469286858408
-32.18935921750436 7.233275991316976
-34.250503168103 7.186261652812513
-36.31164711870164 6.50132722612018
-38.372791069300284 6.616488345009107
-40.433935019898925 8.144386018505665
-42.49507897049756 9.322870102118076
-44.55622292109621 10.684864928383657
-46.61736687169485 14.58009914722091
-48.67851082229349 16.53877459944007
-50.73965477289213 20.923756123098343
-52.80079872349077 25.677211243027795
-54.861942674089406 28.07693915809585
-56.92308662468805 31.518625190016195
-58.98423057528669 34.19312218893497
-61.04537452588533 37.29129669237293
-63.10651847648398 40.26022393793684
-65.16766242708262 40.274720543431506
-67.22880637768125 39.24638511930492
-69.2899503282799 36.79947242286995
-71.35109427887853 29.078037399187124
-73.41223822947718 27.339606441993844
-75.47338218007582 22.38466312612187
-77.53452613067445 17.487538425957098
-79.5956700812731 14.7939202692966
-81.65681403187173 15.939844522307174
-83.71795798247038 12.628818520090329
-85.77910193306901 8.604868502701052
-87.84024588366766 6.48958200976133
-89.9013898342663 4.497374189052668
-91.96253378486493 2.752173109098563
-94.0236777354636 3.081696406637691
-96.08482168606223 2.6974829577639015
-98.14596563666088 1.9708364682173913
-100.2071095872595 1.635751305694969
-102.26825353785814 0.8746253422659398
-104.32939748845678 -1.0911951894674796
-106.39054143905543 -0.92583483085764
-108.45168538965406 -1.6738681743583015
-110.5128293402527 -1.0938260010227363
-112.57397329085134 -1.460879850037872
-114.63511724144998 -3.7103051669645035
-116.69626119204862 -1.271495790637396
-118.75740514264726 -1.2233586110124273
-120.8185490932459 -1.717366297279217
-122.87969304384454 -3.0752583987401554
-124.94083699444317 -0.047304045553909435
-127.00198094504182 -0.4980844234576833
-129.06312489564047 -1.047272175080866
-131.12426884623912 -1.4246089787074743
-133.18541279683774 -0.721857389014208
-135.2465567474364 -1.066084178158775
-137.30770069803503 -0.7226207887236431
-139.36884464863368 -0.8544882854849932
-141.4299885992323 -2.0213623240410903
-143.49113254983095 -1.523610583277622
-145.55227650042957 -1.973163054866975
-147.61342045102825 -1.9035142747871
-149.67456440162687 -1.0953498470978142
-151.73570835222552 -0.4511699420125339
-153.79685230282416 -0.1741023752511249
-155.85799625342278 -1.1961690410288273
-157.91914020402146 -0.7086776931154403
-159.98028415462008 -1.7554183022364944
-162.04142810521873 -2.353982629642945
-164.10257205581735 -0.4735444172244527
-166.163716006416 -0.09811427419339266
-168.22485995701464 -2.1523940792541727
-170.2860039076133 -0.9625653826752508
-172.3471478582119 -2.51405594471007
-174.40829180881056 -1.8914042969350366
-176.4694357594092 -2.5713867644899984
-178.53057971000786 -2.8877286011163084
-180.59172366060648 -2.1625336345863024
-182.65286761120512 -1.8359890567250294
-184.71401156180374 -1.6148959135576384
-186.77515551240242 -0.7727517566114576
-188.83629946300104 -2.8000023417124984
-190.8974434135997 -3.6655643275416883
-192.95858736419834 -1.4714399039612296
-195.01973131479696 -2.409722444649436
-197.08087526539563 -1.581287525472409
-199.14201921599428 -2.0733271400894546
-201.20316316659293 -2.3153839573989385
-203.26430711719155 -2.4563085199298333
-205.3254510677902 -2.211974073519319
-207.38659501838882 -2.6010940450156683
-209.4477389689875 -2.2883758570296284
-211.5088829195861 -0.08098908020986616
-213.57002687018476 -1.6676793848199902
-215.63117082078338 0.13717744773118237
-217.69231477138206 -2.9888262732104027
-219.75345872198068 -0.5073787658342876
-221.81460267257933 0.3990105149602946
