# BEGINHEADER
# This file contains data from the SALSA 2m radio telescope.
# DATE=2024-04-12T06:16:0011
# GLON and GLAT given in degrees
# GLON=57.848854431935344
# GLAT=0.1824572225648972
# DATA in two columns below. Col. 1 is velocity relative to LSR [km/s]. Col. 2 is uncalibrated antenna temperature [K].
# ENDHEADER
305.0876562142408 -1.3114380117087652
303.02651226364213 -0.948050025797129
300.9653683130435 -0.15594985296762406
298.90422436244484 -2.335332533198306
296.8430804118462 -0.0700069148549216
294.78193646124754 -1.3701543860872876
292.7207925106489 -2.357059845248211
290.6596485600503 0.3989537856446048
288.59850460945165 -0.705582747478025
286.53736065885295 2.5734716379776765
284.47621670825436 6.54007066296597
282.4150727576557 -1.8396161972763665
280.35392880705706 0.18737982123187738
278.2927848564584 -1.633365550780754
276.23164090585976 -0.33507804586188267
274.17049695526117 0.12541968581193927
272.1093530046625 0.3432528613631352
270.0482090540638 -0.5511092550280352
267.9870651034652 -1.244884145989409
265.9259211528666 0.22903523241658544
263.864777202268 -0.6225312805839199
261.8036332516693 0.3279115321806159
259.7424893010707 -1.0934922481192644
257.68134535047204 1.7563647313037625
255.62020139987337 4.286811031834923
253.55905744927472 -2.0545353090014338
251.4979134986761 -1.908209000298289
249.43676954807745 0.18537585770499979
247.37562559747883 -1.310510240826637
245.31448164688015 0.10951132766436598
243.25333769628153 -1.4094816931269125
241.19219374568289 -0.6909947539259466
239.13104979508427 0.5228394048237297
237.0699058444856 -0.12125863047825759
235.00876189388697 -2.974610356847389
232.94761794328832 -1.6229336788118434
230.8864739926897 -0.6504160260263128
228.82533004209105 1.3536826762342669
226.7641860914924 0.6323528859798663
224.70304214089376 -0.7307936532559032
222.64189819029514 -0.9609502420604699
220.5807542396965 -1.0660160691942469
218.51961028909787 -0.39186426065899466
216.4584663384992 -0.5949877743296382
214.39732238790054 -2.7827417046829273
212.33617843730192 -2.9271001313999117
210.27503448670328 -2.010541218470374
208.21389053610463 -0.9548103592277615
206.15274658550598 -1.4917058662210678
204.09160263490736 -0.5487423306043906
202.0304586843087 -2.9546279716603383
199.9693147337101 -1.0038871963328069
197.90817078311142 0.197862676926968
195.84702683251277 0.04234636989201059
193.78588288191412 -1.6977642347568314
191.7247389313155 0.7088198435599034
189.66359498071685 -1.4859081040715076
187.60245103011823 -1.6291781165760737
185.54130707951956 -2.4630607436480583
183.48016312892094 -1.2309759728577438
181.4190191783223 -2.5669007576320158
179.35787522772364 -2.2311712829619403
177.29673127712502 -2.6604113933566156
175.23558732652634 -2.6811386359351106
173.17444337592772 -1.3109328050606248
171.11329942532907 0.03136206033587377
169.05215547473045 -1.3356209132973902
166.99101152413178 -3.3906491948738156
164.92986757353316 -2.6882877263970104
162.8687236229345 -1.6932218424915781
160.8075796723359 -2.419177333693844
158.74643572173724 -1.3631347022693356
156.6852917711386 0.22117127670570927
154.62414782053995 -2.058359576217516
152.56300386994133 -1.4438136284605065
150.50185991934268 -0.40989882879477524
148.44071596874406 -1.655158377469455
146.37957201814538 -1.925395990085076
144.31842806754676 -2.901443381589145
142.2572841169481 -3.3559564649857903
140.19614016634947 -1.465279345691381
138.13499621575085 -1.793604255345894
136.07385226515217 -2.715261925104713
134.01270831455355 -1.9666036492902792
131.9515643639549 -0.9733119775544752
129.89042041335625 -2.862877416505382
127.82927646275763 -3.2374085974838707
125.76813251215899 -2.9138617283670745
123.70698856156035 -4.9376171994920215
121.6458446109617 -3.5888020414857174
119.58470066036305 -4.575112035222443
117.52355670976442 -3.340666912696021
115.46241275916577 -4.125901971044829
113.40126880856714 -3.372312790567695
111.34012485796849 -2.918222624184
109.27898090736986 -3.6813775018769177
107.21783695677122 -3.4923193119145646
105.15669300617257 -4.228671829516952
103.09554905557394 -3.3687938996817066
101.03440510497529 -3.4698785384806623
98.97326115437666 -3.0314213631552414
96.91211720377801 -2.48472353740781
94.85097325317938 -3.990435248388657
92.78982930258074 -3.7215572508069417
90.7286853519821 -2.8902025720280236
88.66754140138346 -2.630929294447639
86.60639745078481 -2.870849429167273
84.54525350018618 -2.690699065810937
82.48410954958753 -2.4506386982889827
80.42296559898888 -4.737343883364572
78.36182164839025 -3.18076143037877
76.3006776977916 -1.2957264199386964
74.23953374719297 -3.7547921917142957
72.17838979659432 -3.4851785843698955
70.11724584599568 -2.0254979880800468
68.05610189539705 -1.7553805780426242
65.9949579447984 -3.642371368602448
63.93381399419976 -2.9818715836938585
61.872670043601126 -2.8948310787532554
59.811526093002485 0.031586958497230117
57.75038214240384 0.5733400993335971
55.6892381918052 2.054760088316131
53.628094241206554 5.205756318738112
51.56695029060791 8.90689574566563
49.50580634000928 10.573468725865473
47.44466238941064 18.189681550462073
45.383518438812 22.607955997211185
43.32237448821336 28.01357453978338
41.26123053761472 32.968638568479854
39.20008658701608 42.20763545485065
37.13894263641744 48.468598720317345
35.07779868581879 56.31723199838614
33.01665473522015 62.72790384963314
30.955510784621517 67.089385662513
28.894366834022872 73.98672306663127
26.833222883424234 74.33178119526858
24.772078932825593 71.86319300212902
22.710934982226952 71.95990309734258
20.64979103162831 73.9608681148046
18.58864708102967 74.22339949419218
16.52750313043103 77.34365842678595
14.46635917983239 81.20439675347284
12.405215229233747 90.10451248247374
10.344071278635106 95.95076355207192
8.282927328036465 95.89679135883831
6.221783377437824 84.04510198743333
4.160639426839183 74.49714959298204
2.099495476240543 64.24526485143176
0.0383515256419022 57.23938745604461
-2.0227924249567386 46.69461099161876
-4.083936375555379 37.947348243205305
-6.14508032615402 35.74995018755549
-8.20622427675266 31.10578846610071
-10.267368227351302 29.19341128868728
-12.328512177949943 27.56756259152384
-14.389656128548582 24.277431104711972
-16.45080007914722 20.747399770406034
-18.511944029745866 15.798859741593592
-20.573087980344503 13.345433150331067
-22.634231930943145 9.293609486738637
-24.695375881541786 9.002513465759618
-26.756519832140427 6.816477027762664
-28.817663782739068 4.459929359790301
-30.87880773333771 5.554117053381546
-32.93995168393635 1.8395916432676471
-35.00109563453499 5.191054055039258
-37.06223958513363 5.143970312847489
-39.123383535732266 2.3150599177833344
-41.18452748633091 7.2571416197052905
-43.245671436929555 8.745536023297456
-45.3068153875282 11.410810444122875
-47.36795933812684 15.223444020408058
-49.42910328872548 21.4430396727573
-51.49024723932412 23.6315116245427
-53.55139118992276 24.455152762165483
-55.6125351405214 30.416315965445147
-57.67367909112004 32.936176160871725
-59.734823041718684 33.46397213401021
-61.79596699231733 35.387572389712105
-63.857110942915966 34.6120491933327
-65.9182548935146 31.726063449913266
-67.97939884411325 28.83699261265915
-70.04054279471188 24.908475735081176
-72.10168674531053 22.87674165259562
-74.16283069590918 19.731974041574425
-76.22397464650781 14.455737936754822
-78.28511859710646 13.928095087811313
-80.3462625477051 10.358345001072847
-82.40740649830374 8.719063990093073
-84.46855044890238 6.233468944716929
-86.52969439950101 2.645664057465687
-88.59083835009966 1.7905973775203516
-90.6519823006983 1.7270133931071263
-92.71312625129694 2.1960440913586243
-94.77427020189558 0.2717173973705554
-96.83541415249421 0.19735752183965793
-98.89655810309286 -2.5294260218171534
-100.95770205369149 -1.7245245844745591
-103.01884600429014 -1.9700891479237428
-105.07998995488877 -3.411027465673365
-107.14113390548742 -2.521281778690025
-109.20227785608606 -2.3926966463075843
-111.2634218066847 -3.1202697815475693
-113.32456575728335 -4.49650895240926
-115.38570970788199 -2.3795654118708116
-117.44685365848063 -3.6161269747031386
-119.50799760907927 -3.043649248304821
-121.56914155967792 -4.538186937893563
-123.63028551027655 -3.5558421471347583
-125.69142946087518 -3.9444309964895865
-127.75257341147383 -5.003660801195544
-129.81371736207248 -4.186385480894812
-131.8748613126711 -2.9439487731427363
-133.93600526326978 -3.633030353590454
-135.9971492138684 -5.863375232559074
-138.05829316446705 -4.503166811348149
-140.11943711506567 -4.219534182728302
-142.1805810656643 -2.1011602689577624
-144.24172501626296 -2.3567044411172566
-146.3028689668616 -3.988586653101543
-148.36401291746023 -2.3068674278269343
-150.42515686805888 -5.035459248739598
-152.4863008186575 -4.261122052182377
-154.54744476925617 -4.086009533485769
-156.6085887198548 -2.5050367591469795
-158.66973267045344 -1.7504465993196725
-160.73087662105206 -4.660494304654472
-162.79202057165074 -3.586628406693743
-164.85316452224936 -4.256686157120895
-166.914308472848 -2.4859937914927075
-168.97545242344665 -2.7248296851123364
-171.03659637404527 -3.6799922555451348
-173.09774032464395 -4.271398453789447
-175.15888427524257 -1.7082762363557054
-177.22002822584122 -1.7284600136950379
-179.28117217643984 -3.0993652335550017
-181.3423161270385 -3.6224579391118614
-183.40346007763713 -3.155986732555787
-185.46460402823578 -2.7585046554415666
-187.5257479788344 -3.0088102426233507
-189.58689192943305 -2.33494369120989
-191.6480358800317 -4.135137826936638
-193.70917983063035 -2.819885824877874
-195.77032378122897 -2.22703854160277
-197.83146773182762 -2.9150739612267382
-199.89261168242624 -3.7050906594085844
-201.95375563302488 -2.990629077434765
-204.0148995836235 -3.4519207972000348
-206.07604353422215 -3.387549139190862
-208.13718748482077 -0.9180071398239362
-210.19833143541945 -2.4570938608755792
-212.2594753860181 -2.95784646115898
-214.32061933661672 -0.0568928534049594
-216.38176328721536 -1.8388351907840261
-218.442907237814 -1.5717962918152142
-220.50405118841266 -0.6458681355919907
