# BEGINHEADER
# This file contains data from the SALSA 2m radio telescope.
# DATE=2024-03-27T08:58:0017
# GLON and GLAT given in degrees
# GLON=39.870528164788034
# GLAT=0.21952437330696162
# DATA in two columns below. Col. 1 is velocity relative to LSR [km/s]. Col. 2 is uncalibrated antenna temperature [K].
# ENDHEADER
308.5052857197692 19.53919730919468
306.4441417691706 35.0853463742052
304.38299781857194 30.112337568996235
302.32185386797335 30.73331971014213
300.26070991737464 24.877953266730756
298.199565966776 19.369187385005034
296.1384220161774 21.230917712517996
294.07727806557875 23.867104735920222
292.0161341149801 25.891299465083197
289.95499016438146 15.407834774128984
287.8938462137828 2.6840753160990904
285.8327022631842 27.962871924351948
283.7715583125855 20.04386404105791
281.7104143619869 21.148198609398527
279.6492704113883 23.263314338122758
277.58812646078957 27.88061166746791
275.526982510191 20.853277307212817
273.4658385595923 21.339553220497102
271.40469460899374 17.938809353970967
269.34355065839503 20.88598992691589
267.2824067077964 20.403294748027488
265.2212627571978 20.921870102609983
263.16011880659914 26.159378100519103
261.0989748560005 23.830899566501806
259.03783090540185 22.77536265217826
256.9766869548032 21.432658252333887
254.91554300420455 22.319513118081
252.85439905360593 21.076105028120864
250.79325510300728 23.109796810197476
248.73211115240866 27.585566489378813
246.67096720181002 25.701941089742018
244.60982325121134 26.533926190856477
242.54867930061272 24.140214598230816
240.48753535001407 24.326901163822793
238.42639139941545 22.600657536686573
236.36524744881677 23.289439449208146
234.30410349821815 25.884732253816956
232.2429595476195 25.26972604077327
230.1818155970209 25.708111604417248
228.12067164642224 23.295181505747976
226.0595276958236 21.41130039750986
223.99838374522494 22.732471665315945
221.93723979462632 24.908168413811282
219.87609584402767 29.48839434365622
217.81495189342905 26.084191525498102
215.75380794283038 25.6338626819736
213.69266399223176 24.477146680771845
211.6315200416331 24.07438861059336
209.5703760910345 24.680040059728785
207.50923214043584 25.863023567000358
205.44808818983716 26.20542882127382
203.38694423923855 23.50479710809375
201.3258002886399 23.709924616441622
199.26465633804128 24.760076413987257
197.2035123874426 25.232540948041745
195.14236843684398 25.462716528448418
193.08122448624533 29.88725787862332
191.0200805356467 31.14673580053558
188.95893658504806 27.67071492493613
186.89779263444942 28.096155348612506
184.83664868385077 26.371338324649678
182.77550473325215 23.855689961394834
180.7143607826535 25.735391979242166
178.65321683205488 27.361804846693776
176.5920728814562 30.6457852388565
174.53092893085758 27.247725812536892
172.46978498025894 29.330281636115902
170.40864102966032 28.893725174795993
168.34749707906164 26.546233468035968
166.286353128463 29.38172708792207
164.22520917786437 31.69592949647619
162.16406522726572 30.743650068733363
160.1029212766671 27.815454530700773
158.04177732606843 28.60497018090878
155.9806333754698 28.956941894718437
153.91948942487116 32.59001286430706
151.85834547427254 30.341754607705077
149.7972015236739 31.943972031881234
147.73605757307524 31.72974233609502
145.6749136224766 33.30282624861381
143.61376967187798 30.783042553361877
141.55262572127933 31.30870174676151
139.49148177068068 31.078304135665174
137.43033782008203 28.602671897501008
135.3691938694834 36.930336003212
133.30804991888476 26.5959799482775
131.24690596828614 47.906100642411644
129.18576201768747 86.56923289006801
127.12461806708883 59.41071192083513
125.0634741164902 44.514571128391246
123.00233016589156 33.35801160622079
120.94118621529292 36.93447241306225
118.88004226469428 31.08462823416601
116.81889831409563 30.926187837327852
114.757754363497 32.00302988306579
112.69661041289835 24.359334598707104
110.6354664622997 21.716412920407617
108.57432251170107 38.624378678912
106.51317856110242 35.30547650691674
104.45203461050379 37.18702998014043
102.39089065990514 30.455496888787813
100.3297467093065 27.484112836573946
98.26860275870786 35.38585165004959
96.20745880810922 30.78279145692714
94.14631485751059 35.19237026682211
92.08517090691194 44.61812355605339
90.0240269563133 39.220641011076204
87.96288300571466 36.38466544614186
85.90173905511602 37.5047050195946
83.84059510451738 38.405017920483644
81.77945115391874 35.78805894021171
79.71830720332011 37.56117748767743
77.65716325272146 42.92790848415889
75.59601930212283 43.771370581480355
73.53487535152418 40.40328035534348
71.47373140092553 40.72493977898276
69.4125874503269 40.84390526304242
67.35144349972825 41.80979142064688
65.29029954912961 42.94059132861795
63.229155598530966 46.612876372971904
61.16801164793233 50.55810169218631
59.10686769733369 45.90669412500784
57.04572374673505 46.42700397666288
54.98457979613641 43.73805465949369
52.92343584553777 42.962427915147664
50.862291894939126 36.00079437672933
48.80114794434049 39.49761526943014
46.74000399374185 45.349660232867656
44.67886004314322 44.08978859910255
42.61771609254457 46.09734798941635
40.55657214194593 44.650299350593556
38.49542819134729 48.68046379732158
36.434284240748646 49.550485541699366
34.373140290150005 53.053473026831654
32.311996339551364 54.16998508676074
30.250852388952726 49.88773786329931
28.189708438354085 45.62922455378135
26.128564487755444 44.59641624274046
24.0674205371568 45.01255890604047
22.00627658655816 46.01280451197776
19.94513263595952 49.66266845738316
17.883988685360876 44.22611747162121
15.822844734762237 48.063122866885536
13.761700784163597 50.63254990607545
11.700556833564956 46.40837611647216
9.639412882966317 45.21939729285567
7.578268932367676 47.776986640420816
5.517124981769034 46.25914826507716
3.4559810311703933 45.87723532232971
1.394837080571753 46.9602086773059
-0.6663068700268878 46.80023789808877
-2.7274508206255286 47.2202769278354
-4.78859477122417 44.96565855319701
-6.84973872182281 44.658357689967055
-8.910882672421451 42.7214579286491
-10.97202662302009 41.8629172324922
-13.033170573618733 39.606340264639144
-15.094314524217374 42.70438008958051
-17.155458474816015 40.11631695835774
-19.216602425414653 43.27673081119813
-21.277746376013297 44.54790552901654
-23.33889032661194 46.77936562392955
-25.400034277210576 45.74706339432942
-27.461178227809214 42.809030704224156
-29.522322178407858 46.24036289139376
-31.5834661290065 60.38524260472238
-33.64461007960514 45.17961033431762
-35.705754030203785 47.39158598740136
-37.76689798080242 46.132764065212136
-39.82804193140106 46.20521931963032
-41.8891858819997 43.84416793814148
-43.95032983259834 41.45208827360781
-46.01147378319698 44.74366556321636
-48.072617733795624 47.243586984796366
-50.133761684394266 47.72931146983155
-52.19490563499291 44.46201129561698
-54.256049585591555 45.68521765254298
-56.317193536190196 45.96785557794884
-58.37833748678884 44.38484133934539
-60.43948143738748 46.441592679377266
-62.50062538798611 53.48097697145641
-64.56176933858475 47.11926230840967
-66.6229132891834 41.709228722769126
-68.68405723978204 42.893764694556346
-70.74520119038067 42.39963576631854
-72.80634514097932 39.147850135714144
-74.86748909157795 40.18309169426227
-76.9286330421766 43.20416070271479
-78.98977699277523 45.52480749990747
-81.05092094337388 43.20605655775318
-83.11206489397253 41.46001366205199
-85.17320884457116 40.47449032298289
-87.23435279516981 34.9172081532743
-89.29549674576845 43.40088683259508
-91.3566406963671 41.602983598749816
-93.41778464696573 45.68477709591585
-95.47892859756438 45.388922206050424
-97.54007254816301 43.247637310124944
-99.60121649876164 41.11775004818232
-101.66236044936029 40.26429943639251
-103.72350439995893 37.37287399276494
-105.78464835055757 40.67703236810669
-107.84579230115621 44.61725500485197
-109.90693625175484 42.514105912426764
-111.96808020235349 43.713540910488824
-114.02922415295212 44.46600895545252
-116.09036810355077 42.109176657448174
-118.1515120541494 44.05110476111766
-120.21265600474806 43.892617242167525
-122.2737999553467 47.89053271099838
-124.33494390594534 45.27532098953587
-126.39608785654399 43.187335756646966
-128.45723180714262 40.12470162571429
-130.51837575774127 41.386175491305515
-132.57951970833992 42.7827448780052
-134.64066365893854 36.474817401825895
-136.70180760953718 38.68780400660787
-138.7629515601358 43.260817434930274
-140.82409551073445 41.854770022475606
-142.88523946133313 41.93798740624365
-144.94638341193175 41.38592498821193
-147.0075273625304 39.971930940584045
-149.06867131312902 41.61207385073583
-151.1298152637277 41.05080479740575
-153.1909592143263 41.0746719908299
-155.25210316492496 43.59076684072298
-157.31324711552358 40.53207274861022
-159.37439106612223 42.88854265268116
-161.43553501672088 44.82727504744252
-163.49667896731953 47.483430738998216
-165.55782291791814 42.40317499332506
-167.6189668685168 38.81182986083453
-169.6801108191154 42.24546768089928
-171.7412547697141 42.69022541759208
-173.8023987203127 40.79660277264223
-175.86354267091136 40.179399753513714
-177.92468662150998 45.90862403621628
-179.98583057210863 35.66700612803135
-182.0469745227073 38.70531936263366
-184.10811847330592 42.870828357792945
-186.16926242390457 40.73297089515505
-188.2304063745032 42.75536679581343
-190.29155032510187 39.991647789194396
-192.3526942757005 40.50793670359073
-194.41383822629913 42.31100095823696
-196.47498217689775 38.063036405163636
-198.5361261274964 35.16817230226422
-200.59727007809505 39.99811913306487
-202.6584140286937 44.463236712694915
-204.71955797929232 39.056909346564126
-206.78070192989097 42.47095710132331
-208.8418458804896 38.533048349080815
-210.90298983108826 34.48667219076239
-212.96413378168688 33.21618396170192
-215.02527773228553 30.452932741286737
-217.08642168288415 37.48676244737101
