# BEGINHEADER
# This file contains data from the SALSA 2m radio telescope.
# DATE=2024-03-27T09:02:0015
# GLON and GLAT given in degrees
# GLON=44.80365321017392
# GLAT=0.21009535375829144
# DATA in two columns below. Col. 1 is velocity relative to LSR [km/s]. Col. 2 is uncalibrated antenna temperature [K].
# ENDHEADER
307.49199379822136 17.478656588889688
305.4308498476227 27.64796482607823
303.36970589702406 22.74128846687216
301.3085619464254 24.83511734665105
299.24741799582677 21.507674269739404
297.1862740452282 16.566219337385185
295.12513009462947 18.536380639797976
293.0639861440309 19.49220013857081
291.00284219343223 20.84208259007207
288.9416982428335 13.357187371709863
286.88055429223493 -1.736147918866872
284.8194103416363 22.031054826069077
282.7582663910377 16.572916509543838
280.697122440439 19.556456811656343
278.63597848984034 19.721849041363967
276.57483453924175 23.758281819140073
274.5136905886431 18.693110130919763
272.45254663804445 18.12688841204961
270.3914026874458 13.669899977468228
268.33025873684716 17.266516947542463
266.26911478624856 16.79800635010903
264.20797083564986 14.880750429930762
262.14682688505127 20.406818970041773
260.0856829344526 21.576445317180305
258.024538983854 18.13813656370663
255.96339503325532 17.324545488630992
253.90225108265668 19.695274668173244
251.84110713205806 18.74957394184825
249.7799631814594 19.338954832820125
247.71881923086076 18.948420144167198
245.6576752802621 23.141470971685585
243.59653132966346 21.53732497203607
241.53538737906484 17.17825492896375
239.4742434284662 18.716453984763227
237.41309947786755 17.07942876667493
235.3519555272689 15.991727813861552
233.29081157667028 20.502073362323316
231.22966762607163 23.224616571121757
229.168523675473 22.238263752578987
227.10737972487433 18.400948799303066
225.04623577427571 19.11609917471688
222.98509182367707 17.80103435538666
220.92394787307845 20.58865641143416
218.8628039224798 21.790298501563807
216.80165997188115 21.60692247608812
214.7405160212825 20.644461109193543
212.67937207068388 20.562093831037277
210.61822812008523 21.142572980969536
208.5570841694866 19.68808630695295
206.49594021888794 21.930151232070187
204.4347962682893 19.279470866999347
202.37365231769067 18.090500157521713
200.31250836709202 19.818934598561164
198.25136441649337 19.099986990770443
196.19022046589475 18.44851561853657
194.12907651529613 21.3734930841606
192.0679325646975 20.915688295663266
190.00678861409884 22.13195008411752
187.9456446635002 22.44395863998846
185.88450071290157 22.88542476623235
183.82335676230292 22.676048160715553
181.7622128117043 20.565990347462
179.70106886110563 21.12277063007272
177.639924910507 20.878196114209683
175.57878095990836 22.734508060772058
173.51763700930974 23.54750257641527
171.45649305871106 20.509501973131748
169.3953491081124 24.69110187864516
167.3342051575138 23.401965477426906
165.27306120691514 24.643660667839548
163.21191725631653 23.793373762129054
161.15077330571785 26.27897675430662
159.08962935511923 23.922021439210592
157.02848540452058 24.151956698783167
154.96734145392196 26.64639766681902
152.9061975033233 25.502887001963884
150.84505355272466 24.302478865872988
148.78390960212602 24.722687099315568
146.7227656515274 26.391200747369254
144.66162170092875 26.273797430431824
142.6004777503301 23.09682011227737
140.53933379973145 25.160862181694267
138.47818984913283 25.356661799743474
136.41704589853418 27.156107765957877
134.35590194793556 27.00473120296034
132.2947579973369 25.209245728369236
130.23361404673824 34.30254845821443
128.17247009613962 53.73298986422438
126.11132614554099 47.125520082154914
124.05018219494234 34.31003193737598
121.9890382443437 30.687177959447386
119.92789429374506 28.69884140506859
117.86675034314642 27.323844617416018
115.80560639254777 26.247204714589216
113.74446244194914 24.174824628129446
111.68331849135049 19.348472725201756
109.62217454075184 15.999350124648744
107.56103059015321 33.731582292982814
105.49988663955456 25.071250778267284
103.43874268895593 30.245128094709333
101.37759873835728 25.787283759103094
99.31645478775864 24.862446013885894
97.25531083716 31.346951299927586
95.19416688656135 24.817471250005745
93.13302293596271 28.414202988022545
91.07187898536408 36.693245035642704
89.01073503476543 32.711280685448656
86.9495910841668 29.185732154620286
84.88844713356815 31.203479736290316
82.82730318296952 31.29337147056385
80.76615923237087 30.563491987177077
78.70501528177223 29.330015345641435
76.6438713311736 35.3209349486008
74.58272738057495 32.817250115809735
72.5215834299763 34.96531345153371
70.46043947937765 35.71672104765508
68.39929552877902 34.89604396793352
66.33815157818037 35.42808526303401
64.27700762758174 36.03407812662766
62.2158636769831 41.481571178707405
60.15471972638446 46.113528030177754
58.093575775785816 42.41914008904457
56.03243182518718 42.8158061576415
53.97128787458854 39.78764378998293
51.9101439239899 38.22437347511739
49.84899997339126 33.06393239744726
47.787856022792624 34.29421491496883
45.72671207219398 40.223060146911834
43.665568121595335 38.655058412043395
41.604424170996694 39.83252333733482
39.54328022039806 38.79730741120773
37.48213626979942 39.08886647681168
35.42099231920078 37.42604386562995
33.35984836860214 42.34935993762873
31.298704418003496 44.29675944720064
29.237560467404855 44.44060880520735
27.176416516806214 39.592899097524096
25.115272566207572 38.54189428083218
23.05412861560893 41.03187644647118
20.99298466501029 40.17590586937182
18.931840714411646 40.592987898929266
16.870696763813008 40.31972688177084
14.809552813214367 42.12272232884933
12.748408862615724 42.65545694462995
10.687264912017085 40.60577183249887
8.626120961418446 41.45507329768715
6.564977010819803 40.81278309988286
4.5038330602211625 38.92386440665538
2.442689109622522 35.45576980412389
0.38154515902388125 40.07350809206324
-1.6795987915747597 39.69515459871949
-3.7407427421734 37.03412959125161
-5.801886692772041 34.680025596035435
-7.863030643370682 35.34658395842652
-9.924174593969322 37.088539691148476
-11.985318544567964 32.51243904994998
-14.046462495166605 32.57882430762585
-16.107606445765246 37.123423227438906
-18.168750396363887 36.34011289767031
-20.229894346962528 35.82360647894516
-22.29103829756117 35.900738675264016
-24.352182248159806 37.7042048690203
-26.413326198758444 37.40774307146204
-28.47447014935709 36.17272969799516
-30.53561409995573 40.146301442452085
-32.596758050554364 51.05905408981389
-34.65790200115301 39.92751409030478
-36.71904595175165 37.92955353158175
-38.780189902350294 36.546226922946985
-40.841333852948935 37.81702356813688
-42.902477803547576 36.46718797199827
-44.96362175414621 37.050444780644526
-47.02476570474485 37.4141053277858
-49.08590965534349 38.90606611613349
-51.14705360594214 39.410107984923954
-53.20819755654079 36.51271128201574
-55.26934150713942 36.87100651318272
-57.330485457738064 37.637113009621785
-59.391629408336705 38.85208125518544
-61.452773358935346 37.4187195018056
-63.51391730953399 45.80849718997455
-65.57506126013263 37.820804435329066
-67.63620521073126 35.76350574351876
-69.69734916132991 36.02667001869997
-71.75849311192854 35.3389223328979
-73.81963706252719 32.286793007648335
-75.88078101312583 32.041509280680486
-77.94192496372446 36.051777526768035
-80.00306891432311 36.63324376229596
-82.06421286492176 36.11308749342508
-84.1253568155204 33.41472870768166
-86.18650076611904 30.274018770626157
-88.24764471671767 25.81455387754879
-90.30878866731632 35.960089239518254
-92.36993261791496 33.52132894613364
-94.4310765685136 38.265031983556135
-96.49222051911224 35.231507666126284
-98.55336446971089 35.32029410725719
-100.6145084203095 33.10235245564404
-102.67565237090815 33.50094744230645
-104.73679632150679 30.43648197203978
-106.79794027210544 30.13408274179419
-108.85908422270407 34.032698091510845
-110.9202281733027 36.435837339150865
-112.98137212390135 35.444119070734196
-115.04251607449999 34.60434141294349
-117.10366002509863 34.10233302588249
-119.16480397569727 35.384678710360426
-121.22594792629593 34.46197335141109
-123.28709187689456 34.718688013566464
-125.3482358274932 34.44553767594941
-127.40937977809185 33.71967276195569
-129.47052372869047 32.74229612922884
-131.53166767928911 32.9612151314537
-133.59281162988776 35.93958352150937
-135.65395558048638 26.643336516612006
-137.71509953108503 30.39370558960592
-139.7762434816837 36.20611457916116
-141.83738743228233 31.58300977740592
-143.89853138288098 33.38743370494919
-145.9596753334796 32.749432558109994
-148.02081928407827 32.47415618095423
-150.0819632346769 32.48287071208063
-152.14310718527554 33.38602127231883
-154.20425113587416 35.65942580823255
-156.2653950864728 37.49791467385594
-158.32653903707146 33.56884822204231
-160.3876829876701 33.13367241469628
-162.44882693826872 35.39310695997665
-164.50997088886737 38.547734499824905
-166.571114839466 30.534171601582262
-168.63225879006467 29.900253551599665
-170.6934027406633 34.303313734970224
-172.75454669126194 34.068203820037255
-174.81569064186056 32.152407496729744
-176.87683459245923 31.085764776939257
-178.93797854305788 34.099881541358506
-180.9991224936565 23.051691043175293
-183.06026644425515 30.108538549667824
-185.12141039485377 34.01249261324467
-187.18255434545244 35.59272608499605
-189.24369829605106 34.382671903708214
-191.3048422466497 30.863271957853375
-193.36598619724833 30.569899043359317
-195.42713014784698 31.798274361144337
-197.48827409844563 29.037212035748414
-199.5494180490443 26.56049099420587
-201.61056199964293 33.9369998411877
-203.67170595024157 36.01128861369478
-205.7328499008402 30.45409643982355
-207.79399385143884 32.69266217666379
-209.8551378020375 30.363934334610516
-211.91628175263614 27.20797120828692
-213.97742570323476 26.217667878008314
-216.0385696538334 26.733618278854436
-218.09971360443208 30.09622353420142
