# BEGINHEADER
# This file contains data from the SALSA 2m radio telescope.
# DATE=2024-04-12T05:50:0010
# GLON and GLAT given in degrees
# GLON=29.852762767616976
# GLAT=0.24469797816170016
# DATA in two columns below. Col. 1 is velocity relative to LSR [km/s]. Col. 2 is uncalibrated antenna temperature [K].
# ENDHEADER
309.2097345422361 -0.8584343722563166
307.14859059163746 -0.8506132023277948
305.0874466410388 -0.2059952503286147
303.0263026904402 -1.3384399204233444
300.96515873984157 -1.6615875268999327
298.90401478924286 0.5360147786554647
296.8428708386443 0.6102143497886874
294.7817268880456 0.1912446446896193
292.720582937447 -1.7044075373896619
290.65943898684833 6.3416401609290585
288.5982950362497 13.124616596326872
286.5371510856511 -2.030939575354195
284.47600713505244 1.4286026013806818
282.41486318445374 -0.48562529815313277
280.35371923385514 1.6620782545785504
278.2925752832565 -0.06586292788810721
276.23143133265785 0.778834343903271
274.1702873820592 0.7116279254232339
272.10914343146055 -0.8012180491407478
270.04799948086196 0.8451646423672523
267.98685553026326 -0.6526174005187697
265.92571157966466 1.0458175889127077
263.864567629066 -1.0670723183733213
261.80342367846737 5.4266584176369745
259.7422797278687 5.459794707908561
257.6811357772701 -1.4993328958095749
255.61999182667145 2.5641435327747866
253.5588478760728 1.2638422089157888
251.49770392547418 1.2080065975474603
249.43655997487554 -1.4456992299924556
247.3754160242769 0.6839744040417672
245.31427207367824 -1.362404797498997
243.25312812307962 -0.8517485377090487
241.19198417248097 -0.07557606339502722
239.1308402218823 -0.701741055030513
237.06969627128368 -0.09626098847752664
235.00855232068503 1.1337746149426176
232.9474083700864 2.5336789198952103
230.88626441948776 3.2307536846984335
228.8251204688891 -0.7612421203150618
226.76397651829046 -1.9024855377735408
224.70283256769184 -0.09548825055444614
222.6416886170932 1.4515995255451668
220.58054466649457 -0.565792283816341
218.5194007158959 -0.48014003351324425
216.45825676529728 -0.2969514803850741
214.39711281469863 0.10226263442087791
212.3359688641 -1.070447414507838
210.27482491350133 0.4002219760665783
208.2136809629027 1.2521519149238969
206.15253701230407 0.23464781495316803
204.09139306170545 1.6869245968983675
202.0302491111068 -1.2764235221032338
199.96910516050812 0.5317199964616199
197.90796120990947 -1.4142255216285489
195.84681725931082 1.416918620110527
193.7856733087122 -0.4637084469639984
191.72452935811356 -0.9707959760928151
189.66338540751494 -0.3138472874205653
187.60224145691626 -1.0106333461800008
185.54109750631764 -0.9372574520938904
183.479953555719 -1.1841922544550303
181.41880960512037 -1.3342139341808745
179.35766565452172 -3.3609334371198787
177.29652170392308 -0.5386661555578086
175.23537775332443 -1.3213263853581114
173.1742338027258 -1.4035085800371796
171.11308985212716 -2.1137644944621097
169.0519459015285 0.05701343281792697
166.99080195092986 0.46793150781103354
164.92965800033122 -0.56470269592185
162.8685140497326 -1.2239754941653571
160.80737009913395 -1.74316299740048
158.7462261485353 -1.1178353356471773
156.68508219793665 -2.141834009010967
154.62393824733803 -1.5646695718937167
152.56279429673938 -1.7666387983968466
150.50165034614076 -2.7000783354663525
148.4405063955421 0.4592798918421242
146.37936244494347 -1.0387613763080388
144.31821849434482 -0.735359346048593
142.2570745437462 -1.7079382456999124
140.19593059314752 -1.3113053089316948
138.1347866425489 -1.0516790318580718
136.07364269195025 -2.5262329856398607
134.01249874135164 -1.5461687148480894
131.951354790753 -0.8220476122032069
129.89021084015434 -1.7010564022140204
127.82906688955569 -0.8798178886931955
125.76792293895706 -0.7643351822396606
123.70677898835842 -1.5027195369488644
121.64563503775977 1.0866849201667936
119.58449108716114 2.285098183003924
117.52334713656249 4.535337533896648
115.46220318596386 3.5311621083231692
113.40105923536521 5.4997188726708375
111.33991528476658 9.54092648495548
109.27877133416794 11.349703428405316
107.2176273835693 15.983503916376254
105.15648343297065 19.5394500329695
103.095339482372 24.062201962959886
101.03419553177336 27.434459159340793
98.97305158117472 28.194877096752094
96.91190763057608 30.440263789039587
94.85076367997745 32.55566327503962
92.7896197293788 32.53990134316529
90.72847577878017 35.287206221197536
88.66733182818152 35.1919203625235
86.60618787758288 33.99758999815951
84.54504392698423 34.85662829186863
82.4838999763856 33.29499783221537
80.42275602578697 35.89572893552823
78.36161207518832 34.36360710780353
76.30046812458968 34.54947951981715
74.23932417399104 34.35189907095711
72.1781802233924 35.00125175021793
70.11703627279375 32.760396577557366
68.0558923221951 30.794407046167155
65.99474837159647 30.87053105480399
63.93360442099783 31.16601700423424
61.8724604703992 33.05501217677565
59.811316519800556 32.825684590887015
57.75017256920191 33.209277816469346
55.68902861860327 37.43606921548573
53.627884668004626 39.07446987390874
51.566740717405985 42.796315083426705
49.50559676680735 45.085277987226654
47.44445281620871 44.30651375787106
45.383308865610076 43.14587795565437
43.322164915011435 44.845304111752355
41.26102096441279 47.1586210404484
39.19987701381415 43.0957710408023
37.138733063215504 41.12181964377797
35.07758911261686 43.36973033731836
33.01644516201822 47.968006072721536
30.955301211419584 48.652773477884864
28.894157260820943 52.37622046292787
26.833013310222306 58.670790436045685
24.771869359623665 62.71253943720349
22.71072540902502 62.264256295412075
20.64958145842638 62.005849361991245
18.588437507827738 62.56998343304119
16.527293557229097 66.04505096388205
14.466149606630456 69.28073699663699
12.405005656031815 71.86837071044025
10.343861705433175 70.86612154267681
8.282717754834534 66.22339139558709
6.221573804235893 64.63315546811153
4.160429853637253 59.12963570515629
2.0992859030386115 58.08059168310135
0.038141952439971136 48.06195444472797
-2.0230019981586698 33.14110938830439
-4.08414594875731 20.445815413416373
-6.1452898993559515 11.510820635567185
-8.206433849954593 12.573455963452457
-10.267577800553232 10.95447096083071
-12.328721751151875 10.213621313769638
-14.389865701750514 15.116547168837432
-16.451009652349157 15.400205459057634
-18.512153602947794 15.338243790386912
-20.573297553546436 16.040873021912773
-22.634441504145077 16.138148603625996
-24.69558545474372 16.825180938445314
-26.75672940534236 17.592102604915823
-28.817873355940996 17.771224368921935
-30.879017306539637 17.939168934135747
-32.94016125713828 21.673635164501523
-35.00130520773692 21.349419428199294
-37.06244915833556 20.15391001345517
-39.1235931089342 20.55374545193507
-41.18473705953284 19.38117817137434
-43.245881010131484 17.802592582636596
-45.307024960730125 15.616131800571356
-47.368168911328766 15.006419197203703
-49.42931286192741 11.067202361783158
-51.49045681252605 7.823780055513213
-53.55160076312469 6.056048351870895
-55.61274471372333 3.1802264311910364
-57.67388866432198 0.8379646319727905
-59.73503261492062 -2.2389545029956213
-61.796176565519254 -0.9707228131413904
-63.857320516117895 -2.1631156889467404
-65.91846446671654 -2.8740651120998786
-67.97960841731518 -2.5976257182209217
-70.04075236791381 -3.5346450402440857
-72.10189631851246 -3.1108473565408157
-74.1630402691111 -3.055286997575433
-76.22418421970974 -4.589896826917205
-78.28532817030838 -3.8917820025228704
-80.34647212090702 -5.756450804880725
-82.40761607150566 -3.007486826512446
-84.46876002210429 -4.276720742032022
-86.52990397270295 -4.450173491594216
-88.59104792330159 -3.5933790891288218
-90.65219187390024 -4.776671422871523
-92.71333582449887 -4.267877126779183
-94.77447977509752 -3.4000169009553245
-96.83562372569615 -4.098196533412239
-98.89676767629479 -2.955036968147598
-100.95791162689343 -3.263769772470816
-103.01905557749207 -6.244795094206808
-105.08019952809072 -3.964517157657231
-107.14134347868935 -5.198893059147828
-109.202487429288 -5.355101371488679
-111.26363137988663 -4.074171778382596
-113.32477533048527 -4.6574609334787045
-115.38591928108391 -3.836817528219489
-117.44706323168255 -5.069601806313225
-119.5082071822812 -4.045641144939764
-121.56935113287983 -3.6944524310079294
-123.63049508347848 -2.6972263522493973
-125.69163903407713 -3.8479709236792274
-127.75278298467576 -4.591990411388951
-129.8139269352744 -3.915419443728989
-131.87507088587304 -3.335370637630199
-133.9362148364717 -3.7315919908059123
-135.9973587870703 -3.113214905040431
-138.05850273766896 -3.7774136252215085
-140.11964668826758 -4.692260582100614
-142.18079063886626 -3.418387831898545
-144.24193458946488 -4.112594490543841
-146.30307854006352 -4.124171788132114
-148.36422249066217 -3.0123243930856183
-150.42536644126082 -3.252617819951198
-152.48651039185947 -3.14305316234826
-154.5476543424581 -3.7536723013445954
-156.60879829305674 -4.61543614691077
-158.66994224365536 -4.39175361876265
-160.73108619425403 -3.8436484945197336
-162.79223014485265 -4.8829168732824595
-164.8533740954513 -2.8641724635905237
-166.91451804604992 -3.4764746568307654
-168.97566199664857 -4.641923286933587
-171.03680594724722 -3.93409151380982
-173.09794989784587 -2.570131580468344
-175.15909384844448 -3.90310381215377
-177.22023779904313 -2.6884202539266937
-179.28138174964175 -2.996611681399793
-181.34252570024043 -0.4887984564266052
-183.40366965083908 -3.91272331396564
-185.4648136014377 -3.364339625896413
-187.52595755203635 -3.7602887815544053
-189.587101502635 -2.8750611922240243
-191.64824545323364 -3.1482558694107747
-193.70938940383226 -2.319055999252236
-195.7705333544309 -3.1093795792118417
-197.83167730502953 -2.9141764617147765
-199.89282125562818 -3.827915467536343
-201.9539652062268 -4.124385535645759
-204.01510915682545 -3.3019138171068008
-206.0762531074241 -3.245698006744495
-208.13739705802274 -1.346690136347461
-210.19854100862136 3.1163276819476553
-212.25968495922 -2.0259275701098307
-214.32082890981863 -1.2516118502067308
-216.3819728604173 -1.0083159700085451
