# BEGINHEADER
# This file contains data from the SALSA 2m radio telescope.
# DATE=2024-04-12T06:58:0023
# GLON and GLAT given in degrees
# GLON=32.98870600669622
# GLAT=3.2277529533350546
# DATA in two columns below. Col. 1 is velocity relative to LSR [km/s]. Col. 2 is uncalibrated antenna temperature [K].
# ENDHEADER
309.0894037478807 1.331908755216476
307.028259797282 1.4958031352471965
304.9671158466833 -0.18826989227220653
302.90597189608474 0.6455420669897178
300.8448279454861 1.5362553348910888
298.78368399488744 1.9148571645392034
296.7225400442888 0.2691245745594954
294.66139609369014 2.016433004691137
292.60025214309155 -1.221694963427462
290.53910819249285 8.628639645519906
288.4779642418942 23.853776337641523
286.4168202912956 -1.2863308718398212
284.35567634069696 3.007918425048282
282.2945323900983 -0.18879302719124444
280.23338843949966 1.6112121660119572
278.172244488901 2.2681131166902557
276.11110053830237 2.745054371657356
274.0499565877037 1.539871030400064
271.9888126371051 1.3319052769934985
269.9276686865065 2.2658192636693193
267.8665247359078 2.0053938747464954
265.8053807853092 2.718075298145866
263.74423683471053 -0.10409196306951679
261.6830928841119 6.300823336469491
259.62194893351324 7.232709762891745
257.56080498291465 -0.19545807016206468
255.499661032316 2.670474853956241
253.43851708171732 0.29092310331506127
251.3773731311187 1.58104097728975
249.31622918052005 1.3495723099153578
247.25508522992143 1.6413557973613544
245.1939412793228 0.8046600849568051
243.1327973287241 1.2778115810492303
241.0716533781255 0.9730885189266028
239.01050942752684 1.512793747706059
236.94936547692822 1.3215369097305005
234.88822152632954 0.46775763261896247
232.82707757573093 3.200548846663744
230.76593362513228 2.4158096018039847
228.70478967453366 0.9776517299915176
226.643645723935 1.376669586585929
224.58250177333636 0.7401251166605094
222.5213578227377 0.42852544536034604
220.4602138721391 0.6465429134946757
218.39906992154044 0.5016743456393602
216.33792597094182 0.6823815953385414
214.27678202034315 1.4548803148777831
212.21563806974453 0.7096980605803522
210.15449411914588 1.7292256920544697
208.09335016854726 0.8639762709920398
206.03220621794858 -0.13015400763637955
203.97106226734994 2.150327101239576
201.90991831675132 1.5432445156924317
199.84877436615267 -1.2063202860316786
197.78763041555405 1.2327172259682277
195.72648646495537 -0.09053174131771208
193.66534251435675 0.8712396244073338
191.6041985637581 0.8808812537821381
189.54305461315948 -1.204749743126944
187.48191066256084 0.2700284795016053
185.4207667119622 1.5367101083880153
183.35962276136354 0.683695494384369
181.29847881076492 -0.6064057062612376
179.23733486016627 2.1997668854108308
177.17619090956765 0.05229296048282386
175.11504695896897 1.3337670732710625
173.05390300837036 -0.20777767050376586
170.9927590577717 -0.3359213746227501
168.9316151071731 -0.9304600841074216
166.8704711565744 0.4234159617423919
164.80932720597576 0.8728488325863458
162.74818325537714 -0.4507639551998534
160.6870393047785 -0.19095968208242578
158.62589535417987 0.06676224848376122
156.5647514035812 0.49651314088335036
154.50360745298258 1.0960374825361225
152.44246350238393 0.06419541664617368
150.3813195517853 1.1346426581118905
148.32017560118666 1.3527667315185141
146.259031650588 1.6104674724783863
144.19788769998937 0.12026306086962524
142.13674374939075 -0.6643714704215178
140.0755997987921 -0.47045437278359425
138.01445584819345 0.4750445733294529
135.9533118975948 -1.1400197145036546
133.89216794699618 -0.9626056812770554
131.83102399639753 -0.18260299211101413
129.76988004579889 0.10972007088240718
127.70873609520025 1.1689334320203701
125.6475921446016 0.19261422953669408
123.58644819400297 0.35481988212197507
121.52530424340434 0.33080309705831906
119.46416029280569 0.8483366245414434
117.40301634220705 2.7616447754637146
115.3418723916084 1.844516358610618
113.28072844100977 1.396529488986249
111.21958449041112 4.4072038607772175
109.15844053981249 4.582740289157908
107.09729658921385 7.055020302638026
105.03615263861519 7.620539561358524
102.97500868801656 9.352070436052959
100.91386473741791 12.533690369458784
98.85272078681928 12.238593562103159
96.79157683622063 14.561205916944132
94.730432885622 15.301762492083544
92.66928893502336 14.131328009934942
90.60814498442471 15.983665046470408
88.54700103382608 17.599894442418023
86.48585708322743 16.384679678466608
84.4247131326288 18.630083456518182
82.36356918203015 17.31142780780983
80.30242523143151 19.726389067670414
78.24128128083288 17.827049567299163
76.18013733023423 18.09078426442004
74.1189933796356 19.14146016443022
72.05784942903695 17.444040604783176
69.99670547843832 17.142295987373505
67.93556152783965 16.093547592917325
65.87441757724102 16.666364874399896
63.813273626642385 17.211221097409908
61.752129676043744 21.00037080146378
59.69098572544511 19.57121807993512
57.62984177484646 21.014204628758108
55.56869782424782 24.89453116254279
53.50755387364918 24.763203935413813
51.44640992305054 28.343425547965293
49.3852659724519 28.50756146248845
47.324122021853256 28.94642170829249
45.26297807125462 29.669585889240544
43.20183412065598 33.52558261309665
41.14069017005734 34.55922928709328
39.07954621945869 33.620988405801874
37.01840226886005 34.00540727471647
34.95725831826141 35.099481548548376
32.89611436766277 39.00533891452101
30.83497041706413 45.836185352348345
28.77382646646549 48.18600390969069
26.712682515866852 53.05804506976387
24.651538565268204 54.67289523368962
22.590394614669567 56.66039206955879
20.529250664070926 58.69813068629282
18.468106713472284 60.654540245956404
16.406962762873647 65.80816399409004
14.345818812275004 66.39122979182774
12.284674861676363 72.2631008745058
10.223530911077724 69.12754051412868
8.162386960479083 67.05971174437647
6.1012430098804415 64.31846907713617
4.0400990592818005 67.64938066774646
1.9789551086831594 59.156930798145666
-0.0821888419154813 42.44295364598042
-2.143332792514122 23.83380396975576
-4.204476743112762 11.512814931774333
-6.265620693711403 8.779065388718802
-8.326764644310044 5.272557830368855
-10.387908594908684 6.1262914781772695
-12.449052545507328 6.3045295504863486
-14.510196496105968 7.27203190228049
-16.57134044670461 7.722733054565835
-18.632484397303248 8.605021458180374
-20.69362834790189 9.615079102706678
-22.75477229850053 9.682580195042275
-24.81591624909917 11.926034946883497
-26.87706019969781 11.381433773680937
-28.93820415029645 12.82333604695606
-30.99934810089509 12.552285144987765
-33.06049205149373 13.20651338449055
-35.12163600209237 14.660422390607131
-37.18277995269101 15.509587267021617
-39.243923903289655 15.502269951735391
-41.305067853888296 16.24762287271146
-43.36621180448694 17.099869290512704
-45.42735575508558 17.56831140041197
-47.48849970568422 17.386052318513865
-49.54964365628286 17.700688139773984
-51.610787606881495 16.504310939178712
-53.671931557480136 13.917980689030639
-55.73307550807878 9.93019616673462
-57.794219458677425 8.972064814384483
-59.855363409276066 5.464821378149374
-61.91650735987471 4.54157045008058
-63.97765131047335 1.4967079341436933
-66.03879526107198 -1.0810783928556702
-68.09993921167063 -0.7326351749609212
-70.16108316226926 0.16077412382415399
-72.2222271128679 -1.1282735992002109
-74.28337106346655 -0.9068915742613605
-76.34451501406518 -1.893140321681811
-78.40565896466383 -0.6537133325576555
-80.46680291526246 -1.5733411011660225
-82.52794686586111 -1.441235050850531
-84.58909081645974 -1.320432734088079
-86.65023476705838 -0.7549522958920363
-88.71137871765704 -2.099103690810297
-90.77252266825568 -1.9502572979340842
-92.83366661885432 -0.9361588653116932
-94.89481056945296 -3.019575947333844
-96.9559545200516 -2.3518979898304235
-99.01709847065024 -0.9906683587732295
-101.07824242124887 -2.4948247955934657
-103.13938637184752 -4.003159595332379
-105.20053032244616 -1.0346469872002748
-107.2616742730448 -3.1743280667646068
-109.32281822364344 -1.6865604476036804
-111.38396217424209 -0.879484876793086
-113.44510612484072 -2.395161166186931
-115.50625007543935 -0.6595307392432693
-117.567394026038 -1.671945533171628
-119.62853797663664 -1.8570696072352715
-121.68968192723528 -0.5885907055760262
-123.75082587783392 -1.0427376509039852
-125.81196982843258 -1.9126669960724219
-127.87311377903121 -1.4959851038236762
-129.93425772962985 -1.2035054392265927
-131.99540168022847 -1.0139521505348434
-134.05654563082715 -0.6283504475916394
-136.11768958142576 -2.4953333465312904
-138.1788335320244 -1.9527795758415516
-140.23997748262303 -1.178026503001265
-142.30112143322168 -0.5312343224704309
-144.36226538382036 0.46549824917588467
-146.42340933441898 -1.401995285978843
-148.48455328501763 -0.4278099378794876
-150.54569723561625 -0.039032773855079
-152.60684118621492 -1.4503958310239464
-154.66798513681354 -1.0349280892985753
-156.7291290874122 -0.51870469912392
-158.7902730380108 -1.2025492790267278
-160.85141698860946 -1.4535382221284903
-162.9125609392081 -1.2246721634682263
-164.97370488980675 -1.989612747878275
-167.03484884040537 -0.11804110719926193
-169.09599279100402 -1.9327171914370596
-171.15713674160264 -1.354707231010508
-173.21828069220132 -0.3846459888626455
-175.27942464279994 0.0961811926452446
-177.3405685933986 -2.1586186550827846
-179.4017125439972 -0.3300730539466811
-181.46285649459588 3.7417956540665664
-183.52400044519453 -0.3087600928241625
-185.58514439579315 -1.5788427008300259
-187.6462883463918 -0.2215761273126836
-189.70743229699042 -2.2820047021809065
-191.7685762475891 -1.597558438373493
-193.82972019818772 1.1516596850617946
-195.89086414878636 0.8290634359644727
-197.95200809938498 0.41194368691616867
-200.01315204998363 -1.865137542232014
-202.07429600058228 0.4917336565719163
-204.13543995118093 0.2325569352019371
-206.19658390177955 -0.3307730924920587
-208.2577278523782 1.8627304158099782
-210.31887180297682 14.75397994472662
-212.3800157535755 1.712723040014191
-214.4411597041741 1.0849477547661617
-216.50230365477276 0.45649295995258854
