# BEGINHEADER
# This file contains data from the SALSA 2m radio telescope.
# DATE=2024-04-12T05:40:0020
# GLON and GLAT given in degrees
# GLON=23.8411778195401
# GLAT=0.2765753153463464
# DATA in two columns below. Col. 1 is velocity relative to LSR [km/s]. Col. 2 is uncalibrated antenna temperature [K].
# ENDHEADER
308.73342523006966 -0.8005260952839041
306.672281279471 -0.9814213839238619
304.6111373288724 -0.523126162381077
302.54999337827377 -0.07020765983879111
300.4888494276751 -0.23257448715471565
298.4277054770765 1.5041764676097258
296.3665615264778 1.0472986005943459
294.3054175758792 -0.05649913776489452
292.2442736252805 0.8106391699527683
290.18312967468194 1.7132785857381572
288.1219857240833 5.575029545213789
286.0608417734846 0.8983895885320182
283.999697822886 2.123532334203646
281.93855387228734 2.5335563874062004
279.87740992168875 2.5152135839337846
277.81626597109005 3.056827450820593
275.7551220204914 1.3247370045932638
273.6939780698928 2.5418416231062393
271.63283411929416 0.6342956762464177
269.57169016869545 2.5810944858410636
267.51054621809686 1.339828365252578
265.4494022674982 1.2235741140074554
263.3882583168996 1.846463357568016
261.3271143663009 3.5155952046417807
259.2659704157023 3.676374525885373
257.2048264651037 -0.013096353488946083
255.14368251450503 2.3800880498880295
253.08253856390635 1.0903820289467914
251.02139461330773 1.2042456809653472
248.9602506627091 3.3600607349091627
246.89910671211047 1.383839593282034
244.8379627615118 -1.3318762317443356
242.77681881091317 0.7106949480938444
240.71567486031452 1.004307933296523
238.6545309097159 -1.01639295493263
236.59338695911725 1.7336613029982002
234.5322430085186 1.1002583063829143
232.47109905791996 3.1484145278701754
230.40995510732134 1.8358571005707687
228.3488111567227 -0.46993507906408977
226.28766720612407 1.5654492457954148
224.2265232555254 0.2512673796653518
222.16537930492677 1.2469984623740245
220.10423535432813 0.10498833672026094
218.04309140372948 -0.8252153078645507
215.98194745313083 1.79926539093532
213.92080350253218 1.5578731501258174
211.85965955193356 1.3521540874530553
209.7985156013349 -0.31066513861617095
207.7373716507363 0.3658269996718103
205.67622770013762 2.0314638039113646
203.615083749539 -0.37996902685943923
201.55393979894035 -0.6715335826041767
199.49279584834173 0.17834268326945427
197.43165189774308 2.1199361948133397
195.37050794714443 0.3700961091869459
193.30936399654578 2.269398723777659
191.24822004594716 -0.2072074973813815
189.18707609534852 -1.0976440591072305
187.12593214474987 -0.5307613863931318
185.06478819415122 -0.4536330934745521
183.0036442435526 -1.0005030574451845
180.94250029295395 0.18767772747328473
178.8813563423553 -0.6281673249673592
176.82021239175666 0.44792664945768923
174.759068441158 0.45635983693288096
172.6979244905594 -0.41061044756557413
170.63678053996074 -1.302850469842405
168.57563658936212 0.4599102056010486
166.51449263876344 0.586123817115281
164.45334868816482 -0.6640394963530433
162.39220473756617 0.15670477325742183
160.33106078696756 -0.6120803400165961
158.2699168363689 -2.8972692949527086
156.20877288577026 -1.47930993728446
154.1476289351716 -0.4945457638023094
152.086484984573 0.040523926536682374
150.02534103397434 -0.33734627270956347
147.9641970833757 -0.7649061712362137
145.90305313277705 1.208461502082906
143.84190918217843 -1.0646904456964195
141.78076523157978 -1.23321194161384
139.71962128098113 -0.23256971864087958
137.65847733038248 1.3235368422893075
135.59733337978383 0.2301335463510892
133.5361894291852 1.281475320986033
131.47504547858657 -0.47710077874883594
129.41390152798792 1.3445467061660887
127.3527575773893 2.7080080522223757
125.29161362679065 2.042984814935881
123.23046967619202 2.787381219057686
121.16932572559335 4.700082039634364
119.10818177499472 8.770964458861656
117.04703782439607 11.11231282830244
114.98589387379744 13.006772365549235
112.9247499231988 14.921868291852974
110.86360597260015 17.668678049318217
108.80246202200152 20.20007513176785
106.74131807140287 21.980354512632285
104.68017412080424 24.922732182920562
102.6190301702056 26.138650229931592
100.55788621960696 25.824727283497978
98.49674226900832 27.12739438705275
96.43559831840967 29.270740411520155
94.37445436781104 28.060156275981655
92.31331041721239 29.23833846949354
90.25216646661376 29.2871898543058
88.19102251601512 27.752762056557884
86.12987856541648 26.013083947821688
84.06873461481783 24.301743548081458
82.00759066421918 24.016544769578225
79.94644671362055 24.931634839630355
77.8853027630219 25.75484417470609
75.82415881242326 26.289370144534857
73.76301486182463 26.67835278262621
71.70187091122598 26.282037320314544
69.64072696062735 27.63608299907599
67.5795830100287 29.72729698449288
65.51843905943007 27.340941610817318
63.457295108831424 31.03225597745061
61.39615115823278 32.3029145245387
59.33500720763414 33.093423115963965
57.2738632570355 33.477299315472884
55.21271930643685 33.52818847779112
53.15157535583822 33.364367787612224
51.09043140523958 35.737888310526166
49.02928745464094 36.10006796618187
46.968143504042295 37.872230824600166
44.906999553443654 34.38282694433157
42.84585560284501 40.35833775018688
40.78471165224638 41.374555859391315
38.72356770164774 40.6247112118824
36.6624237510491 41.38862490422701
34.60127980045045 41.3281401250787
32.54013584985181 41.21019696325611
30.47899189925317 43.50657450946578
28.41784794865453 40.730748895790995
26.356703998055888 44.93832549411957
24.295560047457247 51.958619571616715
22.234416096858606 55.99485719698759
20.17327214625996 58.60001807773512
18.112128195661324 56.66037417012673
16.050984245062683 55.92204516561183
13.98984029446404 56.97964125074556
11.928696343865402 55.88176320283467
9.867552393266761 52.79128578006952
7.80640844266812 56.738700601622874
5.745264492069479 60.18831280898411
3.6841205414708385 63.89932484708425
1.6229765908721978 69.46631760342494
-0.4381673597264432 56.50750855488616
-2.499311310325084 34.391931906777984
-4.5604552609237246 23.898733689122054
-6.621599211522366 19.72883453018592
-8.682743162121005 17.86193832889902
-10.743887112719648 17.330465620286976
-12.805031063318289 17.760900809617745
-14.86617501391693 17.704850180010066
-16.92731896451557 16.096291188026143
-18.988462915114212 14.550171561569256
-21.049606865712853 15.310845431932288
-23.110750816311494 15.14083690426212
-25.17189476691013 14.99453942812338
-27.233038717508773 17.58639174165553
-29.294182668107414 19.867902301507684
-31.355326618706055 23.381439883003235
-33.41647056930469 24.18355288629212
-35.477614519903334 24.188238259129832
-37.538758470501975 20.562195194699843
-39.599902421100616 19.024999736920176
-41.661046371699264 14.12020691598515
-43.7221903222979 9.876701359817705
-45.78333427289654 7.174980418517711
-47.84447822349518 4.88042227892158
-49.90562217409382 -0.15507098835370242
-51.96676612469246 -2.928603532030831
-54.0279100752911 -1.6887776182448309
-56.08905402588974 -3.204515531416118
-58.15019797648838 -2.620023016192399
-60.21134192708702 -3.6909466651108125
-62.27248587768567 -4.015015095312342
-64.3336298282843 -3.846747474486633
-66.39477377888294 -4.430721584656382
-68.45591772948158 -5.647833493202155
-70.51706168008023 -2.0794707594484327
-72.57820563067888 -4.665220103757636
-74.63934958127751 -3.735744123325607
-76.70049353187615 -4.5178023894785655
-78.7616374824748 -3.5279817746122535
-80.82278143307343 -3.6484002039702617
-82.88392538367208 -4.161019769922332
-84.94506933427071 -3.3906442122826674
-87.00621328486936 -5.022246176843115
-89.067357235468 -4.009177364654289
-91.12850118606663 -4.013865873323825
-93.18964513666528 -3.7305893467589426
-95.25078908726391 -3.756468849549145
-97.31193303786256 -4.653529063683348
-99.3730769884612 -4.035629172127434
-101.43422093905984 -4.165221945186677
-103.49536488965848 -5.968201203623162
-105.55650884025711 -4.89232126135489
-107.61765279085576 -4.094091280700201
-109.6787967414544 -4.193816509822898
-111.73994069205305 -4.22885406801944
-113.80108464265169 -3.15661331943203
-115.86222859325034 -4.785892694434002
-117.92337254384897 -3.3098522785401077
-119.9845164944476 -1.7220100517528676
-122.04566044504625 -3.273911060423352
-124.10680439564489 -4.4050796218174355
-126.16794834624353 -3.823557058769081
-128.22909229684217 -4.298653094367684
-130.29023624744082 -2.204879907636299
-132.35138019803944 -3.714375562166399
-134.4125241486381 -4.874210271460085
-136.47366809923673 -4.57480323368466
-138.53481204983538 -3.6000554931057738
-140.595956000434 -1.5569070300865329
-142.65709995103268 -4.838548480989743
-144.7182439016313 -6.096803801115597
-146.77938785222995 -3.7046087610453284
-148.84053180282856 -3.070679006583532
-150.9016757534272 -4.498115575561494
-152.96281970402586 -5.276063139753681
-155.0239636546245 -2.5996492282763044
-157.08510760522313 -3.4169805456877094
-159.14625155582178 -3.256050804323092
-161.2073955064204 -4.693616325118341
-163.26853945701907 -3.9041073464897
-165.3296834076177 -2.852417392881693
-167.39082735821634 -2.603702064968176
-169.451971308815 -3.522308168400104
-171.51311525941364 -2.1324856034069986
-173.5742592100123 -0.21001621932892447
-175.6354031606109 -2.373131586149855
-177.69654711120955 -4.36572499548645
-179.75769106180817 -3.296018502725636
-181.81883501240685 -0.7557640728581688
-183.87997896300547 -4.791068381403142
-185.94112291360412 -4.0147497342766
-188.00226686420274 -3.23034901399519
-190.0634108148014 -5.35614790276129
-192.12455476540003 -3.7584614963029708
-194.18569871599868 -1.8200761511726578
-196.2468426665973 -0.6133812667966554
-198.30798661719595 -2.2647073725774987
-200.3691305677946 -3.3072870996897548
-202.43027451839325 -4.121093058589285
-204.49141846899187 -3.0139982056142887
-206.55256241959052 -1.9922923365672354
-208.61370637018916 -2.846538800680421
-210.6748503207878 -1.3093209926550828
-212.73599427138646 -2.451622196628148
-214.79713822198508 -0.3419871129537558
-216.85828217258373 -1.1584699788642532
