# BEGINHEADER
# This file contains data from the SALSA 2m radio telescope.
# DATE=2024-03-27T08:54:0030
# GLON and GLAT given in degrees
# GLON=34.86122581546625
# GLAT=0.22713650372147293
# DATA in two columns below. Col. 1 is velocity relative to LSR [km/s]. Col. 2 is uncalibrated antenna temperature [K].
# ENDHEADER
309.2047974395469 20.16902755266615
307.14365348894825 35.15905366043001
305.08250953834965 28.23389728438774
303.021365587751 28.41199337943338
300.96022163715236 24.520055542498636
298.8990776865537 20.175767678997197
296.83793373595506 21.790180504380036
294.7767897853564 25.09244957060648
292.71564583475777 23.51660450382489
290.6545018841592 14.941010804144417
288.5933579335605 1.0656033156287017
286.5322139829618 28.07987153814976
284.47107003236323 18.547754506403262
282.4099260817646 22.900793377625543
280.34878213116593 22.724214003037776
278.2876381805673 27.15502500619068
276.22649422996864 24.900154762338907
274.16535027937005 20.55059998493802
272.1042063287714 19.642274498541642
270.0430623781727 21.87423131772233
267.9819184275741 20.0000750496996
265.92077447697545 20.942879817637873
263.85963052637686 24.03790786421445
261.79848657577816 24.492092981376114
259.73734262517956 24.19377322292692
257.6761986745809 22.849335077126565
255.61505472398224 22.569746919476255
253.5539107733836 21.38979755632168
251.49276682278497 22.30187840008731
249.43162287218632 25.991290699880807
247.3704789215877 25.5154035419214
245.30933497098903 24.620273045244733
243.2481910203904 22.741226571646926
241.18704706979176 22.623158555351818
239.12590311919314 22.888827993117697
237.0647591685945 22.091458827166974
235.00361521799584 23.281174193971896
232.9424712673972 25.530216822650296
230.88132731679858 25.409672663743123
228.82018336619993 22.880156671112506
226.75903941560128 23.06797647930386
224.69789546500263 25.322912198124918
222.636751514404 25.61858446109208
220.57560756380536 24.63365332020184
218.51446361320671 26.146459791167775
216.45331966260807 26.295858748199603
214.39217571200942 26.76906092297018
212.3310317614108 26.396048834894714
210.26988781081215 24.992160217240063
208.20874386021353 25.53295618459139
206.14759990961485 25.246965118847424
204.08645595901623 22.738980721779207
202.0253120084176 24.225553107135447
199.96416805781897 24.956214917471137
197.9030241072203 23.38498251603779
195.84188015662167 23.965969599513834
193.78073620602302 26.36858375011282
191.7195922554244 27.419658246480413
189.65844830482575 26.45924141177885
187.5973043542271 28.450858923018743
185.53616040362846 26.799486616534516
183.47501645302984 26.18538857229244
181.4138725024312 27.189180566910633
179.35272855183254 29.185181913771373
177.2915846012339 29.9802084909755
175.23044065063524 26.955064760358795
173.16929670003663 25.099036007764635
171.10815274943798 30.522303594636945
169.04700879883936 25.83966498576616
166.98586484824068 29.30618880726198
164.92472089764206 31.533965500893753
162.8635769470434 30.267946978494308
160.8024329964448 29.50909692239703
158.74128904584612 26.602015042901638
156.6801450952475 29.16551180339083
154.61900114464885 31.75984534781841
152.55785719405023 30.799433123455955
150.49671324345158 32.37271736842636
148.43556929285293 30.34685642341484
146.37442534225428 30.8802603348621
144.31328139165566 30.1907906076284
142.25213744105702 29.119015915652756
140.19099349045837 30.09035627732849
138.12984953985972 28.73289990955626
136.06870558926107 34.37035088144576
134.00756163866245 26.57795598044668
131.9464176880638 45.379509036927864
129.88527373746516 91.51021069123375
127.82412978686652 70.48903345937995
125.76298583626789 46.70691837777706
123.70184188566925 34.36397743822591
121.64069793507059 37.87163867601248
119.57955398447196 32.10793692376205
117.51841003387331 31.63560633599776
115.45726608327467 33.80526501858705
113.39612213267604 23.310045219986286
111.33497818207739 19.96881215319114
109.27383423147876 37.33937428293392
107.21269028088011 33.202400953829255
105.15154633028148 38.18973158655802
103.09040237968283 33.32403286019717
101.0292584290842 31.15335631513165
98.96811447848555 37.7181306311594
96.9069705278869 34.41993168716612
94.84582657728826 34.6400581204641
92.78468262668963 47.61328974358048
90.72353867609098 39.05162767358626
88.66239472549235 37.46412733043415
86.6012507748937 38.097489251355654
84.54010682429505 36.9713609917948
82.4789628736964 36.98217433015116
80.41781892309777 39.24296952006975
78.35667497249914 42.704796161689465
76.29553102190049 40.49684571696342
74.23438707130185 39.89084327380961
72.1732431207032 40.78303805502504
70.11209917010457 37.54763227090296
68.05095521950592 38.34087493766511
65.98981126890729 37.72317556898179
63.92866731830865 44.4348831267516
61.86752336771001 48.838263402028126
59.806379417111366 46.40094479329537
57.74523546651273 49.15209024793187
55.68409151591409 41.70453936071141
53.62294756531544 42.522078803205275
51.5618036147168 36.33519585975863
49.50065966411817 37.813542992713764
47.439515713519526 46.83950039262125
45.378371762920885 43.685039742102624
43.317227812322244 44.25559707936791
41.2560838617236 43.15228184542115
39.19493991112497 47.06261593008477
37.13379596052633 48.08691333925926
35.07265200992768 48.447619408957166
33.01150805932904 52.625752235049056
30.950364108730398 50.79079762876712
28.88922015813176 46.72224291205841
26.82807620753312 42.60930098014906
24.766932256934478 44.73250046410682
22.705788306335837 44.36663170030775
20.644644355737192 46.43600205264007
18.583500405138555 44.24313618084026
16.522356454539914 50.07734164707824
14.461212503941272 53.08311911528765
12.400068553342631 45.993698016818485
10.338924602743992 48.29525580107366
8.277780652145351 45.446939400573584
6.216636701546711 46.31392175730938
4.155492750948069 45.757998309085295
2.094348800349428 47.47084104395166
0.03320484975078727 47.96269611885422
-2.0279391008478536 44.70215310088336
-4.089083051446495 43.914517694196306
-6.150227002045135 42.61578605460974
-8.211370952643774 41.77986326353023
-10.272514903242417 39.50670636105683
-12.333658853841056 39.55119149489876
-14.394802804439697 41.66225424333596
-16.455946755038337 43.11992252274003
-18.51709070563698 43.136793493661266
-20.578234656235622 43.479896652236015
-22.639378606834264 46.75189152319222
-24.7005225574329 43.88532912257438
-26.76166650803154 42.82783174922443
-28.822810458630183 45.95337755577766
-30.883954409228824 57.86079143003908
-32.94509835982746 47.11115307224857
-35.0062423104261 45.431967659389024
-37.067386261024744 44.178299401450786
-39.128530211623385 44.42057524344245
-41.189674162222026 40.63812160644084
-43.25081811282067 39.80836509755789
-45.31196206341931 46.43427798141492
-47.37310601401795 46.260198965213014
-49.43424996461659 45.77511908230544
-51.49539391521524 44.5534126159877
-53.55653786581387 45.755120710015774
-55.617681816412514 42.596502167629865
-57.678825767011155 44.063447456255155
-59.739969717609796 47.343088803174034
-61.801113668208444 52.63120650919461
-63.862257618807085 44.06023490642633
-65.92340156940571 42.2777922014971
-67.98454552000436 42.883241367701416
-70.045689470603 42.43313412103055
-72.10683342120166 38.61996056593211
-74.16797737180029 37.975966352622805
-76.22912132239892 44.70566727244318
-78.29026527299757 45.0788850380709
-80.3514092235962 43.17417631286656
-82.41255317419485 44.07657707937398
-84.47369712479349 39.62804218178085
-86.53484107539214 31.155428900742955
-88.59598502599077 44.46941487723157
-90.6571289765894 40.80524613161321
-92.71827292718805 46.81575839483262
-94.77941687778669 43.28472665218502
-96.84056082838534 43.05514333515039
-98.90170477898397 41.26088503288006
-100.9628487295826 41.74658201817549
-103.02399268018124 37.910990591937335
-105.08513663077989 39.846042147968824
-107.14628058137852 46.482218604604135
-109.20742453197715 42.19457718278038
-111.26856848257582 45.42742494562719
-113.32971243317445 43.5087942976484
-115.3908563837731 42.939566969048954
-117.45200033437173 43.69993958423496
-119.51314428497038 43.948212330759766
-121.57428823556901 46.69624033656526
-123.63543218616765 43.39926543160291
-125.6965761367663 41.59477606362838
-127.75772008736493 43.00896585907671
-129.81886403796358 40.13335890698316
-131.88000798856223 43.90443546353047
-133.94115193916087 34.69869833305971
-136.0022958897595 35.70522239437174
-138.06343984035814 44.68421112555507
-140.12458379095676 41.37672759163732
-142.18572774155544 41.22732909908738
-144.24687169215406 40.87331089136008
-146.3080156427527 39.355705502153626
-148.36915959335133 43.81830129352836
-150.43030354394998 42.58902498640986
-152.49144749454862 38.64982658708654
-154.55259144514727 44.07766533997396
-156.6137353957459 41.73296144219129
-158.67487934634454 42.452281246412184
-160.7360232969432 44.42585493373621
-162.79716724754184 46.197000608888644
-164.85831119814046 39.39997343019495
-166.9194551487391 37.22623398160148
-168.98059909933775 41.85271462595241
-171.0417430499364 40.24489372568693
-173.10288700053505 40.476274532432605
-175.16403095113367 38.367736286296704
-177.22517490173232 45.70827156877465
-179.28631885233094 30.370032495828827
-181.3474628029296 37.54102518480783
-183.40860675352823 43.403204589299314
-185.46975070412688 42.87633374126215
-187.5308946547255 40.20686250344647
-189.59203860532418 40.3208833652547
-191.6531825559228 40.25699973491818
-193.71432650652145 40.49409104189059
-195.77547045712006 36.197781097099536
-197.8366144077187 33.54813712176533
-199.89775835831736 40.367054249345
-201.958902308916 41.735117395468855
-204.02004625951463 40.246750716109716
-206.08119021011328 41.04300349588239
-208.14233416071193 39.78928712815656
-210.20347811131057 35.848751557248754
-212.26462206190922 31.797377258131792
-214.32576601250784 29.094056321123023
-216.3869099631065 36.40122174392405
