# BEGINHEADER
# This file contains data from the SALSA 2m radio telescope.
# DATE=2024-04-12T05:43:0015
# GLON and GLAT given in degrees
# GLON=25.849535064262703
# GLAT=0.3091315861058699
# DATA in two columns below. Col. 1 is velocity relative to LSR [km/s]. Col. 2 is uncalibrated antenna temperature [K].
# ENDHEADER
308.9447302083183 -0.406579533455088
306.8835862577196 -1.0635231864334747
304.82244230712104 -1.4714173777850745
302.76129835652233 0.2657352129582
300.7001544059237 -1.1408255730840342
298.6390104553251 0.025822177102604815
296.5778665047264 -0.9897753673360581
294.5167225541278 1.5450712130303113
292.45557860352915 -1.2835169515853946
290.3944346529305 3.769047828208726
288.33329070233185 9.079912696677848
286.2721467517332 -0.7702107418062892
284.2110028011346 1.8982279924946808
282.14985885053596 -0.7176677861817367
280.08871489993726 -1.6240220063361537
278.02757094933867 -0.22421633026711196
275.96642699874 0.17103641676123235
273.9052830481414 0.6481989107013552
271.8441390975427 1.0523457076181362
269.7829951469441 2.6840181211758884
267.7218511963455 0.6117832136392539
265.66070724574683 0.10869948157709461
263.59956329514813 0.469035080138122
261.53841934454954 4.005536286360495
259.4772753939509 5.738898220915759
257.41613144335224 -1.0238592753359446
255.3549874927536 0.7832432805889136
253.29384354215497 -0.2916958043835938
251.23269959155633 2.632491214662131
249.17155564095768 0.8161619711374474
247.11041169035903 1.4449034774105645
245.0492677397604 1.6775510094646346
242.98812378916176 1.1741982771980466
240.92697983856314 1.8276398850888482
238.86583588796447 1.2582938255280425
236.80469193736585 1.6593039476621312
234.7435479867672 -0.8234337246439787
232.68240403616858 2.2277017149328455
230.62126008556993 2.9419820260724
228.56011613497128 -0.19779448257080254
226.49897218437263 1.54110169352141
224.437828233774 0.4067199634745302
222.37668428317536 1.2465594297642784
220.31554033257672 -0.052438379500879595
218.25439638197807 0.34083711154370966
216.19325243137942 1.106215951887603
214.1321084807808 1.5576871506912258
212.07096453018215 0.7736693160659064
210.0098205795835 0.9549598422033433
207.94867662898486 2.4162567957869454
205.88753267838624 0.8461829994092684
203.8263887277876 1.1707671842279597
201.76524477718897 2.270030952722555
199.7041008265903 0.5063203712568131
197.64295687599164 0.8845329791478403
195.581812925393 -1.5868104994320364
193.52066897479438 0.07082876673015075
191.45952502419573 0.5541777242009789
189.3983810735971 -1.4935739338158325
187.33723712299843 -0.10851062214223282
185.27609317239978 -1.403141089540651
183.21494922180116 0.2857751680470578
181.15380527120251 -1.8562418650166457
179.09266132060387 -0.9221320386955855
177.03151737000522 -0.6167011481639766
174.9703734194066 1.0176936621443746
172.90922946880795 0.9274611123313076
170.84808551820933 0.6359103604755801
168.78694156761065 0.8753887007455815
166.72579761701203 -1.2550233309032828
164.6646536664134 0.6945059166923038
162.60350971581477 -0.0005283099559687486
160.54236576521612 0.5427083948100292
158.48122181461747 -2.4752510918716206
156.42007786401882 -1.196250626134576
154.3589339134202 -0.8813109924064868
152.29778996282155 -1.775085450938173
150.23664601222293 0.049180032825518076
148.17550206162426 -0.3805188830458535
146.1143581110256 -0.9168453273485841
144.053214160427 -0.8078744877952364
141.99207020982834 -2.994092932975288
139.9309262592297 -0.021904219076603615
137.86978230863104 -0.8963536456968791
135.80863835803243 -0.0005156553824742765
133.74749440743378 -0.0918343386575349
131.68635045683516 -1.2476240669192
129.6252065062365 -0.027259096339701815
127.56406255563785 2.9299514221269187
125.50291860503921 2.307786542621143
123.44177465444056 2.1715709188363106
121.38063070384193 4.716065002885773
119.3194867532433 3.678677288270879
117.25834280264465 8.312252984234608
115.19719885204601 8.933136107511162
113.13605490144737 11.083690673333145
111.07491095084873 15.776016076041024
109.0137670002501 19.895890820866157
106.95262304965145 22.025521046818312
104.89147909905282 24.91403625466478
102.83033514845417 27.24750167496519
100.76919119785553 28.074735110929034
98.70804724725689 30.24827716515009
96.64690329665825 31.48750378057849
94.58575934605962 31.83749999556585
92.52461539546097 33.37004030563563
90.46347144486234 31.940483784734273
88.40232749426367 31.911439545539395
86.34118354366504 32.598060223393944
84.28003959306639 29.920555625276815
82.21889564246776 29.687747027787008
80.15775169186912 31.05790539729111
78.09660774127047 29.760747085496646
76.03546379067184 29.37511176157992
73.97431984007319 29.405314699578255
71.91317588947456 31.58383357898968
69.85203193887591 32.219666224327405
67.79088798827728 31.014612891157743
65.72974403767864 32.64675659729853
63.668600087079994 30.805521656836206
61.60745613648135 34.47641702175049
59.54631218588271 32.958393693304075
57.48516823528407 32.00392390017168
55.42402428468543 31.77483580311988
53.36288033408679 31.684038275960383
51.30173638348815 33.02770984424049
49.24059243288951 35.44826089940855
47.17944848229087 38.61737918334743
45.11830453169223 36.49201520175467
43.05716058109359 40.176982018151854
40.99601663049495 41.52832460800417
38.9348726798963 41.503268083609484
36.87372872929766 38.426715122598026
34.81258477869902 39.3814611087613
32.751440828100385 42.409705211445385
30.69029687750174 43.48931275747297
28.629152926903103 44.73478700228642
26.568008976304462 49.20616811859822
24.506865025705817 57.41591711631735
22.44572107510718 59.390357242144894
20.38457712450854 63.37339685485087
18.323433173909898 62.23761595691908
16.262289223311257 60.205496197872336
14.201145272712617 58.718791325226704
12.140001322113976 59.51580659483166
10.078857371515335 57.92845637954352
8.017713420916694 60.22356086378398
5.956569470318054 61.60402601688182
3.895425519719413 61.919765151828685
1.8342815691207723 64.89144083496906
-0.22686238147786855 59.74664016901363
-2.2880063320765096 36.82060611151654
-4.349150282675151 21.427135140734705
-6.41029423327379 19.268325125461597
-8.471438183872431 15.13430149142229
-10.532582134471074 15.729705462940627
-12.593726085069715 16.114050755468664
-14.654870035668354 16.994685267031393
-16.716013986266997 15.852893093777775
-18.777157936865635 16.35122611384323
-20.838301887464276 15.441856126399017
-22.89944583806292 15.845861046689548
-24.96058978866156 17.660168410209778
-27.0217337392602 17.94498065796697
-29.08287768985884 20.800129606679054
-31.14402164045748 23.828390056410917
-33.20516559105612 25.18094267751152
-35.26630954165476 24.878026887600182
-37.327453492253404 22.31143168331301
-39.388597442852046 21.394146459295307
-41.44974139345069 17.933847485618305
-43.51088534404933 15.319611490605487
-45.57202929464797 11.593547149439955
-47.63317324524661 8.103339869072366
-49.694317195845244 5.223349227396516
-51.755461146443885 2.394566050303771
-53.816605097042526 -1.2470364138262637
-55.87774904764117 -1.9741618709605597
-57.938892998239815 -1.956607262340531
-60.000036948838456 -2.0037808102404617
-62.0611808994371 -2.3949280765704053
-64.12232485003572 -3.390140436156867
-66.18346880063439 -4.441204802242571
-68.24461275123302 -3.894077968950737
-70.30575670183167 -3.3412578561396025
-72.3669006524303 -4.405405054727801
-74.42804460302894 -5.167725698421317
-76.48918855362759 -4.0555123912480795
-78.55033250422622 -4.252252773173112
-80.61147645482487 -3.7424998622776093
-82.6726204054235 -3.104316436112376
-84.73376435602214 -5.638872412993991
-86.79490830662078 -4.929625469017613
-88.85605225721942 -4.269626679886653
-90.91719620781807 -5.465642034314509
-92.9783401584167 -4.598288537685226
-95.03948410901535 -2.918940610431219
-97.10062805961398 -4.222415474588001
-99.16177201021262 -3.0589752924371063
-101.22291596081126 -2.4328969698140894
-103.2840599114099 -3.768965574921793
-105.34520386200856 -2.445784791906577
-107.4063478126072 -4.102212246497267
-109.46749176320584 -3.9692689844742723
-111.52863571380448 -4.0545140996191025
-113.58977966440311 -5.090339291883868
-115.65092361500176 -3.349602827620721
-117.71206756560039 -4.359932651851666
-119.77321151619904 -2.7318502037035812
-121.83435546679767 -3.6625419184895347
-123.89549941739632 -3.4711878426196394
-125.95664336799496 -4.18980375800755
-128.0177873185936 -3.9731683462390834
-130.07893126919225 -3.3271444512883437
-132.1400752197909 -3.818250351728638
-134.20121917038952 -3.7432582590967174
-136.26236312098817 -2.5409812502553115
-138.3235070715868 -2.711162454128661
-140.38465102218544 -0.6236206599583971
-142.44579497278409 -2.90789773287348
-144.50693892338273 -3.8299387200019903
-146.56808287398135 -3.1572945045633096
-148.62922682458 -2.251434222627629
-150.69037077517865 -2.2304674963438664
-152.7515147257773 -1.6216730037253697
-154.81265867637592 -2.9964528594601774
-156.87380262697457 -4.133489911779188
-158.93494657757319 -3.5433642253691473
-160.99609052817186 -4.129644632929191
-163.0572344787705 -2.6580900270430265
-165.11837842936913 -2.363172622231876
-167.17952237996778 -3.522716098002715
-169.2406663305664 -3.5870107718231736
-171.30181028116507 -3.6700395645253887
-173.3629542317637 -1.6704679262391258
-175.42409818236234 0.19856671401886963
-177.48524213296096 -2.908936126718735
-179.54638608355964 -4.241027159833062
-181.60753003415826 -2.9512411675535346
-183.6686739847569 -3.5911231950810416
-185.72981793535553 -1.8797683533523033
-187.79096188595418 -2.9388013098885533
-189.85210583655282 -3.4055906182344047
-191.91324978715147 -1.8791059784614486
-193.9743937377501 -2.168482030221992
-196.03553768834874 -3.660020396082255
-198.09668163894736 -2.9490265524895034
-200.157825589546 -3.02962590181427
-202.21896954014463 -4.232674013704476
-204.28011349074328 -2.7312166461532703
-206.34125744134195 -1.3753047522962254
-208.40240139194057 -1.0552434856259927
-210.46354534253922 3.0620168121274767
-212.52468929313784 -2.4265996219377093
-214.5858332437365 -1.9156280608659977
-216.64697719433514 -1.2500517025528943
