# BEGINHEADER
# This file contains data from the SALSA 2m radio telescope.
# DATE=2024-04-09T14:11:0040
# GLON and GLAT given in degrees
# GLON=74.83879759653156
# GLAT=0.06848697010963821
# DATA in two columns below. Col. 1 is velocity relative to LSR [km/s]. Col. 2 is uncalibrated antenna temperature [K].
# ENDHEADER
297.45113873739814 -0.25539519624491025
295.3899947867995 -0.2397152717631987
293.3288508362009 -2.340801006527019
291.2677068856022 -0.4324782376555119
289.20656293500355 -0.6537267293089887
287.14541898440496 -0.8137818920336852
285.0842750338063 -1.171044352450285
283.02313108320766 -1.0804311274509981
280.961987132609 -1.6837625514372845
278.90084318201036 0.2524523052863702
276.83969923141177 -0.1018522720366811
274.77855528081307 -1.788395731746586
272.7174113302145 -1.2620418672314822
270.6562673796158 -0.7442011093713733
268.5951234290171 -0.8025991848771923
266.53397947841853 -0.3932178259947177
264.4728355278199 -0.433186698748798
262.4116915772213 -1.9390023613058955
260.3505476266226 -1.7949861085525034
258.289403676024 -1.47214978481418
256.22825972542535 -0.5132973081439941
254.16711577482667 -0.5709970408291152
252.10597182422805 -1.79855030177859
250.0448278736294 -0.06011448172813881
247.98368392303078 -1.1032122929050092
245.9225399724321 -1.2331992472408786
243.86139602183349 0.47918861446478367
241.80025207123484 -2.1634473838834234
239.73910812063622 -1.2582753593046432
237.67796417003757 0.5168817539994566
235.6168202194389 -1.592048395282202
233.55567626884027 -1.072605750704649
231.49453231824162 0.3620878806306107
229.433388367643 -1.531032216006868
227.37224441704436 -2.1387428088039315
225.3111004664457 0.012327419948875982
223.24995651584706 -2.098681420628621
221.18881256524844 0.15407894449095738
219.1276686146498 -0.5593075318965044
217.06652466405117 -0.16705867403522037
215.0053807134525 -1.9902739074465408
212.94423676285388 -0.5456435821010046
210.88309281225523 0.2841169697467094
208.8219488616566 -1.2708145595219278
206.76080491105793 -1.6752238920188232
204.6996609604593 -0.3761343664349617
202.63851700986066 -0.20281779583993856
200.57737305926204 -2.6735057855008106
198.5162291086634 -1.252996682918426
196.45508515806478 -1.9407032033146672
194.39394120746613 -2.179252493651102
192.33279725686748 0.7061461436343774
190.27165330626886 -0.9294472438826258
188.21050935567018 -1.6633340389252116
186.14936540507156 -0.20821230004157454
184.08822145447292 -1.076982533397233
182.0270775038743 1.2107318184234273
179.96593355327562 -0.6056094369839454
177.904789602677 -1.5018823894010846
175.84364565207835 -0.38060594091335576
173.78250170147973 -3.1422823826675566
171.72135775088108 -1.0385541298646994
169.66021380028243 -0.08695417526735133
167.5990698496838 -0.1715679161475025
165.53792589908517 -0.44927353967736017
163.47678194848652 -1.0556014157769806
161.4156379978879 -1.8013241047768576
159.35449404728922 -2.6128407869312786
157.29335009669057 -0.7052044643227856
155.23220614609195 -1.865312241979826
153.1710621954933 -1.7019079558013652
151.10991824489466 1.2570187721370683
149.048774294296 0.32730819271117173
146.9876303436974 -1.3931628810252619
144.92648639309874 -1.408870832543239
142.86534244250012 -0.7373754105886978
140.80419849190145 -0.4006183055925829
138.74305454130283 -0.35563538406641204
136.68191059070418 -0.5735584565616257
134.62076664010556 -3.0766004870251233
132.5596226895069 -1.1371857955713707
130.49847873890826 0.46338705294232746
128.4373347883096 -0.9283082410149324
126.37619083771098 0.7449901494744671
124.31504688711233 -0.5610987185624211
122.2539029365137 -0.5559786123587057
120.19275898591506 -0.6653228131338883
118.13161503531641 0.05717302342983372
116.07047108471778 0.8515375062700389
114.00932713411913 -1.516862240720783
111.9481831835205 -0.2111716910873081
109.88703923292185 -1.4158664540232866
107.82589528232322 -0.5431951640709062
105.76475133172458 -0.14370856437051133
103.70360738112593 -1.1268326189744653
101.6424634305273 -0.4225488570410897
99.58131947992865 -0.24312871526289542
97.52017552932999 -2.220227045887772
95.45903157873136 -1.1218993232716377
93.39788762813271 -1.3235823799113156
91.33674367753407 -2.4141053053068693
89.27559972693543 -1.2748653243784398
87.21445577633679 -1.5981855836709349
85.15331182573816 -0.0224004993150147
83.09216787513951 0.48583594106667227
81.03102392454088 -2.625313765340636
78.96987997394223 0.5703766636466182
76.9087360233436 -0.5521937612924211
74.84759207274494 0.9429165195348888
72.78644812214631 -0.13581075704755222
70.72530417154768 1.3618760085287003
68.66416022094903 -0.3609403150178652
66.6030162703504 -0.8688680736224623
64.54187231975175 -1.287268260636291
62.480728369153105 -1.097263160438831
60.419584418554464 0.2673330706675534
58.35844046795582 -0.7876851122465534
56.29729651735718 -1.3766048856092905
54.23615256675854 -1.7094504145283114
52.17500861615991 0.5146925407326889
50.11386466556126 -0.3293655170441667
48.05272071496262 1.5620681960162985
45.99157676436398 -1.3383564869770068
43.930432813765336 -0.5813961246771587
41.869288863166695 0.33839880594454075
39.80814491256805 -0.24813190194473467
37.74700096196942 -1.2865480113901162
35.68585701137078 0.20419730575480638
33.62471306077214 0.9930246549644389
31.563569110173493 1.1166172170178277
29.50242515957485 3.86320440352589
27.441281208976214 7.373432970197199
25.38013725837757 12.860259583650436
23.31899330777893 17.346869958711373
21.257849357180287 24.495223374606155
19.19670540658165 34.633196792453504
17.135561455983005 50.91668374276422
15.074417505384368 66.04898054017144
13.013273554785725 82.35843654884285
10.952129604187085 96.7920843538366
8.890985653588444 109.80035108520772
6.829841702989803 117.68326105354998
4.768697752391163 116.40020364661774
2.707553801792522 116.80057686222194
0.6464098511938813 114.76766398066825
-1.4147340994047595 108.12561671800144
-3.4758780500034 95.47829079856517
-5.537022000602041 83.59760304702715
-7.598165951200682 73.26491031040302
-9.659309901799324 61.78765094711845
-11.720453852397963 49.602438936249
-13.781597802996604 42.0764888335048
-15.842741753595245 38.25525106951634
-17.903885704193886 35.858873309210665
-19.965029654792527 35.23053399334373
-22.02617360539117 36.261839253007544
-24.08731755598981 34.77347908443223
-26.14846150658845 37.31499278416147
-28.209605457187088 36.608841894882985
-30.27074940778573 36.76582788593408
-32.33189335838437 31.567562257794748
-34.39303730898301 28.6843834962132
-36.45418125958165 26.231855939353963
-38.51532521018029 25.505489436428913
-40.576469160778935 24.27703986447127
-42.637613111377576 21.029870150024497
-44.69875706197621 19.437072053087515
-46.75990101257486 17.36539553613841
-48.8210449631735 16.792508322816314
-50.88218891377214 17.953532431830357
-52.94333286437078 21.10927494820857
-55.00447681496942 24.71154562620322
-57.06562076556806 28.157120823746173
-59.1267647161667 31.301838543524813
-61.18790866676534 33.50050714424517
-63.24905261736398 33.23060894459728
-65.31019656796262 36.20774010684014
-67.37134051856127 38.097426691636734
-69.4324844691599 38.37530743572457
-71.49362841975855 40.10068428948502
-73.55477237035718 39.67675312724378
-75.61591632095583 41.709652347664154
-77.67706027155447 39.83614188082303
-79.7382042221531 36.21012945126433
-81.79934817275175 30.80871611801858
-83.86049212335038 22.819428545502703
-85.92163607394903 17.393841540876746
-87.98278002454767 13.483653711470382
-90.04392397514631 9.798429866523039
-92.10506792574495 6.341737917188241
-94.16621187634358 3.2454225728699027
-96.22735582694224 5.1023962180289555
-98.28849977754088 2.66225968879969
-100.34964372813951 2.1303906037329488
-102.41078767873815 1.9657392393179376
-104.4719316293368 1.4002728788561394
-106.53307557993543 0.5014719357658242
-108.59421953053408 0.9230632999695495
-110.65536348113271 1.8157008812216058
-112.71650743173136 1.3264804953972453
-114.77765138232999 0.7302677263057872
-116.83879533292863 0.4733198821300414
-118.89993928352727 -0.6656615533681957
-120.96108323412591 -0.17372510771698546
-123.02222718472456 0.2025433141574596
-125.08337113532319 -1.5337579190677768
-127.14451508592184 -0.5691115695665798
-129.20565903652047 -0.4798991269402433
-131.26680298711912 -1.653461800059943
-133.32794693771777 -0.5435536005898084
-135.3890908883164 -1.5629707152894894
-137.45023483891504 -1.9874190120860018
-139.51137878951369 -1.4576425891789897
-141.57252274011233 -1.6997659393832245
-143.63366669071095 -2.5848570788103387
-145.6948106413096 -2.116436793056573
-147.75595459190822 -1.552592434094181
-149.8170985425069 -0.5667383345789281
-151.87824249310552 -1.073863110088266
-153.93938644370417 -1.2389966943528081
-156.0005303943028 -1.8447641642788177
-158.06167434490143 -3.275349123651408
-160.1228182955001 -2.3852985913867366
-162.18396224609873 -1.644118432409612
-164.24510619669738 -2.0797033841780213
-166.306250147296 -2.5718891353070092
-168.36739409789467 -2.260629946724062
-170.4285380484933 -1.4546664447204614
-172.48968199909194 -3.1201106983138502
-174.55082594969056 -2.5175575793078586
-176.6119699002892 -0.33304202980222813
-178.67311385088786 -0.4999855058527591
-180.7342578014865 -1.5098640249173814
-182.79540175208513 -1.8098713112463376
-184.85654570268377 0.6322837282043187
-186.9176896532824 -0.7782380843411437
-188.97883360388107 0.3029423258254263
-191.0399775544797 0.36044022247247903
-193.10112150507834 0.1374950568530411
-195.162265455677 -1.0135345352027205
-197.2234094062756 -1.5996170159643097
-199.28455335687428 -1.6293963211543674
-201.34569730747293 -0.7451376246432441
-203.40684125807158 0.3858274211801818
-205.4679852086702 -1.146081450211371
-207.52912915926885 0.6112390310683621
-209.5902731098675 -1.6932413610554171
-211.65141706046614 0.9055381696645793
-213.71256101106476 -0.7155884656492747
-215.7737049616634 -0.2167490852467812
-217.83484891226203 -1.2552427550939624
-219.8959928628607 -0.28772128405245706
-221.95713681345933 -0.22166901338168113
-224.01828076405798 -3.2280833728038574
-226.0794247146566 -0.8724866047310371
-228.14056866525524 -0.9851975064717452
