# BEGINHEADER
# This file contains data from the SALSA 2m radio telescope.
# DATE=2024-03-27T09:49:0027
# GLON and GLAT given in degrees
# GLON=119.79392943623111
# GLAT=-0.12188912993417646
# DATA in two columns below. Col. 1 is velocity relative to LSR [km/s]. Col. 2 is uncalibrated antenna temperature [K].
# ENDHEADER
262.8871963804704 19.56680975615792
260.82605242987177 31.38687214961881
258.7649084792731 28.52244805633403
256.70376452867447 29.48229509754692
254.64262057807585 25.82985844129321
252.58147662747723 17.946701693155003
250.52033267687858 19.819056020420174
248.4591887262799 24.379283394512747
246.39804477568129 24.758151508383776
244.33690082508264 15.21361313113677
242.27575687448402 0.8371812815776106
240.21461292388534 26.54649510938856
238.15346897328672 20.12673600558578
236.09232502268807 23.04432433649278
234.03118107208945 22.491181369371517
231.9700371214908 26.754892601927303
229.90889317089216 24.71110450181463
227.8477492202935 21.111250238181913
225.7866052696949 16.438593492299063
223.72546131909624 21.58876952744549
221.66431736849762 19.499181635390272
219.60317341789894 18.97498499724666
217.54202946730032 25.945081188746993
215.48088551670168 26.565672468074368
213.41974156610306 21.866082917614523
211.35859761550438 23.08851945606155
209.29745366490573 22.238049472704315
207.2363097143071 21.272148947333324
205.17516576370846 23.567978295502414
203.11402181310984 25.08434566742504
201.05287786251117 26.086523561616843
198.99173391191255 23.741427639590317
196.9305899613139 26.370240078003867
194.86944601071528 22.696344763838585
192.80830206011663 21.312549924947824
190.74715810951798 20.963539348001742
188.68601415891933 24.371289459975102
186.62487020832071 27.976687016535838
184.56372625772207 24.832888724248757
182.50258230712342 22.56585928289063
180.44143835652477 24.407363890766828
178.38029440592615 25.733761945490027
176.3191504553275 27.770140448659937
174.25800650472888 24.228101615321005
172.1968625541302 23.906156451911247
170.13571860353156 26.248921201117515
168.07457465293294 24.628131918202406
166.0134307023343 25.706763951503756
163.95228675173567 24.675446022175024
161.891142801137 26.365528350604084
159.82999885053837 22.62587672590714
157.76885489993973 21.615943569815947
155.7077109493411 25.213440953441197
153.64656699874246 25.317110429329787
151.5854230481438 23.63996483335735
149.52427909754516 25.036633039772564
147.46313514694654 24.07384182818692
145.4019911963479 29.029434154730005
143.34084724574925 26.342601572049457
141.2797032951506 26.63028934171525
139.21855934455198 26.284056899437026
137.15741539395333 25.405756500971687
135.0962714433547 26.004925976505877
133.03512749275603 27.443747736842525
130.97398354215738 26.080742022954418
128.91283959155876 26.68121377569506
126.85169564096013 24.910664828474893
124.79055169036148 28.671607367586937
122.72940773976285 26.62207224199678
120.6682637891642 26.926427624362915
118.60711983856557 28.04380957712523
116.54597588796692 26.659758850585348
114.48483193736828 29.165504809266956
112.42368798676965 28.911312765771854
110.36254403617099 27.24544327985065
108.30140008557235 30.403515620506507
106.2402561349737 30.44376272434833
104.17911218437507 30.47955982078288
102.11796823377642 31.380080151380195
100.05682428317779 33.86219674343167
97.99568033257914 28.312449084949794
95.9345363819805 27.669622942833495
93.87339243138186 29.883545694659805
91.81224848078323 29.004059745744794
89.75110453018458 32.150908358283424
87.68996057958594 27.14115941088692
85.6288166289873 39.02408740529478
83.56767267838866 63.22215981106174
81.50652872779001 55.81049789989306
79.44538477719138 40.44055270180314
77.38424082659274 35.27454119753636
75.3230968759941 33.27815726264631
73.26195292539545 30.325799877632935
71.2008089747968 29.202146147893664
69.13966502419817 32.715708071052134
67.07852107359952 20.396989093305322
65.01737712300088 17.566222931183994
62.95623317240224 36.146051334530355
60.8950892218036 31.887580189249395
58.83394527120496 37.5936887491466
56.77280132060633 31.951501417262772
54.711657370007686 28.358509442702353
52.650513419409045 33.12110863422194
50.5893694688104 31.392433681127272
48.52822551821176 30.535332074415333
46.46708156761312 40.87835099712851
44.40593761701447 35.20743690760356
42.34479366641584 34.04689634923838
40.2836497158172 33.681916226496845
38.22250576521856 35.75325420029361
36.161361814619916 35.66471690160784
34.100217864021275 33.16269542005764
32.039073913422634 38.149481378138525
29.977929962823993 35.440926110124664
27.91678601222535 34.7473955810098
25.855642061626714 34.73486290712022
23.794498111028076 34.47360853577556
21.733354160429435 35.74918385955777
19.67221020983079 33.72293922015293
17.611066259232153 38.56969508971354
15.549922308633512 43.864298546052865
13.48877835803487 42.99160271094987
11.427634407436228 42.35276177184113
9.366490456837589 36.898291767606864
7.305346506238947 39.29436855832186
5.244202555640307 29.065504615672655
3.183058605041666 32.908061990711694
1.1219146544430247 47.36554097920106
-0.939229296155616 42.12421769538309
-3.0003732467542568 43.76672569914968
-5.061517197352897 42.45284761507556
-7.122661147951539 45.97056373619057
-9.18380509855018 43.96353513454113
-11.24494904914882 45.16609781585819
-13.30609299974746 51.60613712263502
-15.3672369503461 46.27228486314886
-17.42838090094474 42.874702454891654
-19.489524851543383 38.45232688383009
-21.550668802142024 41.631503116701985
-23.61181275274066 39.25525384192487
-25.672956703339306 41.244129367793185
-27.73410065393795 40.50709581389135
-29.795244604536588 43.04414518538064
-31.85638855513523 46.076251000742836
-33.917532505733874 41.603188647117456
-35.978676456332515 43.889176641371755
-38.039820406931156 41.837841094557405
-40.10096435752979 44.80822627656822
-42.16210830812843 43.91378922542307
-44.22325225872707 44.000590833082576
-46.28439620932571 47.899875540753214
-48.345540159924354 45.212516386563514
-50.406684110522995 45.430124110257104
-52.467828061121644 45.44060363495783
-54.52897201172028 45.42536717172723
-56.59011596231892 39.73810434438604
-58.65125991291756 40.68115735555142
-60.7124038635162 44.200999152200254
-62.77354781411484 43.446667815337925
-64.83469176471348 43.639689746592
-66.89583571531212 44.56934820847128
-68.95697966591077 45.33532371238929
-71.0181236165094 43.81187140853068
-73.07926756710805 39.09769924305291
-75.14041151770668 43.17514604142833
-77.20155546830532 54.59340725105036
-79.26269941890396 42.62676793959468
-81.32384336950261 40.26205521098995
-83.38498732010126 42.33534435815228
-85.4461312706999 41.65277824828361
-87.50727522129853 37.262650509147214
-89.56841917189718 37.821948393569635
-91.62956312249581 42.36915656678754
-93.69070707309446 41.91333500082796
-95.75185102369309 45.143578199882704
-97.81299497429174 41.93312116166088
-99.87413892489036 42.58224073113456
-101.93528287548901 42.32425445264165
-103.99642682608764 41.756719344792344
-106.05757077668629 45.54954559786516
-108.11871472728492 48.01014405579714
-110.17985867788356 43.192984083139606
-112.2410026284822 43.010948512725264
-114.30214657908084 40.619313693542345
-116.36329052967949 40.627075310985376
-118.42443448027812 35.62827953509827
-120.48557843087679 36.91623628522534
-122.54672238147542 42.08626316621747
-124.60786633207405 41.91817181444558
-126.6690102826727 39.49189694850138
-128.73015423327132 40.719365045243386
-130.79129818386997 34.293945316288486
-132.85244213446862 29.26474949673905
-134.91358608506724 43.36060849888042
-136.97473003566589 39.450472675116956
-139.03587398626456 44.73216450119508
-141.09701793686318 39.763042055849326
-143.15816188746183 39.55693172780809
-145.21930583806045 40.11584813224895
-147.28044978865913 40.19970843377307
-149.34159373925775 34.86897995633925
-151.4027376898564 35.29440536721769
-153.463881640455 42.43786158238001
-155.52502559105366 41.9613712358131
-157.5861695416523 39.470731245570114
-159.64731349225096 41.34081350260604
-161.70845744284958 40.40325627019741
-163.76960139344823 41.306952709839116
-165.83074534404685 42.559524336222985
-167.89188929464552 41.98744085679237
-169.95303324524414 45.21258511298033
-172.0141771958428 41.769275152976334
-174.0753211464414 40.805604296931975
-176.1364650970401 38.69088347966882
-178.19760904763874 41.21274296332224
-180.25875299823736 30.638548556444846
-182.319896948836 32.94000175874353
-184.38104089943462 42.59776050811151
-186.4421848500333 38.95703913036799
-188.50332880063192 39.61691987286836
-190.56447275123057 40.53710314446241
-192.6256167018292 37.737422757349876
-194.68676065242784 36.72854677528843
-196.74790460302648 38.20802659540776
-198.80904855362513 39.208041990930255
-200.87019250422375 41.08145533356557
-202.9313364548224 38.959128855199175
-204.99248040542102 41.16139002462897
-207.0536243560197 42.041959592402414
-209.11476830661832 41.94381619831346
-211.17591225721696 35.92755171000629
-213.23705620781558 33.28483637098214
-215.29820015841426 40.84889926639119
-217.3593441090129 38.19275130933311
-219.42048805961153 39.67391320762281
-221.48163201021018 37.23261379817542
-223.5427759608088 40.2705603543513
-225.60391991140747 25.73944887037368
-227.6650638620061 34.276828189002046
-229.72620781260474 37.85804803364449
-231.78735176320336 37.77349097899426
-233.848495713802 39.72994223436147
-235.90963966440066 36.82710935846821
-237.9707836149993 36.3386940609486
-240.03192756559793 39.005330029976186
-242.09307151619657 36.49373656975787
-244.15421546679522 31.14372717192496
-246.21535941739387 38.42355491285281
-248.2765033679925 41.871387545484836
-250.33764731859114 37.61750286342664
-252.39879126918976 37.51623055543265
-254.45993521978843 33.858976240328076
-256.52107917038705 34.05519192385287
-258.5822231209857 30.599043891197987
-260.64336707158435 32.13452489398835
-262.704511022183 36.62643104140877
