# BEGINHEADER
# This file contains data from the SALSA 2m radio telescope.
# DATE=2024-04-12T06:28:0036
# GLON and GLAT given in degrees
# GLON=71.85785739158298
# GLAT=0.15124882851858562
# DATA in two columns below. Col. 1 is velocity relative to LSR [km/s]. Col. 2 is uncalibrated antenna temperature [K].
# ENDHEADER
299.35540060549505 -0.14608874509019454
297.29425665489646 -1.4208617754009836
295.23311270429775 -0.6813247552928754
293.1719687536991 -1.913332679409684
291.1108248031005 -1.6249860839992198
289.0496808525018 -1.8853467428131494
286.9885369019032 -0.6673764111076732
284.92739295130457 0.41242295277379737
282.8662490007059 0.8138602461647351
280.8051050501073 0.758996863958033
278.7439610995086 -0.37375291368852925
276.68281714891 -1.6296737654511342
274.6216731983114 -3.2103943991373325
272.5605292477127 0.17283408062134933
270.4993852971141 -1.0759214437819027
268.43824134651544 -3.6894480845473048
266.3770973959168 -1.2858018490207122
264.31595344531814 -1.9804828524111533
262.2548094947195 -1.956699814622304
260.19366554412085 -1.0456888123565806
258.13252159352226 0.3700125661558937
256.0713776429236 -0.8322821325766725
254.01023369232496 -1.4603707917672213
251.94908974172628 -1.3024806674947376
249.88794579112766 -1.4175767052884445
247.82680184052901 -0.2118452497783857
245.7656578899304 -0.8986676782734516
243.70451393933175 0.1362261859746749
241.6433699887331 -1.2013001483918233
239.58222603813445 -0.8277557785424869
237.52108208753583 -1.092143241284922
235.45993813693718 -1.0543157453269643
233.39879418633853 -1.433905357921153
231.3376502357399 -0.04522989385186752
229.27650628514127 0.29686240871072894
227.21536233454262 -1.187665446994853
225.154218383944 -1.8593736999568258
223.09307443334532 -0.6303331579578576
221.0319304827467 -0.658974752903554
218.97078653214805 -1.7426194737402434
216.9096425815494 -1.1985496077038011
214.8484986309508 0.09984092709662329
212.7873546803521 -4.186347951530607
210.7262107297535 -0.7025805388584083
208.66506677915484 -0.9881903363970425
206.60392282855622 -0.5458088149127173
204.54277887795757 -1.0518096572132503
202.48163492735893 -2.6741175727879978
200.42049097676028 -0.8922070574392192
198.35934702616166 -0.2288601725280092
196.298203075563 -1.4884353463625208
194.2370591249644 -3.4801119199049677
192.17591517436574 -2.4076484912782585
190.11477122376712 -1.4326635695829095
188.05362727316847 -0.728378200240995
185.99248332256983 -1.4370602717663035
183.93133937197118 -1.660797296294734
181.87019542137256 -1.426608844704436
179.8090514707739 -1.4699736044289782
177.74790752017526 -0.7082162164069338
175.6867635695766 -2.601603388916849
173.62561961897796 -1.4797625998817059
171.56447566837934 -2.239615116445021
169.5033317177807 -1.9208572844634564
167.44218776718205 -3.211682343102097
165.3810438165834 -3.823222638966637
163.31989986598478 -1.6608497898129913
161.25875591538613 -1.5967201230167507
159.1976119647875 -1.3602135428013384
157.13646801418884 -1.9657398892736289
155.07532406359022 -3.355294176636845
153.01418011299157 -3.1958494069521026
150.95303616239295 -1.2319616176240522
148.8918922117943 -3.3778896497435307
146.83074826119565 -3.190121913421667
144.769604310597 -2.9267773064999556
142.70846035999838 -3.1433003784382425
140.64731640939974 -3.08489575543965
138.58617245880106 -2.611895999083582
136.52502850820244 -3.1371473545141817
134.4638845576038 -3.791490696246479
132.40274060700517 -2.3361218190414546
130.34159665640652 -3.287248522827676
128.28045270580787 -3.6142003730868804
126.21930875520924 -3.164323467226956
124.1581648046106 -0.9755794883587026
122.09702085401197 -2.4076794302078706
120.03587690341331 -2.4141598280337973
117.97473295281468 -2.2424204667236043
115.91358900221603 -3.296539908061756
113.8524450516174 -1.6858014211348364
111.79130110101875 -3.577734150464956
109.73015715042011 -3.417509161177486
107.66901319982148 -2.5522356709310405
105.60786924922283 -3.542820956793953
103.5467252986242 -2.559463010601194
101.48558134802555 -2.48580388631081
99.42443739742691 -2.9362640910115916
97.36329344682827 -5.582084486927036
95.30214949622963 -4.636399742542129
93.241005545631 -2.227110289922794
91.17986159503235 -2.813062642431078
89.11871764443372 -4.365824838403273
87.05757369383507 -4.263701603791573
84.99642974323643 -4.505996968445176
82.93528579263779 -3.2468988062322355
80.87414184203914 -3.463130485625499
78.8129978914405 -2.3053926294483684
76.75185394084185 -3.491145945335959
74.69070999024322 -3.5341325793542406
72.62956603964457 -5.814878379822549
70.56842208904594 -2.992593859793746
68.50727813844729 -3.0208152095876266
66.44613418784866 -2.7233073246524495
64.38499023725002 -4.231197594691012
62.323846286651374 -4.441084109520513
60.26270233605274 -2.8209699332146463
58.2015583854541 -3.2664873983021354
56.14041443485546 -3.5713514117508343
54.07927048425682 -1.3465573414368357
52.01812653365817 -3.4650093050005
49.95698258305953 -2.7717546229612036
47.89583863246089 -3.2980285800032973
45.83469468186225 -3.032764030924544
43.77355073126361 -3.01660021629992
41.71240678066497 -1.3208491339099857
39.65126283006633 -1.2253543052089984
37.59011887946769 -1.6023803174657096
35.52897492886905 -2.7959701946287616
33.4678309782704 -0.2920005206673903
31.406687027671765 2.222157645984529
29.345543077073128 5.293021395238822
27.284399126474483 7.019706450548969
25.223255175875842 11.076407674521906
23.1621112252772 16.042290791892494
21.100967274678563 26.968783961080252
19.03982332407992 39.40037151834834
16.978679373481278 54.54305198305013
14.917535422882638 69.85193012238547
12.856391472283999 88.49548795423624
10.795247521685356 106.87500660047311
8.734103571086715 119.0394253995971
6.672959620488075 127.01233403297621
4.611815669889435 129.71652850321036
2.550671719290793 125.36873292271588
0.48952776869215237 118.54621388894303
-1.5716161819064884 102.821095016373
-3.632760132505129 88.02897847419894
-5.693904083103769 73.35669618015598
-7.755048033702411 58.85389626205264
-9.816191984301051 48.49280957897315
-11.877335934899692 39.83800364017723
-13.938479885498332 35.591902220989375
-15.999623836096973 35.233779701024766
-18.060767786695614 33.085261905230304
-20.121911737294255 32.71821759676274
-22.183055687892896 34.711291899851126
-24.244199638491537 32.46508670196102
-26.305343589090175 31.294136969718476
-28.366487539688816 30.162571466043328
-30.42763149028746 26.997523844778613
-32.4887754408861 22.20957101359474
-34.54991939148474 17.96424983803726
-36.611063342083376 16.008174776573277
-38.67220729268202 13.697585594762526
-40.73335124328066 13.29081463983613
-42.7944951938793 10.659580566722783
-44.85563914447795 10.556615910278994
-46.91678309507659 14.978727952589663
-48.97792704567523 13.904297268359635
-51.039070996273864 18.294063811059495
-53.100214946872505 21.703639221084032
-55.161358897471146 26.796033748282078
-57.22250284806979 27.8261732047125
-59.28364679866843 31.720116428816112
-61.34479074926707 33.1599198982072
-63.40593469986572 35.55201988104323
-65.46707865046434 39.0027775804342
-67.52822260106299 41.37936308234161
-69.58936655166163 42.070956420409324
-71.65051050226026 42.86325277723366
-73.71165445285892 42.570012019711356
-75.77279840345756 37.87145524529515
-77.8339423540562 32.323774954241145
-79.89508630465484 25.114884544785912
-81.95623025525349 19.55063838304509
-84.01737420585212 12.768335907520747
-86.07851815645076 8.874650730574585
-88.1396621070494 6.490500019758915
-90.20080605764804 4.573275662791451
-92.26195000824669 2.703038071795135
-94.32309395884532 2.5940213354959725
-96.38423790944397 -0.13116780708437656
-98.4453818600426 -0.22877057516079455
-100.50652581064124 0.7601787704648776
-102.56766976123988 0.2506001962987862
-104.62881371183852 -0.61971792840505
-106.68995766243717 -0.5400771173601958
-108.7511016130358 -0.6407828172939337
-110.81224556363445 -1.8274069684835077
-112.8733895142331 -0.1259678098701064
-114.93453346483173 -1.4218880257966577
-116.99567741543038 -0.8541379283480939
-119.05682136602901 -1.7292117087035663
-121.11796531662766 -2.1298274252382816
-123.1791092672263 -3.9567214715441437
-125.24025321782494 -1.6292862441297447
-127.30139716842358 -2.919813221927354
-129.3625411190222 -2.072916880924061
-131.42368506962083 -2.8347351906379883
-133.4848290202195 -2.342834851031647
-135.54597297081816 -2.847381404503987
-137.60711692141678 -2.1014529217930806
-139.66826087201542 -3.708973140252152
-141.72940482261404 -5.220670478214627
-143.79054877321272 -3.1841093753015315
-145.85169272381134 -3.329209390934506
-147.91283667441 -0.4649192981638456
-149.9739806250086 -2.4532677207039906
-152.03512457560728 -2.729013970670445
-154.0962685262059 -2.4526281336557996
-156.15741247680455 -3.6308712408386166
-158.21855642740317 -3.2281899506200014
-160.27970037800182 -2.858133384055958
-162.34084432860047 -2.690382552504696
-164.40198827919912 -2.8999940890441454
-166.46313222979774 -4.1569019085500605
-168.52427618039638 -0.704822739253023
-170.58542013099503 -2.7027773804990587
-172.64656408159368 -2.5761992475745807
-174.70770803219233 -3.0062988669522253
-176.76885198279095 -3.601582134712771
-178.8299959333896 -2.292767293595507
-180.89113988398825 -3.2694527495572068
-182.9522838345869 -1.59485645071733
-185.0134277851855 -3.4136915256914167
-187.07457173578416 -1.7605504981002273
-189.13571568638278 -1.7531487267984842
-191.19685963698146 -2.441491970165923
-193.25800358758008 -1.0494378516159495
-195.31914753817873 -2.432050632777059
-197.38029148877735 -1.7867125925381073
-199.44143543937602 -2.1346134754611072
-201.50257938997464 -1.9931693689453336
-203.56372334057332 -0.6218239517084289
-205.62486729117194 -3.252610828596052
-207.6860112417706 -2.9372756500542665
-209.74715519236923 -2.593953681551783
-211.80829914296785 -3.154394458476666
-213.86944309356653 -3.8229936563577747
-215.93058704416515 -3.2400266017992343
-217.9917309947638 -1.2914893303033887
-220.05287494536242 -1.8542268034943108
-222.1140188959611 -2.8941660064735397
-224.17516284655972 -1.1066892500691632
-226.23630679715836 -0.7123032270447918
