# BEGINHEADER
# This file contains data from the SALSA 2m radio telescope.
# DATE=2024-04-06T08:47:0026
# GLON and GLAT given in degrees
# GLON=39.88468706268141
# GLAT=0.2561760269106938
# DATA in two columns below. Col. 1 is velocity relative to LSR [km/s]. Col. 2 is uncalibrated antenna temperature [K].
# ENDHEADER
308.9953656895573 -1.0712403727773985
306.9342217389587 -3.3590767749011157
304.87307778836004 -1.3813945899260531
302.81193383776133 -1.819059298215012
300.75078988716274 -2.343510982910442
298.6896459365641 -0.9824382094437332
296.6285019859655 -2.1607458223263065
294.5673580353668 -1.1602828320871987
292.50621408476815 -1.5879630423446203
290.44507013416955 0.6392084568927286
288.3839261835709 1.0214429535169862
286.32278223297226 -1.7142983624772061
284.2616382823736 0.7189447474110016
282.20049433177496 -0.7279249960213422
280.13935038117637 0.21530268509272155
278.07820643057767 -0.3413841807818829
276.0170624799791 -1.6856034946055634
273.9559185293804 -2.1956683208004764
271.8947745787817 0.9261303446113803
269.83363062818313 -0.3567850067060065
267.7724866775845 -0.4996371340903374
265.7113427269859 -1.185093486088287
263.6501987763872 -0.8520267428674028
261.5890548257886 0.6791180173849535
259.5279108751899 0.6472547928648791
257.4667669245913 -1.658426613246792
255.40562297399265 -1.662166579384397
253.344479023394 -0.5761693789485688
251.28333507279538 1.0271986143107918
249.2221911221967 -0.5340139939253893
247.16104717159809 -0.64510164924353
245.09990322099944 -1.120376181669321
243.03875927040082 -1.0566440758797344
240.97761531980217 -0.12263494332503608
238.9164713692035 -0.8441265184430311
236.85532741860487 -0.540895691599873
234.79418346800622 -0.7741851287245447
232.7330395174076 1.0686653651833384
230.67189556680893 1.3803169487389997
228.6107516162103 -2.495194364933666
226.54960766561166 -2.5713880783778307
224.48846371501304 -2.186131605651236
222.4273197644144 -0.7602476171422641
220.36617581381574 -1.6024799308503987
218.3050318632171 -0.9804091268161047
216.24388791261848 -0.4425175284286454
214.18274396201983 -0.7165969183682708
212.1216000114212 1.2392969952309452
210.06045606082253 -0.7492797045828138
207.9993121102239 0.225269027311358
205.93816815962526 0.6639913973941215
203.87702420902664 0.8222686582183879
201.81588025842797 1.4005552311772602
199.75473630782932 0.22871535621761005
197.69359235723073 0.7078059969003
195.63244840663208 0.27493948695371806
193.57130445603343 0.5222035729803715
191.51016050543478 0.20802521060084667
189.44901655483616 -0.8813067331594283
187.38787260423751 -0.4060585740087128
185.3267286536389 -0.16318963505532025
183.26558470304022 -0.3609848710513657
181.2044407524416 -1.6315513037948728
179.14329680184295 0.892700926111617
177.08215285124433 -0.5220492011400435
175.02100890064565 -0.016962787540030264
172.95986495004703 -0.631692312787743
170.8987209994484 0.8213606057267087
168.83757704884977 1.0638128078549007
166.77643309825112 0.4632979818951276
164.71528914765247 0.08244945640554005
162.65414519705382 -0.5247689345382086
160.59300124645517 -0.6486303535400212
158.53185729585655 -0.9527525281221572
156.4707133452579 -0.985917250896625
154.40956939465926 -0.39158393213910914
152.3484254440606 -0.7733665031973732
150.287281493462 -1.3976230103829632
148.22613754286334 -0.23873117163962268
146.1649935922647 -0.0215279956747516
144.10384964166605 -1.3785694865712415
142.04270569106743 -2.0126494210846357
139.98156174046878 -1.0385023757052374
137.92041778987016 -0.3898420318607074
135.85927383927148 -1.5870869003515662
133.79812988867286 -0.45651166318681885
131.7369859380742 -0.19378710844247204
129.6758419874756 -1.2136617619057932
127.61469803687693 -1.3702543774271796
125.5535540862783 -2.3321241741088787
123.49241013567965 -1.465211718097808
121.43126618508101 -1.2520805253191953
119.37012223448237 -2.2619516457616604
117.30897828388373 -0.7975582537719369
115.2478343332851 -0.6792824456628095
113.18669038268645 -2.629171415606663
111.12554643208782 -1.8070509616740236
109.06440248148917 -2.428494564813635
107.00325853089053 -2.177602110805255
104.94211458029187 0.44349332308307304
102.88097062969324 -0.10161823514873625
100.8198266790946 -0.8678266420756838
98.75868272849594 0.08987993347822232
96.69753877789731 1.6034351841592498
94.63639482729867 3.5731021286806337
92.57525087670003 3.2135819566030377
90.51410692610139 4.202535734250144
88.45296297550274 7.940912696976398
86.39181902490411 9.837351503953224
84.33067507430546 14.647025329431736
82.26953112370683 17.468666746149484
80.20838717310819 19.380837729567418
78.14724322250954 24.603807898293486
76.08609927191091 31.660097907474686
74.02495532131226 36.7199979465282
71.96381137071363 40.733031805647684
69.902667420115 50.151948196854214
67.84152346951635 52.90081934859621
65.7803795189177 57.310537980246266
63.71923556831906 61.37278771550664
61.65809161772042 61.970105185389286
59.59694766712178 62.3133140392259
57.53580371652314 60.84966617987186
55.47465976592449 57.141657610185625
53.41351581532585 57.59312602101857
51.35237186472721 53.300921491114714
49.29122791412858 50.982272260270896
47.230083963529935 52.85189005029197
45.1689400129313 52.34097834481466
43.10779606233266 56.46973190181098
41.04665211173402 62.342890947230416
38.98550816113538 68.91931902026819
36.92436421053673 70.62766424287074
34.86322025993809 74.613082525718
32.80207630933945 76.83742048505451
30.74093235874081 74.70061564615338
28.67978840814217 72.29592955395769
26.61864445754353 67.64769429488686
24.557500506944887 69.0050841182668
22.496356556346246 63.5424220838872
20.435212605747605 62.31736667556246
18.374068655148964 57.58652299899061
16.312924704550323 56.01513141116552
14.251780753951683 61.000725395437094
12.190636803353042 60.07099578275127
10.129492852754401 63.28953933701664
8.06834890215576 60.35370373270794
6.00720495155712 56.265129459878835
3.946061000958479 61.982735120493594
1.8849170503598387 48.22909556885674
-0.17622690023880222 29.357947676172472
-2.237370850837443 20.96019718181921
-4.298514801436084 13.931830218873793
-6.359658752034725 11.967444953805247
-8.420802702633367 9.69076774581527
-10.481946653232006 8.48046452180598
-12.543090603830647 9.511781432654532
-14.604234554429288 9.449582369032305
-16.66537850502793 9.512028495171869
-18.72652245562657 10.55092496015222
-20.78766640622521 12.907717346749445
-22.84881035682385 13.618533720035721
-24.90995430742249 15.254158254015495
-26.97109825802113 17.843257103726298
-29.03224220861977 22.240082357674456
-31.09338615921841 23.97377940589985
-33.15453010981705 25.031152586035056
-35.215674060415694 27.26150635561235
-37.27681801101433 26.413658237303675
-39.33796196161297 27.050994887564272
-41.39910591221162 27.18265385895368
-43.46024986281026 25.591117994066025
-45.5213938134089 25.206052885064025
-47.58253776400754 24.40544814180142
-49.64368171460618 26.49709870794498
-51.70482566520482 25.087054192472188
-53.76596961580346 25.426793610236977
-55.827113566402105 24.278096156554255
-57.888257517000746 21.580372378112926
-59.949401467599394 18.82321438077653
-62.01054541819803 14.79931083777323
-64.07168936879667 11.937118547583884
-66.13283331939532 6.52651456710263
-68.19397726999395 4.674236839424527
-70.25512122059259 -0.116807048354658
-72.31626517119123 0.1642622304538677
-74.37740912178987 -1.1676554102473693
-76.43855307238852 -2.609578518249438
-78.49969702298715 -3.3193961240509178
-80.5608409735858 -3.693216307654574
-82.62198492418443 -2.482689080655233
-84.68312887478307 -3.7327549995919975
-86.74427282538171 -2.44538689174766
-88.80541677598036 -3.9951684798784735
-90.86656072657901 -3.0374516234292983
-92.92770467717764 -3.2290198256605587
-94.98884862777629 -2.430714300138833
-97.04999257837493 -3.6147298056567356
-99.11113652897356 -3.940691738985834
-101.1722804795722 -2.125628301595653
-103.23342443017083 -2.8233855579913656
-105.29456838076948 -2.135440718574935
-107.35571233136811 -2.648298377975142
-109.41685628196676 -4.459022001889571
-111.47800023256539 -4.219066234422884
-113.53914418316404 -6.504240189262373
-115.60028813376267 -5.646127723948852
-117.66143208436131 -2.767268083705129
-119.72257603495996 -3.436993222442471
-121.78371998555859 -3.680246193447898
-123.84486393615724 -4.3392633526803035
-125.90600788675587 -4.4022563789182
-127.96715183735454 -2.8334975045754747
-130.02829578795317 -3.647018555724388
-132.0894397385518 -3.3773449880576014
-134.15058368915044 -5.920764566503387
-136.21172763974909 -4.353542710858251
-138.27287159034773 -2.457990820010865
-140.33401554094635 -2.7001458535020344
-142.395159491545 -4.568278651248097
-144.45630344214362 -1.9448073542551805
-146.5174473927423 -3.7962617064569226
-148.57859134334095 -3.4695497785910847
-150.63973529393957 -4.284737757845825
-152.7008792445382 -3.223535110181428
-154.76202319513686 -3.3689302980406985
-156.8231671457355 -4.256909171130078
-158.88431109633413 -4.164269681055513
-160.94545504693278 -4.10778626178724
-163.0065989975314 -3.796526632308468
-165.06774294813007 -4.47778606599849
-167.1288868987287 -3.6549186697700238
-169.19003084932734 -2.7539858571159117
-171.25117479992596 -3.193121396914526
-173.3123187505246 -3.709334669104004
-175.37346270112326 -2.886877916489734
-177.4346066517219 -3.2425841550260106
-179.49575060232053 -4.196824367855585
-181.55689455291918 -2.78527977028143
-183.61803850351782 -4.485358163953569
-185.67918245411647 -4.321052996385655
-187.74032640471512 -4.043767319832642
-189.80147035531374 -3.587929331373385
-191.8626143059124 -3.292141217743179
-193.92375825651104 -4.81885454375793
-195.98490220710968 -3.5482849962207426
-198.0460461577083 -2.865839014886819
-200.10719010830698 -2.8167848097959034
-202.1683340589056 -2.3856088089432888
-204.22947800950425 -3.9453731568037345
-206.2906219601029 -2.846148208428896
-208.35176591070154 -1.0543823268251078
-210.41290986130016 2.87186553308879
-212.4740538118988 -1.8761067546629269
-214.53519776249743 -2.441314128705348
-216.5963417130961 -3.094392916271045
