# BEGINHEADER
# This file contains data from the SALSA 2m radio telescope.
# DATE=2024-04-12T06:12:0026
# GLON and GLAT given in degrees
# GLON=55.698501098802616
# GLAT=0.11942403116488164
# DATA in two columns below. Col. 1 is velocity relative to LSR [km/s]. Col. 2 is uncalibrated antenna temperature [K].
# ENDHEADER
305.7658056253065 -1.1927864561646544
303.7046616747079 -1.245114746386604
301.64351772410924 0.2561818538392306
299.5823737735106 -0.8007140891822656
297.52122982291195 -0.9030663509208906
295.4600858723133 -1.187580253311921
293.3989419217147 -1.7471285988961662
291.33779797111606 -0.08998079369320322
289.27665402051736 -2.1053406370898613
287.21551006991876 0.8937243283404309
285.1543661193201 4.734120577155312
283.0932221687215 0.6137651400726656
281.0320782181228 0.7209186667780113
278.97093426752417 -0.8039671113121892
276.9097903169256 0.18574630028348488
274.8486463663269 -1.711715705528909
272.7875024157283 -0.42646186071925324
270.72635846512964 -1.7603200423881975
268.665214514531 -0.6494346694202419
266.60407056393234 0.2811194025579525
264.5429266133337 -1.4081327078989463
262.48178266273504 -1.71074200280937
260.42063871213645 -0.3577882604334085
258.3594947615378 1.0824133131254776
256.29835081093916 1.9623837568011544
254.2372068603405 -0.09463984135137074
252.17606290974186 -0.23150226671735744
250.11491895914324 -1.5597706496923842
248.05377500854456 -0.2284011087469765
245.99263105794594 -0.8856147093023604
243.9314871073473 0.12902588519252906
241.87034315674865 1.2804863586434074
239.80919920615003 0.22441665446937886
237.74805525555135 -1.1873375539103206
235.68691130495273 -0.26805207733759423
233.62576735435408 -0.5177576536904999
231.56462340375546 -0.8541039484318085
229.5034794531568 1.0789147106088417
227.44233550255817 -0.6572160327563487
225.38119155195952 -1.2885250806207529
223.3200476013609 -1.216589131473932
221.25890365076225 0.13020035286374182
219.19775970016363 -1.7625153925751034
217.13661574956495 -2.0843166770388897
215.07547179896633 0.9893806530880104
213.01432784836769 -0.4541762651875891
210.95318389776907 -0.9822039956651751
208.8920399471704 -0.4884430469722051
206.83089599657177 -1.032686058962753
204.76975204597312 -0.9081348392379518
202.70860809537447 -0.5135278230304902
200.64746414477585 0.19414550312557727
198.58632019417718 0.5296045575821403
196.52517624357856 -1.5371742447395946
194.4640322929799 -0.39543969527851336
192.4028883423813 -0.992369652583613
190.34174439178264 -0.6259185114000893
188.280600441184 -1.3436942673698524
186.21945649058534 -1.9169263628107749
184.15831253998672 -1.8409535687111163
182.09716858938808 -2.8459678337755117
180.03602463878943 -0.7432555408929044
177.97488068819078 -2.643431457130956
175.91373673759216 -2.866882867280252
173.8525927869935 -2.006642989097719
171.7914488363949 -0.9353779695834086
169.73030488579622 -1.99581898778453
167.6691609351976 -2.599298527041539
165.60801698459895 0.3316570616138266
163.5468730340003 -1.5927546724154533
161.48572908340168 -1.763150012362537
159.424585132803 -1.9006721820299923
157.36344118220438 -3.5255561091931815
155.30229723160573 -2.765005144669374
153.24115328100712 -0.6577282943437823
151.18000933040844 -2.3945923623761676
149.11886537980982 -2.885531735063376
147.05772142921117 -2.276863681294963
144.99657747861255 -2.389377531233231
142.9354335280139 -2.862131820818841
140.87428957741525 -2.44060659488953
138.8131456268166 -3.0810576708175477
136.752001676218 -3.8449816132402233
134.69085772561934 -3.4452801901110446
132.62971377502072 -1.9240096509652
130.56856982442207 -2.653341464013914
128.50742587382342 -2.2421661171245892
126.44628192322477 -1.7147413440508201
124.38513797262613 -3.164355117130504
122.32399402202749 -2.2150490531097575
120.26285007142886 -2.7178803415291433
118.20170612083021 -2.2671541906652903
116.14056217023158 -3.2315130898407034
114.07941821963293 -2.8400007546410886
112.0182742690343 -0.8689873543259345
109.95713031843565 -3.4356933221928
107.89598636783701 -2.7753061227719793
105.83484241723836 -2.7579017130726124
103.77369846663971 -5.185604371250367
101.71255451604108 -2.8194981718058276
99.65141056544243 -3.3990829160347413
97.5902666148438 -2.038169925400419
95.52912266424515 -0.8085394139724407
93.46797871364652 -3.091964328867331
91.40683476304788 -3.6453212644955313
89.34569081244923 -0.7483059525891568
87.2845468618506 -1.4274254864454365
85.22340291125195 -4.417850997901214
83.16225896065332 -4.0230475906623075
81.10111501005468 -3.208170625659795
79.03997105945604 -1.7686059606422844
76.9788271088574 -2.5234147438766517
74.91768315825875 -1.968424985723266
72.85653920766012 -3.0585583541755486
70.79539525706147 -1.0181909018018764
68.73425130646284 -0.9522666403048239
66.67310735586419 -1.1327249792468377
64.61196340526554 -0.11606072609967448
62.55081945466691 2.993431686201033
60.48967550406827 5.336964235927219
58.428531553469625 9.596383585826914
56.367387602870984 10.864663767828109
54.30624365227234 14.32667124888492
52.2450997016737 18.99969318075063
50.18395575107506 21.986237001379827
48.12281180047642 29.385667776030072
46.061667849877786 35.917208837680604
44.000523899279145 41.06644685938468
41.939379948680504 42.722714008332545
39.87823599808186 49.448139412361435
37.817092047483214 57.765011660176285
35.75594809688457 63.157589776651136
33.69480414628593 65.200312449404
31.633660195687295 67.50245128024129
29.572516245088657 67.41387591595094
27.511372294490016 66.71327789485778
25.450228343891375 66.206255608487
23.389084393292734 68.31577685909319
21.327940442694093 68.30349376654118
19.266796492095455 68.71031526455539
17.205652541496814 68.33378752188928
15.144508590898173 70.7189594917132
13.083364640299532 79.18434566374125
11.022220689700891 90.66664285011798
8.96107673910225 93.04997642269065
6.89993278850361 82.12740554222766
4.838788837904969 73.5101963993886
2.7776448873063275 64.13655700769992
0.7165009367076866 53.41154101584605
-1.3446430138909544 44.61412326908517
-3.4057869644895953 38.2563132728073
-5.466930915088236 34.32564538255499
-7.528074865686875 30.233211086006218
-9.589218816285516 27.73154773069402
-11.65036276688416 22.626725122811937
-13.711506717482798 21.686718562552745
-15.772650668081438 16.591023640709203
-17.83379461868008 12.725539477758014
-19.89493856927872 10.685602797134269
-21.95608251987736 7.926643647638917
-24.017226470476004 5.7423100903111
-26.078370421074645 4.851390296175581
-28.139514371673286 5.118961098390551
-30.200658322271927 6.508039715495101
-32.26180227287057 5.965649417554003
-34.32294622346921 7.083245023823783
-36.38409017406784 7.8054471231277045
-38.44523412466649 8.877611635999319
-40.50637807526513 11.171035060003838
-42.567522025863774 12.565286884197528
-44.628665976462415 18.377817750552506
-46.689809927061056 19.526599996161714
-48.7509538776597 22.760571329853583
-50.81209782825833 24.411178849768767
-52.87324177885697 29.100722385509172
-54.93438572945561 28.22722291580485
-56.995529680054254 29.816299108908474
-59.0566736306529 33.3282667697814
-61.11781758125154 32.30152101618701
-63.178961531850184 31.161499479576428
-65.24010548244881 26.909524355832115
-67.30124943304746 23.105481167396775
-69.36239338364611 20.393084986718257
-71.42353733424474 17.009846037869124
-73.48468128484338 13.35312112830786
-75.54582523544202 12.33733325537349
-77.60696918604066 12.052295648694372
-79.6681131366393 8.65639665423176
-81.72925708723794 6.322789853777234
-83.79040103783659 5.4262559676373705
-85.85154498843522 2.8940000346438204
-87.91268893903387 4.4977757067770066
-89.97383288963252 2.216276605352753
-92.03497684023115 0.9603300897588601
-94.0961207908298 0.6763036925172551
-96.15726474142843 -0.6423452248859971
-98.21840869202708 -1.2690675489613787
-100.27955264262572 -3.919743359868223
-102.34069659322435 -2.6606221730427064
-104.401840543823 -3.477625442446574
-106.46298449442163 -3.038380465992339
-108.52412844502028 -3.789707704684892
-110.58527239561892 -3.623937680144155
-112.64641634621755 -3.3880611676189707
-114.7075602968162 -4.6583058217740305
-116.76870424741483 -3.2290759241183995
-118.82984819801348 -2.633087151662999
-120.89099214861211 -4.807041104651997
-122.95213609921076 -4.3952215935781425
-125.01328004980941 -4.531994569577874
-127.07442400040804 -5.3089250702295
-129.1355679510067 -2.030719910430443
-131.19671190160534 -4.246736434898782
-133.25785585220396 -3.9493457113782506
-135.3189998028026 -3.9687872902633208
-137.38014375340123 -3.7873638978248123
-139.4412877039999 -3.9226598036717104
-141.50243165459852 -2.062703363424248
-143.56357560519717 -3.0863179901940723
-145.62471955579582 -3.7487100571419933
-147.68586350639444 -2.7695076954732873
-149.74700745699312 -1.754263050108751
-151.80815140759174 -3.784931274027794
-153.86929535819039 -3.6672383042566157
-155.930439308789 -2.577422442032997
-157.99158325938765 -2.6476962721995982
-160.0527272099863 -1.5888141788359476
-162.11387116058495 -1.0779284767565174
-164.17501511118357 -3.325912882969833
-166.23615906178222 -2.7607258522559124
-168.29730301238084 -1.9845325544664525
-170.3584469629795 -2.9385224172560442
-172.41959091357813 -1.7020979192623769
-174.48073486417678 -4.114286061547284
-176.5418788147754 -3.210142927639383
-178.60302276537408 -1.7178218197945752
-180.6641667159727 -3.3459070165884315
-182.72531066657135 -3.0379732202045173
-184.78645461717 -2.149855045333677
-186.8475985677686 -2.1704772773112873
-188.9087425183673 -2.2535409070497625
-190.9698864689659 -2.144924118582803
-193.03103041956456 -2.2178389324653947
-195.09217437016318 -2.6177787210684227
-197.15331832076183 -3.097212968604784
-199.21446227136047 -1.305511165234081
-201.27560622195912 -1.597406688168725
-203.33675017255774 -2.816454309713038
-205.3978941231564 -2.155886115636983
-207.45903807375504 -2.5741817416956487
-209.5201820243537 -3.983351819386946
-211.5813259749523 -3.2981823797871392
-213.64246992555096 -0.8443378618289283
-215.70361387614957 -1.2012765202946047
-217.76475782674825 -2.447704380782504
-219.82590177734687 -2.521553127558583
