# BEGINHEADER
# This file contains data from the SALSA 2m radio telescope.
# DATE=2024-03-27T09:11:0053
# GLON and GLAT given in degrees
# GLON=59.87537395774981
# GLAT=0.1600270427973175
# DATA in two columns below. Col. 1 is velocity relative to LSR [km/s]. Col. 2 is uncalibrated antenna temperature [K].
# ENDHEADER
302.49157159052345 16.901537005073774
300.4304276399248 29.515393121091652
298.3692836893262 24.40966734938645
296.30813973872756 26.10820766151685
294.2469957881289 22.293564745023552
292.18585183753027 18.51647946035807
290.1247078869316 19.123849846271703
288.063563936333 23.149347595902803
286.0024199857343 22.781537556383558
283.9412760351357 13.0330992617178
281.8801320845371 2.1201103811813575
279.81898813393843 25.827962351909086
277.7578441833398 18.712177330040518
275.69670023274114 20.405207026653628
273.6355562821425 20.176532976340287
271.57441233154384 25.501808755601562
269.5132683809452 21.654812900241193
267.4521244303466 19.829329215306487
265.39098047974795 18.28673300158608
263.32983652914925 20.367103019048038
261.26869257855066 18.80452583982622
259.207548627952 16.588903047744793
257.14640467735336 23.593568915543035
255.08526072675474 24.56095243586808
253.0241167761561 20.243068557014638
250.96297282555747 20.459012622852125
248.9018288749588 21.416485146061554
246.84068492436018 19.255828176511045
244.77954097376153 20.594162871158293
242.7183970231629 22.631009092634997
240.65725307256423 26.873136748731945
238.5961091219656 22.8860361282189
236.53496517136696 22.06027150056587
234.47382122076834 21.68256621103606
232.4126772701697 20.026376394445897
230.35153331957102 19.293357279633618
228.2903893689724 20.59567975235038
226.22924541837375 25.000841022276195
224.16810146777513 24.86751015443621
222.10695751717648 21.287081745738405
220.04581356657783 19.615794150495063
217.9846696159792 20.71111443602957
215.92352566538057 22.201260496999755
213.86238171478192 24.95890340744289
211.80123776418327 23.308285617537923
209.74009381358462 25.16637786698316
207.678949862986 23.90485637963966
205.61780591238735 22.34648378751374
203.55666196178873 25.209429136415718
201.49551801119006 21.51814824233538
199.43437406059144 19.8246972124638
197.37323010999282 19.749680140558343
195.3120861593942 22.54164698103706
193.25094220879552 23.022902190995218
191.18979825819687 22.639582024644394
189.12865430759825 23.212336035023046
187.0675103569996 23.90508457766209
185.00636640640096 23.843010427369773
182.9452224558023 24.387815853998898
180.8840785052037 25.953101775918938
178.82293455460504 24.611638930876275
176.76179060400642 22.616941084460116
174.70064665340774 23.455594334370986
172.63950270280912 23.051579196469902
170.57835875221048 26.633273472996823
168.51721480161186 23.804973110669824
166.4560708510132 23.42827119536569
164.39492690041456 26.790233493639796
162.3337829498159 23.40410406272252
160.2726389992173 24.002974697390307
158.21149504861864 24.868651377581507
156.15035109802002 27.623883498908654
154.08920714742135 26.757037345887532
152.0280631968227 25.35104501505828
149.96691924622408 26.219158818190063
147.90577529562543 27.91146700024138
145.84463134502678 26.129443027353954
143.78348739442814 27.80981195971424
141.72234344382952 27.2121904915581
139.66119949323087 28.65426553330498
137.60005554263225 25.80217910991919
135.53891159203357 26.86747935500614
133.47776764143495 28.544155414152375
131.4166236908363 24.787938099780348
129.35547974023766 31.0602026576241
127.29433578963902 26.473048002945312
125.23319183904039 36.83019107219396
123.17204788844174 64.76460059210564
121.1109039378431 50.36794581290436
119.04975998724446 38.247422801867685
116.98861603664582 31.443285463885825
114.92747208604719 31.82566667583591
112.86632813544854 29.11399956923739
110.8051841848499 26.271140233933323
108.74404023425126 29.74071904058593
106.68289628365262 21.554888699641612
104.62175233305398 16.477475275378307
102.56060838245534 32.760711927593924
100.49946443185671 29.568180844228454
98.43832048125805 32.247220248871066
96.3771765306594 25.339816198156832
94.31603258006075 25.65955055536483
92.25488862946212 33.35893452618365
90.19374467886348 27.701128870143723
88.13260072826483 28.701982704483367
86.0714567776662 41.244011894827096
84.01031282706755 33.423088877506046
81.94916887646892 30.06863914067512
79.88802492587028 31.655232349093502
77.82688097527164 33.71898190819779
75.765737024673 32.556200647762545
73.70459307407435 30.963393452925818
71.64344912347572 35.14092219445135
69.58230517287707 34.54796812702284
67.52116122227844 32.3391498783296
65.46001727167979 33.540650511705984
63.39887332108115 33.35916777498364
61.337729370482506 31.53730736503183
59.27658541988387 31.765182568061032
57.21544146928523 35.96335236873661
55.15429751868659 38.66009588217039
53.09315356808795 38.11288886172501
51.03200961748931 41.186745647861564
48.97086566689066 35.15297279661519
46.90972171629202 33.90469735787922
44.848577765693385 26.693525695399376
42.787433815094744 28.897733103627434
40.7262898644961 38.704038582952485
38.66514591389746 38.9470896003929
36.60400196329882 38.40873652606636
34.54285801270018 38.63814943464559
32.48171406210154 43.794596267612484
30.420570111502897 39.55875399165389
28.35942616090426 47.85104557056467
26.29828221030562 52.35251067030941
24.237138259706974 48.3635297258336
22.175994309108333 44.20986244924722
20.114850358509695 41.39364523869275
18.053706407911054 43.805528724171154
15.992562457312413 43.55701552501189
13.931418506713772 44.93321325944178
11.870274556115131 44.06389488709032
9.80913060551649 47.20398920140977
7.74798665491785 49.909614053678226
5.686842704319209 44.19049682110933
3.6256987537205685 42.57345101931526
1.5645548031219274 41.341727164347134
-0.49658914747671334 43.628723608612354
-2.5577330980753543 36.54369486856435
-4.618877048673995 39.90300084510069
-6.680020999272636 46.117882090300206
-8.741164949871276 40.84661145467964
-10.802308900469917 40.991759706005
-12.863452851068558 41.372611664093085
-14.924596801667198 38.49460544983885
-16.98574075226584 37.13803396187358
-19.04688470286448 34.67284505045442
-21.10802865346312 38.18388525835517
-23.16917260406176 38.92115016424
-25.230316554660405 37.64060517783819
-27.291460505259042 37.350144708712115
-29.352604455857684 39.237161447340455
-31.413748406456325 37.88450163935261
-33.47489235705497 35.95672902089508
-35.53603630765361 40.68063185367486
-37.597180258252244 51.32250720930792
-39.658324208850885 39.52093102668377
-41.71946815944953 37.78394411732842
-43.78061211004817 37.06086172623582
-45.84175606064681 38.934350900908875
-47.90290001124546 36.39793479597951
-49.9640439618441 37.651681849497656
-52.02518791244273 40.856797271119206
-54.08633186304137 41.60239241858022
-56.147475813640014 43.05331176624725
-58.208619764238655 40.39839468345524
-60.269763714837296 41.976147867354854
-62.33090766543594 39.86772479789715
-64.39205161603458 40.79373054893061
-66.45319556663323 40.64719591565015
-68.51433951723186 49.99022181982342
-70.57548346783051 42.49462046720702
-72.63662741842914 37.72796079219405
-74.69777136902778 38.60743535355269
-76.75891531962642 38.60652801662659
-78.82005927022506 35.274377997761896
-80.8812032208237 32.28287286937553
-82.94234717142234 39.645160562707915
-85.00349112202099 40.08650904053584
-87.06463507261962 36.93154002635392
-89.12577902321826 38.016909219865475
-91.1869229738169 33.024957280783596
-93.24806692441554 29.07963054467209
-95.30921087501419 37.66091374159312
-97.37035482561284 36.972927753901395
-99.43149877621147 40.560357232235056
-101.4926427268101 37.581423436351905
-103.55378667740875 37.30643644242577
-105.61493062800739 36.196679605418005
-107.67607457860602 38.17159655495413
-109.73721852920467 31.72759587014262
-111.7983624798033 33.9161757581572
-113.85950643040195 37.60663403231716
-115.92065038100058 36.12713757654262
-117.98179433159923 35.69973600066239
-120.04293828219787 38.35778681133913
-122.1040822327965 36.177262343017695
-124.16522618339515 38.1495689021513
-126.22637013399378 37.21737605426972
-128.28751408459243 38.32967189042375
-130.34865803519108 38.49215897615536
-132.4098019857897 34.58743919995549
-134.47094593638835 35.21450988323618
-136.532089886987 35.13816791363886
-138.59323383758564 34.795943945829315
-140.65437778818426 30.03748628898728
-142.7155217387829 30.681529767050517
-144.77666568938156 37.105185435984254
-146.8378096399802 36.10663584012785
-148.89895359057883 34.483824519480585
-150.96009754117748 35.531427042806676
-153.0212414917761 33.776546080848384
-155.08238544237477 34.48461301178533
-157.14352939297342 31.350175854730903
-159.20467334357204 35.51684901382225
-161.2658172941707 38.55205726161675
-163.3269612447693 34.0785069768969
-165.38810519536798 33.98420464299139
-167.4492491459666 38.32929851954437
-169.51039309656525 38.456494952836486
-171.57153704716387 30.743719314964444
-173.63268099776255 30.491409611195277
-175.69382494836117 35.89451471112636
-177.75496889895982 34.59870388631389
-179.81611284955844 32.95355659511249
-181.87725680015708 33.4933428895725
-183.93840075075573 36.52318484934972
-185.99954470135438 25.284970675305622
-188.060688651953 32.78332064132642
-190.12183260255165 36.13084174748373
-192.18297655315027 37.673395139814474
-194.24412050374895 35.21001177975584
-196.3052644543476 32.238470316177214
-198.36640840494624 33.49069055846509
-200.4275523555449 32.55770753101429
-202.4886963061435 31.48100696459494
-204.54984025674216 28.78820298375415
-206.6109842073408 35.107722648527194
-208.67212815793945 38.08315656819208
-210.73327210853807 33.3989248767042
-212.79441605913672 34.60455422651701
-214.85556000973537 32.73590935718061
-216.91670396033402 29.7596044536219
-218.97784791093264 27.42724457995613
-221.0389918615313 25.335307715551632
-223.1001358121299 33.98868570218345
