# BEGINHEADER
# This file contains data from the SALSA 2m radio telescope.
# DATE=2024-04-12T07:14:0015
# GLON and GLAT given in degrees
# GLON=52.908168805918514
# GLAT=4.197322003234199
# DATA in two columns below. Col. 1 is velocity relative to LSR [km/s]. Col. 2 is uncalibrated antenna temperature [K].
# ENDHEADER
306.30694551101095 0.16444314717861858
304.24580156041236 -0.2752270021915714
302.18465760981366 -0.15813206208329958
300.123513659215 -0.8221909465981917
298.0623697086164 -1.5732683415414783
296.00122575801777 1.153914488443976
293.9400818074191 0.1404358650164291
291.87893785682047 1.1896606284242341
289.8177939062218 -1.8774479736319545
287.75664995562323 3.940326202128237
285.6955060050245 13.471109555629162
283.63436205442594 -2.8108598503154765
281.5732181038273 2.8980294876004953
279.51207415322864 0.6972077663129245
277.45093020263 0.8814203682572479
275.38978625203134 -0.6122557729343534
273.32864230143275 -1.0006513379383897
271.26749835083405 1.4222832474807736
269.2063544002354 0.43566301698107157
267.1452104496368 2.209367033702849
265.08406649903816 0.30876977440450315
263.0229225484395 0.36750510239864975
260.96177859784086 -0.41379727426112745
258.9006346472422 3.15238027454379
256.83949069664357 5.352910692001338
254.77834674604495 -1.4822298411776704
252.7172027954463 1.0926199499974592
250.65605884484768 -0.4969636178283726
248.59491489424903 -0.30431895026393874
246.53377094365038 0.6207339112132222
244.47262699305173 -0.42495048068954583
242.4114830424531 1.444997377458028
240.35033909185447 2.5362329909768735
238.2891951412558 0.9204689091416957
236.22805119065717 1.2583253101101561
234.16690724005852 -0.3948659367836913
232.1057632894599 -0.6782556865353377
230.04461933886125 3.589713084019242
227.9834753882626 1.9708961281986006
225.92233143766396 0.5211750880293952
223.86118748706534 1.0342110811779912
221.8000435364667 -0.8967310232573932
219.73889958586807 0.4033683350949533
217.6777556352694 0.05083755370676875
215.61661168467077 0.3581057329711738
213.55546773407212 0.9698741757302336
211.4943237834735 0.3017699182672394
209.43317983287486 -1.3837312466677576
207.3720358822762 -1.1382985720665115
205.31089193167756 -1.9269979346734931
203.24974798107894 -1.952099420013929
201.1886040304803 1.120726746662824
199.12746007988162 -0.5405968048243077
197.06631612928297 -1.074147277028278
195.00517217868432 1.3892783259953936
192.9440282280857 -0.48550454113066654
190.88288427748705 -2.0474425830862293
188.82174032688843 -1.427751303818155
186.76059637628975 -1.1245593216657586
184.69945242569113 -1.7263629788764174
182.6383084750925 0.2536363624244043
180.57716452449387 -2.089171413615411
178.51602057389522 -2.166570232106632
176.45487662329657 -1.6156030987619339
174.39373267269792 -0.6080152512862568
172.3325887220993 0.762679177879008
170.27144477150065 -2.076102740103732
168.210300820902 -3.3619576853592243
166.14915687030336 -1.3578907117627335
164.08801291970474 -1.277573321966242
162.0268689691061 0.1613225366121844
159.96572501850744 -1.759813368591613
157.9045810679088 -1.0180132394876573
155.84343711731015 -0.40034141435030546
153.78229316671153 -0.00597169908124865
151.72114921611288 -3.0073759785065137
149.66000526551426 -3.160480261854828
147.59886131491558 -0.09087112629622544
145.53771736431696 -0.351580390315811
143.4765734137183 -0.15222716632900227
141.4154294631197 -1.190971667165949
139.35428551252105 -2.1476851301130306
137.2931415619224 -0.9878002847747037
135.23199761132375 -2.0970445339838966
133.17085366072513 -1.9492083447697373
131.10970971012648 -1.6088396069037103
129.04856575952783 -1.2772793315403468
126.98742180892918 -1.2838011970494645
124.92627785833055 -1.6549205204863624
122.86513390773192 -2.0726890790263743
120.80398995713327 -1.938213829154483
118.74284600653463 -1.3720972977168364
116.68170205593599 -0.9766319778842939
114.62055810533735 -0.4718210640657928
112.5594141547387 -1.0651817935891421
110.49827020414007 -1.2177586688289206
108.43712625354144 -1.048306470958441
106.37598230294279 -2.3432281235902983
104.31483835234414 -1.6629811420207732
102.25369440174549 -0.8112722210247485
100.19255045114686 -4.203819589891668
98.13140650054822 -3.6987188321671307
96.07026254994959 -3.090651142565057
94.00911859935094 -2.3136979657273584
91.94797464875231 -2.2741157060558157
89.88683069815367 -2.1874636313312004
87.82568674755503 -2.511702868780841
85.76454279695639 -2.585818069811541
83.70339884635774 -2.3603134724159998
81.64225489575911 -0.5314465286482213
79.58111094516046 -1.8985113641058595
77.51996699456183 -2.147434784180819
75.45882304396319 -0.24091122563589668
73.39767909336454 -0.9333861346831767
71.33653514276591 0.0071249273961561665
69.27539119216726 1.9224602372200386
67.21424724156863 3.1339194222452345
65.15310329096998 6.587492758857542
63.09195934037134 8.13149872876885
61.0308153897727 11.608762076632388
58.96967143917406 14.31710729388346
56.90852748857542 15.773240618421871
54.847383537976775 20.301281311881446
52.786239587378134 23.03108366427024
50.72509563677949 24.581086467857943
48.663951686180845 28.597846827752274
46.60280773558221 30.549764028471916
44.54166378498357 31.056322458608143
42.48051983438493 28.87370797177037
40.41937588378629 29.900835703691833
38.358231933187646 31.140458186693518
36.297087982589 30.302376076986423
34.23594403199036 32.33808783360504
32.17480008139172 31.994812651012477
30.11365613079308 33.296754936575105
28.05251218019444 34.69145924325506
25.9913682295958 35.309217832516005
23.930224278997162 37.844477708329
21.869080328398518 41.745018888026195
19.80793637779988 39.94076158925442
17.74679242720124 39.848258421661605
15.6856484766026 43.949332805166044
13.624504526003957 48.55367692818034
11.563360575405316 60.40944514886257
9.502216624806675 72.70897488837609
7.4410726742080335 81.34913901794444
5.3799287236093924 67.33836015520606
3.318784773010752 59.07724269187139
1.2576408224121114 58.75971795658797
-0.8035031281865292 40.11243519138604
-2.8646470787851706 23.66185303048151
-4.925791029383811 15.177915359686171
-6.986934979982451 8.449943155864375
-9.048078930581092 6.370607636747994
-11.109222881179733 3.0133141735518163
-13.170366831778372 2.4161328260589006
-15.231510782377015 1.5339508407869036
-17.292654732975656 1.3078057941661931
-19.353798683574297 2.6749173435913782
-21.414942634172935 1.0919478347375406
-23.476086584771576 0.19963893884160297
-25.53723053537022 0.4915513532681883
-27.59837448596886 2.568565175999405
-29.659518436567502 3.435132435738465
-31.720662387166144 3.5013843396960747
-33.781806337764785 5.236782414515938
-35.842950288363426 5.228953478531914
-37.90409423896206 7.211235899336488
-39.9652381895607 9.088398464896674
-42.02638214015935 8.714940441784734
-44.08752609075799 10.25896051606153
-46.14867004135663 14.71905958204786
-48.20981399195527 16.6779542355581
-50.270957942553906 16.861094350368372
-52.33210189315255 16.04818823688327
-54.39324584375118 16.68724287847713
-56.45438979434982 14.4818497987794
-58.51553374494846 14.857871150828505
-60.57667769554711 14.314526266525052
-62.63782164614575 14.689800050500809
-64.69896559674439 14.663400218769285
-66.76010954734303 11.479202669922746
-68.82125349794167 10.530636384265012
-70.88239744854032 12.083761692074821
-72.94354139913895 11.747496817184594
-75.00468534973758 9.535500551928433
-77.06582930033623 7.690018302440838
-79.12697325093487 7.28867968211153
-81.18811720153352 7.3750777664278395
-83.24926115213215 7.864522435080315
-85.3104051027308 6.692486128328135
-87.37154905332943 7.5249888129041596
-89.43269300392807 5.619874548109205
-91.49383695452673 3.8418536737231292
-93.55498090512536 1.8338757301935877
-95.61612485572401 0.1501013811066892
-97.67726880632264 -0.7293109112013495
-99.73841275692129 -1.130946339656343
-101.79955670751994 -2.5622781003119655
-103.86070065811857 -1.2814979601695908
-105.92184460871722 -2.504213330386255
-107.98298855931586 -3.274217484993534
-110.04413250991449 -2.6329755363094165
-112.10527646051314 -3.696834434423651
-114.16642041111177 -4.424211427455939
-116.22756436171042 -2.0590215157660383
-118.28870831230905 -2.2360244957087616
-120.3498522629077 -2.327100459292082
-122.41099621350634 -3.279727424370779
-124.47214016410497 -2.358811723304555
-126.53328411470362 -2.046692164325214
-128.59442806530225 -4.334828214364069
-130.6555720159009 -3.584253930951651
-132.71671596649955 -1.8686607134957811
-134.7778599170982 -2.2822562964761417
-136.83900386769682 -4.33570519200836
-138.90014781829547 -2.8596139194290875
-140.96129176889409 -2.016247842274547
-143.02243571949276 -1.137894957421681
-145.08357967009138 -3.6255119977924175
-147.14472362069003 -2.855602486931049
-149.20586757128868 -2.398600417025654
-151.2670115218873 -4.813386266958022
-153.32815547248597 -1.5750427002314182
-155.3892994230846 -2.2030116467745953
-157.45044337368324 -1.5528834412029646
-159.51158732428186 -2.4491295550344225
-161.57273127488054 -2.15087250027972
-163.63387522547916 -3.741240951182297
-165.6950191760778 -2.197214541498789
-167.75616312667643 -2.490735627220741
-169.81730707727507 -3.5985822738149493
-171.87845102787372 -2.5806806102059006
-173.93959497847237 -2.2205464392106595
-176.000738929071 -2.3667337912183752
-178.06188287966964 -3.162685708037203
-180.12302683026826 -1.4101480031083706
-182.18417078086694 -1.8729592027172053
-184.24531473146556 1.1317443021798608
-186.3064586820642 -2.786609904706645
-188.36760263266285 -4.14606241274777
-190.4287465832615 -0.7072774326458814
-192.48989053386015 -0.4361507774285723
-194.55103448445877 -0.20893269822654753
-196.61217843505742 -1.9759205811727336
-198.67332238565604 -0.9594006165394541
-200.73446633625468 -2.3179180973845006
-202.7956102868533 -1.8341720326585509
-204.85675423745195 -2.071991562787408
-206.91789818805057 -2.1529660387853857
-208.97904213864925 -1.0810656026695695
-211.04018608924787 -2.037379313675303
-213.10133003984652 7.836175731088866
-215.16247399044514 -0.11326645178709233
-217.2236179410438 -0.7460885051715217
-219.28476189164243 -1.0915955733982
