# BEGINHEADER
# This file contains data from the SALSA 2m radio telescope.
# DATE=2024-04-12T06:31:0038
# GLON and GLAT given in degrees
# GLON=77.81934217931219
# GLAT=0.06993011487049978
# DATA in two columns below. Col. 1 is velocity relative to LSR [km/s]. Col. 2 is uncalibrated antenna temperature [K].
# ENDHEADER
296.274972962925 -0.9271688127048272
294.2138290123263 -1.3626893855486275
292.1526850617277 0.4420399121224845
290.09154111112906 -0.316211598934597
288.03039716053047 -3.6261801867547105
285.96925320993176 -1.3864158717624668
283.9081092593331 -1.2634193027231315
281.8469653087345 0.05199130730436359
279.7858213581359 -0.47210767990933156
277.72467740753723 0.5464525769725886
275.6635334569386 0.7636459318916156
273.60238950633993 -1.3469948720859553
271.5412455557413 1.1669370230946219
269.48010160514264 -1.1639135446815714
267.41895765454404 -1.5780100517405262
265.3578137039454 -0.5335759109486545
263.2966697533467 1.5958829045080989
261.2355258027481 -1.2267905625448388
259.17438185214945 0.6977111696163147
257.1132379015508 -0.6364257013439873
255.05209395095218 -1.438723916151917
252.99095000035354 -0.866698874783963
250.9298060497549 -0.19683338013643897
248.86866209915624 -0.42640707509716286
246.80751814855762 0.9244999514988093
244.74637419795897 -1.7641507908824612
242.68523024736035 0.06570714479983501
240.62408629676167 0.7233332546093738
238.56294234616303 -0.1830022529068402
236.5017983955644 -0.6666689335575908
234.44065444496576 -0.7225695209710652
232.3795104943671 -2.6734584078410104
230.31836654376846 -0.03036983734682634
228.25722259316984 -0.7159708762431605
226.1960786425712 -1.630705584887569
224.13493469197257 -0.5845326659125667
222.0737907413739 -0.5817503456970043
220.01264679077528 -0.7592289593019537
217.95150284017663 -0.800339680068223
215.890358889578 -0.6576912862226999
213.82921493897936 0.6226845507226314
211.7680709883807 -1.6272975888913486
209.70692703778207 -0.9005567794923919
207.64578308718345 -0.4711931917873975
205.5846391365848 -0.720533203965346
203.52349518598618 -1.4683793354585408
201.4623512353875 -0.5232038323233813
199.40120728478885 -1.2649189420415106
197.34006333419026 -1.8486432534743427
195.27891938359159 -0.7613539408664076
193.21777543299297 -1.8059801638962742
191.15663148239432 -0.16067783477627348
189.0954875317957 -0.011392493015721821
187.03434358119705 -0.8551435695793415
184.9731996305984 -1.5560219725120077
182.91205567999975 -1.258117462614998
180.85091172940113 -1.163446458771535
178.78976777880249 -2.3114087735752262
176.72862382820384 -2.5476366592665523
174.6674798776052 -0.46687687414646967
172.60633592700657 -1.7753720546365002
170.54519197640792 -0.36339698396361986
168.4840480258093 -2.0049671158073563
166.42290407521062 -2.3241350025261904
164.361760124612 -2.937775991684952
162.30061617401336 -1.8223737630105667
160.23947222341474 -2.024446163424696
158.1783282728161 -1.859109516858531
156.1171843222174 -2.038125812911025
154.0560403716188 0.3160820737815984
151.99489642102014 -1.6564314562282474
149.93375247042152 -1.900700007180352
147.87260851982288 -3.126901576342122
145.81146456922423 -3.6065258769502195
143.75032061862558 0.41305646338552127
141.68917666802696 -2.1126959885499694
139.6280327174283 -1.6949971252232212
137.56688876682966 -2.3442968468580085
135.50574481623102 -2.0671023967166455
133.4446008656324 -0.9885813850292755
131.38345691503375 -4.354558444073156
129.3223129644351 -4.351656687884247
127.26116901383647 -2.5330825824676864
125.20002506323782 -4.042683644567436
123.13888111263918 -4.64655136590303
121.07773716204055 -3.2158359543806485
119.0165932114419 -3.171995982980427
116.95544926084327 -2.208370653323717
114.89430531024462 -3.0131059040846946
112.83316135964598 -3.0078973830531006
110.77201740904734 -2.745311482793101
108.7108734584487 -1.7093899795838812
106.64972950785007 -3.5890171650123954
104.58858555725142 -3.958317127249246
102.52744160665279 -3.2075346621467307
100.46629765605412 -2.601565727310733
98.40515370545548 -2.711688312608155
96.34400975485684 -3.158372248653951
94.2828658042582 -2.8419106871988973
92.22172185365956 -2.6780276740074163
90.16057790306091 -3.4008198398014087
88.09943395246228 -3.748725983476543
86.03829000186364 -2.924361731017875
83.977146051265 -3.0965170535388906
81.91600210066636 -5.109662819347699
79.85485815006771 -1.6857513465814356
77.79371419946908 -3.0090227784113397
75.73257024887043 -1.7131129359488466
73.6714262982718 -2.5841902965137296
71.61028234767316 -4.553810082641028
69.54913839707451 -3.8792987247615396
67.48799444647588 -3.2112584910939432
65.42685049587723 -2.2997963942530544
63.36570654527859 -2.9925550879887792
61.30456259467995 -0.15835397978440605
59.24341864408131 -1.8554197643519945
57.18227469348267 -1.6666185969438514
55.12113074288403 -2.1671324287358487
53.05998679228538 -3.1825090254271275
50.998842841686745 -3.425451482467307
48.937698891088104 -3.575932430841766
46.87655494048946 -3.9016117700758457
44.81541098989082 -2.202404860137881
42.75426703929218 -1.072158104080844
40.69312308869354 -2.8344736692237436
38.6319791380949 -1.4970861723981246
36.570835187496264 -2.6243980519741097
34.509691236897616 -1.2528115576956365
32.448547286298975 0.4086340696860519
30.387403335700338 1.0562026164704155
28.326259385101693 4.459028870884873
26.265115434503056 8.061677502795781
24.203971483904414 11.18780938765411
22.142827533305773 19.148974202637024
20.081683582707132 33.93233049816818
18.02053963210849 47.61762363976726
15.95939568150985 68.79997311952349
13.89825173091121 86.21353928979376
11.83710778031257 102.49930337110999
9.775963829713929 109.88560325994958
7.714819879115288 117.09184078684368
5.653675928516647 115.82385997375633
3.5925319779180067 119.50329822304029
1.531388027319366 117.10723062313718
-0.5297559232792747 113.69579146359966
-2.590899873877915 111.28414994051417
-4.652043824476556 95.86490677092641
-6.713187775075197 84.65798305113154
-8.774331725673838 80.68276375678909
-10.835475676272479 64.92293041837596
-12.89661962687112 50.259053508190334
-14.95776357746976 42.15580636375979
-17.0189075280684 34.684973304064705
-19.080051478667045 31.499458590394013
-21.141195429265682 30.63118731662398
-23.202339379864323 25.980019744298524
-25.263483330462964 28.707072112959004
-27.324627281061606 28.878074692223453
-29.385771231660247 33.886358752244256
-31.446915182258888 34.70651545252473
-33.508059132857525 38.11654256982376
-35.569203083456166 37.32141174534752
-37.63034703405481 34.62005769856231
-39.69149098465345 34.61204056241871
-41.75263493525209 32.65998059566983
-43.81377888585074 31.251407412512194
-45.87492283644937 25.824518695226498
-47.93606678704801 22.531497135980057
-49.997210737646654 19.799023148527365
-52.058354688245295 15.368593186494996
-54.119498638843936 17.9087745179016
-56.18064258944258 18.836642974131937
-58.24178654004122 20.62037050434165
-60.30293049063985 25.776886113025352
-62.3640744412385 31.638220699171843
-64.42521839183713 35.86814155174317
-66.48636234243578 36.50755885673248
-68.54750629303442 39.08043686943059
-70.60865024363306 37.8538256125633
-72.6697941942317 36.321951744568274
-74.73093814483035 35.47579965421742
-76.79208209542898 32.84312859631829
-78.85322604602763 31.339027441747657
-80.91436999662626 31.09754018074474
-82.9755139472249 28.234005924166503
-85.03665789782355 22.01902300522596
-87.09780184842218 19.546479389633774
-89.15894579902083 14.856392774637513
-91.22008974961948 11.364130561111837
-93.28123370021812 8.650236367689
-95.34237765081676 5.856319903427828
-97.40352160141539 4.149269547004384
-99.46466555201403 0.7273280948034155
-101.52580950261266 0.4450540754239199
-103.58695345321131 1.5010028457796778
-105.64809740380994 0.3278432383394496
-107.70924135440859 -0.7052262708834639
-109.77038530500722 -0.9655719956103501
-111.83152925560587 1.6696183026414777
-113.8926732062045 -1.74285688845873
-115.95381715680314 -1.7084420815491406
-118.01496110740179 -1.2101608859907578
-120.07610505800042 -0.8774621740975012
-122.13724900859907 -1.3401790763971626
-124.1983929591977 -2.7354415408972037
-126.25953690979635 -2.0192387120138306
-128.320680860395 -3.8440135191839016
-130.38182481099363 -2.1619928907591297
-132.44296876159225 -2.201617890271102
-134.50411271219093 -1.7663931442002956
-136.56525666278955 -1.6237354802232677
-138.6264006133882 -2.2861588118305316
-140.68754456398682 -1.106248502663593
-142.74868851458547 -2.674732040015074
-144.80983246518412 -2.7866357735546483
-146.87097641578276 -2.8445023746301374
-148.93212036638138 -3.3914576493352184
-150.99326431698003 -3.162406216600298
-153.0544082675787 -0.7446039548420244
-155.11555221817733 -2.7877473631180436
-157.17669616877598 -1.4915611184990407
-159.2378401193746 -3.350590691801295
-161.29898406997324 -2.181620659269188
-163.3601280205719 -1.984241853387242
-165.42127197117054 -2.638926317251771
-167.48241592176916 -2.8954969832063413
-169.5435598723678 -1.5892524318896417
-171.60470382296643 -2.9657111275915717
-173.6658477735651 -3.6201283415433014
-175.72699172416372 -2.4535925254075837
-177.78813567476237 -1.4280468539239246
-179.849279625361 -1.7624936409551364
-181.91042357595967 -0.23471973016593822
-183.9715675265583 -1.912364971613777
-186.03271147715694 -1.4408607203444603
-188.09385542775556 -2.1576032946921404
-190.1549993783542 -1.1288797478908408
-192.21614332895288 -1.278001208222017
-194.2772872795515 -2.404264024729482
-196.33843123015015 -1.2049954935268832
-198.3995751807488 -1.1766796185002872
-200.46071913134745 -1.2070986787793019
-202.52186308194607 -2.6400535507251837
-204.58300703254474 0.42233497699535133
-206.64415098314336 -0.9517278222905954
-208.705294933742 -2.3497466443141697
-210.76643888434063 -0.20699920192623714
-212.82758283493928 -0.7992506393141714
-214.88872678553793 -2.7232469454212174
-216.94987073613657 -2.846840863016525
-219.0110146867352 -1.8494881928553388
-221.07215863733384 -1.0236803367710863
-223.1333025879325 0.846616621254812
-225.19444653853114 -2.440485219646302
-227.2555904891298 -2.3109456962227224
-229.3167344397284 -0.6331545735907506
