# BEGINHEADER
# This file contains data from the SALSA 2m radio telescope.
# DATE=2024-04-09T13:20:0018
# GLON and GLAT given in degrees
# GLON=119.81348565435556
# GLAT=-0.11422429747219642
# DATA in two columns below. Col. 1 is velocity relative to LSR [km/s]. Col. 2 is uncalibrated antenna temperature [K].
# ENDHEADER
266.51114104805333 -1.8144794404149205
264.4499970974547 -3.653774345353775
262.3888531468561 -4.066081029305199
260.3277091962574 -3.1333164519463867
258.2665652456588 -4.07080530565133
256.20542129506015 -1.977160505486212
254.14427734446147 -3.8646175414887898
252.08313339386285 -3.24708615300623
250.0219894432642 -2.7871637691305318
247.96084549266558 -0.7672494005362868
245.89970154206694 0.7969268158031317
243.8385575914683 -2.073684908171689
241.77741364086964 -2.5532928970030953
239.71626969027102 -2.6059128124710815
237.65512573967237 -3.2886712450850992
235.5939817890737 -3.1729881033030107
233.53283783847507 -2.3243271374176375
231.47169388787643 -2.1860051669774716
229.4105499372778 -1.1302270554479859
227.34940598667916 -3.396846057070962
225.2882620360805 -3.9823854270696466
223.22711808548186 -1.3989641808450544
221.16597413488324 -1.8135708279301654
219.1048301842846 0.11006654981681886
217.04368623368597 -0.7771256620544023
214.9825422830873 -2.7954886543544823
212.92139833248868 -1.5632154720776064
210.86025438189003 -1.3325915046859764
208.7991104312914 -3.1960487916549196
206.73796648069273 -2.142432779318526
204.6768225300941 -1.885894741968829
202.61567857949547 -2.6172414783996074
200.55453462889685 -3.750023419497872
198.4933906782982 -2.104263670355897
196.43224672769955 -2.009519123668642
194.37110277710093 -3.0214091453732226
192.30995882650228 -2.8026429157085904
190.24881487590366 -1.7944888616845671
188.18767092530499 -2.3536280211031744
186.12652697470637 -4.093497427593861
184.06538302410772 -2.3923952058215683
182.0042390735091 -3.2589596644443084
179.94309512291042 -3.1464236938564274
177.8819511723118 -3.525481031683969
175.82080722171315 -1.7272983690934107
173.75966327111453 -2.83079859330551
171.69851932051589 -4.354961701111473
169.63737536991724 -1.165418007803006
167.5762314193186 -1.71814012440159
165.51508746871997 -2.1582488127261628
163.45394351812132 -2.567200165966672
161.3927995675227 0.25486837510623767
159.33165561692402 -1.145747404980931
157.27051166632538 -1.470428466330647
155.20936771572676 -2.4728297129190335
153.1482237651281 -2.6671688040172636
151.08707981452946 -1.5430508627447268
149.0259358639308 -1.57595177698709
146.9647919133322 -2.6139682072102794
144.90364796273354 -3.3798673342205454
142.84250401213492 -2.5777922109765226
140.78136006153625 -1.307528554455814
138.72021611093763 -1.925498275874612
136.65907216033898 -1.5224336359277475
134.59792820974036 -2.0163898846412143
132.5367842591417 -0.4049282556467952
130.47564030854306 -3.170533732326014
128.41449635794442 -2.422344783121178
126.35335240734578 -2.6581647695926174
124.29220845674713 -0.701828144464362
122.2310645061485 -1.5018394609506065
120.16992055554987 -0.5819483558133257
118.10877660495122 -0.07548601091137448
116.04763265435258 -2.5151467701043573
113.98648870375393 -1.4455580466324733
111.9253447531553 -1.970329640656481
109.86420080255665 -3.748515679282152
107.80305685195802 -2.0330848786492157
105.74191290135938 -2.3568095594265994
103.68076895076074 -2.0681068151801267
101.6196250001621 -2.8341596108697424
99.55848104956344 -2.7548477439793877
97.4973370989648 -1.2473868873035001
95.43619314836617 -2.193655057149562
93.37504919776752 -1.2353473840730917
91.31390524716889 -2.489431860599501
89.25276129657024 -3.985465896148303
87.19161734597161 -2.522216245016861
85.13047339537296 -3.216719441375939
83.06932944477433 -2.135833162166284
81.00818549417569 -0.6546827471154889
78.94704154357704 -2.633939971564191
76.88589759297841 -2.1528845540985784
74.82475364237976 -2.1002887839961497
72.76360969178113 -0.5105721285185232
70.70246574118248 -1.162511416593989
68.64132179058385 -2.4312458549252116
66.58017783998521 -0.930757385818079
64.51903388938656 -2.3146825030124147
62.457889938787915 -2.0693752280626296
60.39674598818928 -2.0072932977918967
58.33560203759064 -1.7848245568199432
56.274458086992 -2.895484151296829
54.21331413639336 -1.3181451525594048
52.152170185794716 -2.5467953478898075
50.09102623519607 -2.6882569990141802
48.02988228459743 -0.03869706731236451
45.96873833399879 -1.3809224776234075
43.90759438340015 -0.4375310633538128
41.84645043280151 -1.7745826855185838
39.78530648220287 -1.63690888370787
37.72416253160423 -2.2308935153380434
35.66301858100559 -0.5992721673754579
33.60187463040695 -1.4995161413176445
31.540730679808306 -1.9024448429600875
29.479586729209668 -2.0679524810136716
27.418442778611023 -1.1237719516579878
25.357298828012382 -1.8459530887168978
23.29615487741374 -2.893110438905774
21.235010926815104 -1.253501802291793
19.173866976216463 -1.3908017080751265
17.112723025617818 0.716115517927191
15.051579075019179 0.4051030891245915
12.99043512442054 2.623792387527132
10.929291173821898 4.809992770437472
8.868147223223255 9.94638202500766
6.807003272624615 17.058963949345618
4.745859322025976 29.62994470067333
2.684715371427334 44.56750910811901
0.6235714208286937 61.78514015803749
-1.437572529769947 64.26948455586867
-3.498716480368588 62.7520055336025
-5.559860430967229 65.32948125278023
-7.621004381565871 65.4936802489588
-9.68214833216451 65.83556160964768
-11.743292282763152 64.6908905027681
-13.804436233361791 58.79781750859936
-15.865580183960432 52.257832856141526
-17.926724134559073 45.48838385474658
-19.98786808515771 35.27491293165228
-22.049012035756355 31.14354960455484
-24.110155986354997 25.052346471476515
-26.171299936953634 24.944978255054657
-28.232443887552275 23.162545563822796
-30.293587838150916 25.845621184990872
-32.354731788749554 33.70820365132077
-34.4158757393482 34.09917674790787
-36.477019689946836 37.01271294988104
-38.53816364054548 42.57343837487122
-40.59930759114412 45.095237747807005
-42.66045154174276 48.515890246945126
-44.7215954923414 53.135153497348455
-46.78273944294005 57.39335831765259
-48.84388339353869 62.63053191507704
-50.905027344137324 65.34952814743875
-52.966171294735965 67.09640451836027
-55.027315245334606 64.44959147044823
-57.08845919593325 66.1425359586336
-59.14960314653189 62.75577316223181
-61.21074709713053 60.701840203098925
-63.27189104772917 55.271733440967324
-65.3330349983278 51.24156236634002
-67.39417894892645 46.82353831117002
-69.4553228995251 39.28810865148596
-71.51646685012373 31.395252761934962
-73.57761080072237 23.37389466800967
-75.63875475132102 18.008714538242064
-77.69989870191965 12.342754473799394
-79.7610426525183 11.37112392111658
-81.82218660311693 11.853889505867636
-83.88333055371558 10.412074733234904
-85.94447450431421 10.491067718271882
-88.00561845491285 13.548981206877702
-90.0667624055115 15.988650465238642
-92.12790635611013 12.0661176102664
-94.1890503067088 13.655651799608892
-96.25019425730743 15.33449835632985
-98.31133820790606 15.367453854754142
-100.37248215850471 16.64022969794795
-102.43362610910334 14.498194848788307
-104.49477005970199 13.7398158579861
-106.55591401030063 12.344521729863699
-108.61705796089927 8.826898855795692
-110.67820191149791 4.98040416434389
-112.73934586209654 2.345852197003878
-114.80048981269519 1.5732087834228936
-116.86163376329382 -0.7731704469990339
-118.92277771389247 0.31042215696412384
-120.9839216644911 -0.3667409710224064
-123.04506561508975 -1.0270019209195895
-125.10620956568839 -1.5073880020960748
-127.16735351628702 -2.383993399336946
-129.22849746688567 -2.065753307840193
-131.28964141748432 -2.2743173697178465
-133.35078536808297 -3.457280988051251
-135.4119293186816 -3.733961892538133
-137.47307326928023 -4.56394532086229
-139.53421721987885 -3.2747075083819723
-141.59536117047753 -2.625082833738403
-143.65650512107615 -3.480278437664825
-145.7176490716748 -4.505838732088882
-147.77879302227342 -3.5733142327201666
-149.8399369728721 -5.00183240352656
-151.90108092347074 -5.022998564388197
-153.96222487406936 -4.47585147602391
-156.023368824668 -3.4116435003565737
-158.08451277526663 -4.566026597235759
-160.1456567258653 -4.494743997744216
-162.20680067646393 -3.8440753390761553
-164.26794462706258 -5.46461468405926
-166.3290885776612 -4.869747369765769
-168.39023252825984 -4.9633769721709475
-170.4513764788585 -3.450490701902009
-172.51252042945714 -4.151776337099244
-174.57366438005576 -4.422012816888541
-176.6348083306544 -4.830510646012464
-178.69595228125306 -4.692774859934432
-180.7570962318517 -3.7625919762874602
-182.81824018245032 -4.955295241240921
-184.87938413304897 -4.662360420984706
-186.9405280836476 -3.052760697673928
-189.00167203424627 -4.7894515462800475
-191.06281598484492 -4.054032734341755
-193.12395993544354 -3.5341294636586404
-195.18510388604219 -4.273989022946589
-197.2462478366408 -3.8247634660113192
-199.30739178723948 -5.5229296900979765
-201.36853573783813 -2.3367446006501185
-203.42967968843678 -2.646606769451361
-205.4908236390354 -2.9914467382850565
-207.55196758963405 -3.5902286599012694
-209.61311154023267 -5.439250691230081
-211.67425549083134 -3.091543595810786
-213.73539944142996 -3.772688693915148
-215.7965433920286 -3.8565592842771457
-217.85768734262723 -2.554705865417142
-219.9188312932259 -3.160840983553661
-221.97997524382453 -3.0471144954007907
-224.04111919442317 -2.991274957164743
-226.1022631450218 -3.884395513131139
-228.16340709562044 -2.846996447184227
-230.22455104621912 -3.8986640620889723
-232.28569499681774 -5.416899177496805
-234.3468389474164 -3.2224542528841686
-236.407982898015 -4.819366303470467
-238.46912684861366 -4.105872593718374
-240.5302707992123 -3.0858960097442036
-242.59141474981095 -4.031958812859279
-244.65255870040957 -4.555136548549051
-246.71370265100822 -4.097056363173118
-248.77484660160687 -2.5206284480270935
-250.83599055220552 -3.9241127062588474
-252.89713450280414 -4.1728135262475465
-254.95827845340278 -3.2053288785696004
-257.01942240400143 -4.216926929537766
-259.0805663546001 -3.9744944291540274
