# BEGINHEADER
# This file contains data from the SALSA 2m radio telescope.
# DATE=2024-04-09T13:59:0046
# GLON and GLAT given in degrees
# GLON=179.85797636673794
# GLAT=-0.2718710458882717
# DATA in two columns below. Col. 1 is velocity relative to LSR [km/s]. Col. 2 is uncalibrated antenna temperature [K].
# ENDHEADER
227.33333341254612 -1.6653859793150307
225.27218946194748 -4.018327505951804
223.21104551134886 -4.949797611408541
221.1499015607502 -4.352762412982963
219.08875761015156 -5.007009102217071
217.0276136595529 -3.4760592353290227
214.9664697089543 -4.408178005290122
212.90532575835564 -3.61863547673712
210.844181807757 -2.974236965131476
208.78303785715835 -4.476717883876802
206.7218939065597 -1.9371126340310194
204.66074995596108 -4.617249559288805
202.59960600536243 -3.790265768636499
200.53846205476378 -5.507560685213028
198.47731810416514 -4.470968320612054
196.41617415356652 -5.189674936790655
194.35503020296787 -4.952271914584606
192.29388625236925 -3.136272921083668
190.23274230177057 -3.1547673480523866
188.17159835117195 -3.9294067477657815
186.1104544005733 -3.3921628896619085
184.04931044997468 -4.938802184116675
181.98816649937604 -5.471240461375145
179.9270225487774 -3.188526025351784
177.86587859817874 -1.7021587600101225
175.80473464758012 -3.721857753904927
173.74359069698147 -3.6458421032402115
171.68244674638282 -3.2287641233128035
169.62130279578417 -3.581313094541183
167.56015884518553 -2.8788960746041132
165.4990148945869 -4.667858759017846
163.43787094398826 -3.7117479260313435
161.3767269933896 -4.4012922712473515
159.31558304279096 -3.3634771436641038
157.25443909219234 -3.722420920737923
155.1932951415937 -1.5010776055717336
153.13215119099507 -4.029516203901424
151.0710072403964 -3.308841964182877
149.00986328979778 -2.6916309542048
146.94871933919913 -3.0611921516648932
144.8875753886005 -4.3002842264887295
142.82643143800186 -4.227107781504388
140.7652874874032 -3.532333663050392
138.70414353680457 -2.042178463837
136.64299958620595 -3.531190915775939
134.5818556356073 -2.5168353567053496
132.52071168500862 -2.6923646131143038
130.45956773441 -2.1586741801145792
128.39842378381135 -2.711380992828664
126.33727983321273 -2.6302015399859053
124.27613588261408 -1.9818248527860691
122.21499193201545 -1.45514965208813
120.1538479814168 -4.273268098822641
118.09270403081817 -2.359373855934132
116.03156008021953 -2.0676479133144685
113.97041612962087 -2.3449801989631003
111.90927217902224 -3.099593194860293
109.84812822842359 -3.6818749942802445
107.78698427782496 -2.1792839306359433
105.72584032722631 -3.2269543686716364
103.66469637662767 -0.011570458023365768
101.60355242602904 -1.6987154927926458
99.54240847543039 -1.0053262059457488
97.48126452483176 -1.9383396677415394
95.42012057423311 -3.6799818143736105
93.35897662363448 -2.6021363739473053
91.29783267303583 -4.43891371682034
89.2366887224372 -1.115012183795543
87.17554477183856 -1.6957411508282894
85.11440082123991 -2.3557839717188105
83.05325687064128 -0.6073548065651367
80.99211292004263 -1.7647410144466749
78.930968969444 -3.154839436556802
76.86982501884535 -3.343201049202906
74.8086810682467 -0.8627188506933842
72.74753711764806 -2.1104653966567324
70.68639316704942 -1.313012369249162
68.62524921645078 -1.2705210822002773
66.56410526585213 -3.831935706947112
64.5029613152535 -1.7206938111307566
62.44181736465486 -2.351743190489832
60.38067341405622 -1.7636272931467323
58.31952946345758 -0.06111169989891571
56.258385512858936 -1.9656599649311681
54.1972415622603 -1.9277921670494895
52.13609761166166 -2.5364597812570455
50.07495366106302 -0.5893656696043224
48.013809710464386 -0.0688963906876899
45.95266575986574 0.31445132171650425
43.8915218092671 -0.5018007059805112
41.830377858668456 -1.6171172011717485
39.769233908069815 -1.6020422295816488
37.708089957471174 -1.497861722516335
35.64694600687254 -1.9443103134142947
33.5858020562739 -1.519918535798809
31.524658105675254 -0.4461089132558104
29.463514155076613 -0.13201836617944143
27.402370204477972 0.5065231420963215
25.341226253879334 1.2454212991547606
23.280082303280693 1.6259893849368507
21.21893835268205 1.5893472661495933
19.15779440208341 6.736061206942349
17.09665045148477 9.45898707297412
15.035506500886127 14.574757300109448
12.974362550287488 28.0634087401001
10.913218599688847 45.63079840480062
8.852074649090204 68.81837064220066
6.790930698491564 90.42658467148608
4.729786747892923 104.55016272807758
2.6686427972942828 109.44699573789734
0.607498846695642 121.13451612899524
-1.4536451039029987 124.02802592994891
-3.51478905450164 122.25566542854939
-5.575933005100281 114.69808727895159
-7.637076955698922 107.3935472486717
-9.698220906297562 92.36699898491098
-11.759364856896203 80.70084655033493
-13.820508807494843 69.16419209296528
-15.881652758093484 60.861592083389034
-17.942796708692125 49.480284922643165
-20.003940659290766 39.84970240723224
-22.065084609889404 29.94326055953669
-24.126228560488045 19.770087125683517
-26.18737251108669 14.392553059827934
-28.24851646168533 9.488765138260518
-30.309660412283968 7.392393526020436
-32.37080436288261 6.2509475461350785
-34.43194831348125 6.296811908809695
-36.49309226407989 3.696893403032401
-38.55423621467853 1.1202050264570869
-40.61538016527717 1.9561157812826382
-42.676524115875814 0.15418092433713604
-44.737668066474455 0.5369639433120661
-46.79881201707309 0.43494726861146793
-48.85995596767173 0.19918457705060016
-50.921099918270386 -0.48545274489524654
-52.98224386886903 -1.1319418043011054
-55.04338781946767 -2.052793285900551
-57.1045317700663 -0.18172695557434126
-59.16567572066494 -1.775956706111157
-61.226819671263584 0.8231089717141606
-63.287963621862225 0.21317657539011664
-65.34910757246087 -1.5601096636081682
-67.4102515230595 -0.40267774653613025
-69.47139547365815 -1.1343108239353834
-71.53253942425678 -1.6972562038006374
-73.59368337485543 -2.1756531784756157
-75.65482732545406 -3.0761384859082885
-77.7159712760527 -2.037513972780548
-79.77711522665136 -1.2772740590777438
-81.83825917725 -2.533051004492612
-83.89940312784864 -1.900306255371039
-85.96054707844728 -1.882212303871007
-88.02169102904593 -2.498921580606018
-90.08283497964456 -1.0926153539835934
-92.1439789302432 -1.9808018971170345
-94.20512288084184 -3.042167608974175
-96.26626683144048 -2.034879156052484
-98.32741078203912 -4.0966837985101145
-100.38855473263776 -3.4568091069005753
-102.4496986832364 -0.8861894443633086
-104.51084263383504 -1.739433914254281
-106.57198658443367 -4.347796315226213
-108.63313053503232 -2.399559933311988
-110.69427448563096 -2.7881824460707922
-112.7554184362296 -2.867604300512144
-114.81656238682824 -3.404353846668845
-116.87770633742689 -3.2457497697758217
-118.93885028802553 -2.0920731154936716
-120.99999423862417 -1.330383287921116
-123.06113818922282 -3.5473707171306135
-125.12228213982145 -1.5624802702594442
-127.1834260904201 -1.1501446585598387
-129.24457004101873 -3.2732380462543804
-131.30571399161738 -2.210384124794206
-133.366857942216 -0.9018424257525687
-135.42800189281465 -2.6175947520448077
-137.4891458434133 -3.591886152474748
-139.55028979401195 -2.2419187357115793
-141.6114337446106 -2.6332120219099897
-143.6725776952092 -4.380858278283973
-145.73372164580786 -3.7538260431466663
-147.79486559640648 -3.2919482712007966
-149.85600954700516 -3.59427610639514
-151.91715349760378 -4.689283643859077
-153.97829744820243 -2.597981071033088
-156.03944139880105 -3.2300012742897892
-158.10058534939972 -0.31528376187269236
-160.16172929999834 -2.804025825590721
-162.222873250597 -4.373286864229066
-164.2840172011956 -2.525443867096263
-166.34516115179426 -4.711883696326974
-168.4063051023929 -2.543747450387921
-170.46744905299155 -4.539801050374452
-172.52859300359017 -3.8588040087445923
-174.58973695418882 -1.5804497752356315
-176.65088090478747 -3.7088299562450193
-178.71202485538612 -4.104368363462387
-180.77316880598477 -4.097303559879293
-182.8343127565834 -4.779916757244357
-184.89545670718203 -1.9670872513088136
-186.95660065778068 -3.373148223284434
-189.01774460837933 -2.509337225435719
-191.07888855897795 -4.180472445937515
-193.1400325095766 -4.805152275524054
-195.20117646017522 -1.6380435405338813
-197.2623204107739 -2.287286445329074
-199.32346436137252 -2.2580463282699212
-201.38460831197116 -3.0641348425542794
-203.44575226256978 -2.500973874847904
-205.50689621316843 -2.861952572245907
-207.56804016376708 -4.7268850669599205
-209.62918411436573 -4.135614639963426
-211.69032806496435 -2.211085163497298
-213.751472015563 -2.136473773965446
-215.81261596616164 -3.726674708572447
-217.8737599167603 -3.891574686546295
-219.93490386735894 -2.1521132742027747
-221.99604781795756 -1.6396731701707024
-224.0571917685562 -3.4309983163326394
-226.11833571915486 -3.333847298924282
-228.1794796697535 -2.334158395980351
-230.24062362035212 -3.261472717663775
-232.30176757095077 -2.8496715219651065
-234.3629115215494 -1.6292619460277893
-236.42405547214807 -1.8508202115629155
-238.4851994227467 -3.4526748795006634
-240.54634337334534 -2.9103032032680094
-242.60748732394396 -2.677707739572753
-244.6686312745426 -2.5601040120662444
-246.72977522514125 -2.8547018487539244
-248.7909191757399 -1.1041564173198632
-250.85206312633852 -1.177012781686336
-252.91320707693717 -2.618309734912053
-254.97435102753585 -3.6106103590871426
-257.03549497813447 -3.7330101521895838
-259.0966389287331 -2.068790444397006
-261.15778287933176 -3.0502137130376226
-263.2189268299304 -1.7406727550124443
-265.280070780529 -4.7011859171502675
-267.34121473112765 -2.513338446942908
-269.40235868172635 -3.846357866732666
-271.46350263232495 -2.5408282050614766
-273.5246465829236 -1.8997608418846907
-275.5857905335222 -2.6245340720238803
-277.6469344841209 -3.1341670166603297
-279.70807843471954 -1.907879738241418
-281.76922238531813 -3.1637807249338974
-283.8303663359168 -2.402444146327523
-285.8915102865154 -2.1061636283747602
-287.9526542371141 -3.3121125361654986
-290.0137981877127 -3.81212228704714
-292.0749421383113 -1.8266588249252405
-294.13608608891 -3.357894189046132
-296.1972300395086 -2.6967197575995323
-298.25837399010726 -3.4015342339110184
