# BEGINHEADER
# This file contains data from the SALSA 2m radio telescope.
# DATE=2024-04-09T15:11:0041
# GLON and GLAT given in degrees
# GLON=224.8068455888929
# GLAT=-0.2410104072972606
# DATA in two columns below. Col. 1 is velocity relative to LSR [km/s]. Col. 2 is uncalibrated antenna temperature [K].
# ENDHEADER
221.7952449022433 -1.0573909082694226
219.73410095164465 -1.2873796302046434
217.672957001046 -0.07631982592113047
215.61181305044735 0.8238251611109756
213.55066909984873 1.3929032127498648
211.48952514925008 1.4958084864549526
209.42838119865146 -0.5010545892443522
207.3672372480528 -0.9261209562137073
205.30609329745417 1.0506167292287079
203.24494934685552 0.5823705147846038
201.18380539625687 0.6503016522313101
199.12266144565825 -1.3068838915681262
197.06151749505958 1.8320794230093613
195.00037354446096 0.9568058407329384
192.9392295938623 0.0270167122025158
190.8780856432637 2.0045494207610357
188.81694169266504 1.0741698519509753
186.7557977420664 1.3881628992954318
184.69465379146774 0.42262081376295013
182.63350984086912 1.4502378175373205
180.57236589027048 -0.13915035679120497
178.51122193967183 0.3528317743112623
176.45007798907318 1.9363266817853402
174.38893403847456 1.0480151984844006
172.3277900878759 3.5166821606117264
170.2666461372773 0.7536884779630662
168.20550218667861 0.44423442454816336
166.14435823607997 1.0797213913398012
164.08321428548135 0.7722149711865853
162.0220703348827 1.37057250519863
159.96092638428408 1.7323399577295389
157.8997824336854 1.9404960622417144
155.83863848308678 -0.755154530101924
153.77749453248813 1.730890313084162
151.71635058188951 1.739855172696942
149.65520663129084 1.011450088093818
147.59406268069222 1.88106963180942
145.53291873009357 1.5343853907092082
143.47177477949495 0.838955042269323
141.4106308288963 0.9858143689676296
139.34948687829765 1.6494024300623924
137.288342927699 2.6075271231287878
135.2271989771004 1.5453804555562844
133.16605502650174 -1.0654819517523124
131.10491107590312 1.087234384458913
129.04376712530447 0.724061624813756
126.98262317470581 -1.0017738695443257
124.92147922410717 1.042534480071618
122.86033527350853 2.8280847363603705
120.79919132290989 1.3279393304338785
118.73804737231126 1.9913554352871357
116.67690342171261 1.6779906402555334
114.61575947111398 1.8857925488714604
112.55461552051533 2.343471736882665
110.4934715699167 2.2196153781151184
108.43232761931804 1.9270074417254812
106.3711836687194 2.1657135247091097
104.31003971812076 2.102655529319945
102.24889576752211 2.4966299965517997
100.18775181692348 2.3546173278173126
98.12660786632483 2.906239066814371
96.0654639157262 1.22136064340403
94.00431996512755 2.364711034832194
91.94317601452892 2.8748164093584925
89.88203206393028 3.218518624455455
87.82088811333163 4.0733745724163715
85.759744162733 5.718043592299293
83.69860021213435 7.992332413302509
81.63745626153572 8.847436357494747
79.57631231093707 12.890321931115592
77.51516836033844 13.872292046594191
75.4540244097398 16.466816265044617
73.39288045914115 23.69622905425933
71.33173650854252 30.562123451706263
69.27059255794386 35.82634770892469
67.20944860734522 43.71366865131325
65.14830465674659 48.10178917357135
63.08716070614795 51.40921407692855
61.02601675554931 53.41718052156994
58.96487280495066 52.229365116091685
56.903728854352025 48.375352184700354
54.842584903753384 46.49654450491691
52.78144095315474 42.09880235379526
50.7202970025561 39.770719929278336
48.65915305195747 36.62146939904621
46.59800910135883 32.45193081918079
44.536865150760185 31.871981592750885
42.475721200161544 35.400538183146644
40.41457724956291 36.99478423795876
38.35343329896426 41.719453059908716
36.29228934836562 42.02033551459322
34.23114539776698 38.93087268618147
32.17000144716834 36.75142349587217
30.108857496569698 33.95143193779038
28.04771354597106 31.06451321036298
25.98656959537242 34.655190991603874
23.925425644773775 38.21663372260297
21.864281694175137 45.23085366178889
19.803137743576496 59.30467525494611
17.741993792977855 70.14239782931217
15.680849842379214 73.03498869697667
13.619705891780574 65.77408973290225
11.558561941181932 51.85913661881446
9.49741799058329 41.77980737171968
7.43627403998465 32.35736377401513
5.375130089386009 28.454459229528023
3.313986138787368 32.02466295206366
1.2528421881887273 39.190180413772524
-0.8083017624099135 31.184019233087902
-2.869445713008554 17.12331131762885
-4.930589663607195 7.873794695953499
-6.9917336142058355 4.37220397295513
-9.052877564804476 2.7727774822388733
-11.114021515403119 1.3326043486383004
-13.175165466001756 1.5562927600631853
-15.236309416600397 1.9892025397691917
-17.29745336719904 0.4929458354506458
-19.358597317797678 -0.9811153278421443
-21.41974126839632 -0.6816220658251405
-23.480885218994963 0.32278914346262516
-25.5420291695936 0.9196346509539057
-27.603173120192242 2.2789838153585777
-29.664317070790883 -0.52241004439932
-31.725461021389524 -1.1960765281645696
-33.78660497198816 -0.07413087707174398
-35.8477489225868 -0.24718907034540197
-37.90889287318545 -1.7556730107747471
-39.97003682378409 1.1649928191057473
-42.03118077438273 1.3386128787729596
-44.09232472498137 -0.9005245286803853
-46.15346867558001 -0.5004900033029973
-48.21461262617865 -0.920494365496623
-50.2757565767773 -0.9226619374916822
-52.33690052737594 -0.6371602602042534
-54.39804447797457 0.859646816922004
-56.45918842857321 -0.5978934381538804
-58.52033237917186 -2.0683969778637494
-60.5814763297705 -0.6682549622766221
-62.642620280369144 -0.06846910062749359
-64.70376423096778 2.236217213951869
-66.76490818156643 -0.2577704374200828
-68.82605213216506 -0.8164230115717739
-70.88719608276371 -2.245652778491268
-72.94834003336234 -1.5078052644359647
-75.00948398396098 -0.9459973651568615
-77.07062793455962 -0.987627529235799
-79.13177188515826 -0.8448062289960941
-81.1929158357569 -1.1852986157444843
-83.25405978635554 -2.0793598344588955
-85.3152037369542 -1.2728625616867895
-87.37634768755284 -0.08739689698731248
-89.43749163815147 -1.7189493534070626
-91.49863558875012 -1.9553620549664532
-93.55977953934875 -1.7510933610083532
-95.6209234899474 -2.573995564946044
-97.68206744054604 -3.104651060285968
-99.74321139114468 -2.437252481301636
-101.80435534174332 -2.9726004449496752
-103.86549929234195 -0.8016309521941657
-105.9266432429406 -2.2709633860053198
-107.98778719353923 -2.7749282769609604
-110.04893114413788 -1.8799044502301614
-112.11007509473652 0.23502688172524128
-114.17121904533516 -1.7100696957755313
-116.2323629959338 -2.245645628575802
-118.29350694653243 -2.7834803939835395
-120.35465089713108 -2.0777157400752664
-122.41579484772971 -1.766695845761735
-124.47693879832838 -2.172073127272251
-126.53808274892701 -2.5124349198148024
-128.59922669952564 -3.3879046980921115
-130.6603706501243 -2.6051888560392706
-132.72151460072294 -1.3512855788353366
-134.78265855132156 -1.369260155594953
-136.8438025019202 -1.2478478059179616
-138.90494645251883 -2.944815749723276
-140.9660904031175 -1.3585465069842184
-143.02723435371612 -2.229585488881825
-145.08837830431477 -3.2985685484149836
-147.14952225491342 -2.8531693047861464
-149.21066620551204 -1.6552893325429767
-151.27181015611072 -1.0406975418071882
-153.33295410670934 -1.7021549583237288
-155.39409805730799 -2.384901143192542
-157.4552420079066 -2.8606969994608433
-159.51638595850525 -1.596148434502636
-161.5775299091039 -1.774498443175364
-163.63867385970255 -2.5910206649820813
-165.69981781030117 -3.2549431957307866
-167.76096176089982 -1.8202451950199197
-169.82210571149847 -1.7328184294301003
-171.8832496620971 -2.257488902989465
-173.94439361269573 -2.50224115047131
-176.00553756329438 -1.9402298540635867
-178.066681513893 -3.7966255462392104
-180.12782546449168 -2.1009690893995008
-182.18896941509033 -1.0854866203678761
-184.25011336568895 -2.053399331801267
-186.3112573162876 -2.5416684108040437
-188.37240126688621 -3.5171284773987184
-190.4335452174849 -3.078994396896031
-192.4946891680835 -1.115512400800838
-194.55583311868216 -3.0206729011116487
-196.61697706928078 -3.0468551762831604
-198.67812101987943 -1.4705284187111454
-200.73926497047808 -1.60461350265018
-202.80040892107672 -2.3145126808927676
-204.86155287167534 -2.3633720117526944
-206.922696822274 -1.9933931562120382
-208.98384077287264 -0.9171835290032048
-211.0449847234713 -3.101830076241402
-213.1061286740699 -2.2367659641323514
-215.16727262466856 0.18325474847469866
-217.22841657526718 -1.398853155726732
-219.28956052586585 -2.3035325559871804
-221.3507044764645 -2.73217526697063
-223.41184842706312 -1.9514830289117464
-225.47299237766177 -3.297102745218875
-227.5341363282604 -2.5927636742239653
-229.59528027885906 -2.400648089923294
-231.65642422945768 -3.408671522508022
-233.71756818005633 -3.444010628058033
-235.77871213065495 -1.1653668494738638
-237.83985608125363 -2.6369432492748324
-239.90100003185225 -2.576042627972022
-241.9621439824509 -1.8894120902882252
-244.02328793304952 -2.3366124262257855
-246.08443188364816 -1.6620559321550439
-248.1455758342468 -1.6041275010617972
-250.20671978484546 -0.5913167612585398
-252.26786373544408 -2.3297999907534397
-254.32900768604273 -0.1337264932814602
-256.39015163664135 -1.557753075383992
-258.45129558724 -0.6278593017313757
-260.51243953783865 -1.4426990726048738
-262.5735834884373 -1.5917861142307792
-264.63472743903594 0.789140689510629
-266.6958713896346 -0.0377411466698743
-268.75701534023324 -0.8809205419365761
-270.81815929083183 -2.2502869826512177
-272.8793032414305 -0.261412343481116
-274.9404471920292 -1.3250536894573826
-277.0015911426278 -2.1457748127193956
-279.0627350932264 -2.3581719048886756
-281.12387904382507 -1.2369961086006513
-283.1850229944237 -2.015616148108516
-285.24616694502237 -2.247872525000381
-287.30731089562096 0.38359270017675945
-289.3684548462196 -0.6134136750429161
-291.4295987968183 -0.4805126793556091
-293.4907427474169 -1.0306234258019042
-295.55188669801555 -0.6116198723290208
-297.61303064861414 0.25513047648615733
-299.67417459921285 -2.48164388011876
-301.7353185498115 -0.2066818862206956
-303.7964625004101 -0.5727785426082543
