# BEGINHEADER
# This file contains data from the SALSA 2m radio telescope.
# DATE=2024-03-28T14:55:0021
# GLON and GLAT given in degrees
# GLON=204.85040342123386
# GLAT=-0.27078666076424884
# DATA in two columns below. Col. 1 is velocity relative to LSR [km/s]. Col. 2 is uncalibrated antenna temperature [K].
# ENDHEADER
220.4694681315614 15.470665123891818
218.40832418096275 27.634193780258062
216.34718023036413 24.07597786202854
214.28603627976545 25.608698039616645
212.22489232916683 21.888525064646366
210.1637483785682 17.6363816738374
208.10260442796957 20.63632170738038
206.0414604773709 19.969953154718695
203.98031652677224 24.039354049735557
201.91917257617362 14.545741948582473
199.85802862557497 0.8976086632824716
197.79688467497633 23.40790070140495
195.73574072437768 19.64040466961423
193.67459677377903 19.564940116955928
191.61345282318038 19.903527196957228
189.55230887258176 24.960190207052374
187.4911649219831 21.393913962711853
185.4300209713845 19.144852642668713
183.36887702078582 16.98711129049654
181.3077330701872 19.893988158684532
179.24658911958855 19.316145366161273
177.18544516898993 18.448721818659184
175.12430121839128 21.2247370662008
173.06315726779263 22.243137844840554
171.00201331719398 22.031785284493772
168.94086936659534 20.45029118272457
166.87972541599672 22.99082116179361
164.81858146539804 18.467990113804927
162.75743751479942 19.975817488147914
160.69629356420077 23.309612494700158
158.63514961360215 22.589145936552573
156.5740056630035 22.438262343726585
154.51286171240486 18.927953890223996
152.4517177618062 18.565497181591148
150.3905738112076 19.876942456188676
148.32942986060894 20.704424706645153
146.26828591001032 21.790584079489218
144.20714195941164 24.642127304815233
142.14599800881302 22.93412681302856
140.08485405821438 20.157426779698497
138.02371010761576 19.600470187013695
135.96256615701708 19.835864194539376
133.90142220641846 21.57784970938004
131.8402782558198 21.663724212142906
129.77913430522116 21.179920764342675
127.71799035462253 23.447337595240406
125.6568464040239 22.40945724956372
123.59570245342525 21.385238235069053
121.53455850282661 20.17987263185589
119.47341455222798 22.26143115192076
117.41227060162933 19.71413731489804
115.3511266510307 17.741477725373198
113.28998270043205 21.466013041628454
111.2288387498334 22.2192092775585
109.16769479923475 19.71314747560497
107.10655084863612 19.073118690892507
105.04540689803748 21.82502589500675
102.98426294743884 24.500390370647686
100.9231189968402 24.71077672298913
98.86197504624157 23.92547609313983
96.80083109564293 23.638497898559486
94.73968714504429 22.260896841380738
92.67854319444565 22.427287099475823
90.617399243847 23.930552664556444
88.55625529324837 24.167063704261857
86.49511134264972 22.93942530206964
84.43396739205109 21.088866018593716
82.37282344145245 23.689403866700445
80.3116794908538 24.17277047663145
78.25053554025517 23.373538300165677
76.18939158965652 26.10552076405985
74.12824763905789 24.635490197376278
72.06710368845923 25.239449355367174
70.0059597378606 24.34475546768462
67.94481578726196 25.736122527581934
65.88367183666331 28.259308956259147
63.822527886064684 26.24497357115516
61.761383935466036 26.764951614383055
59.700239984867395 26.64941257962408
57.63909603426875 28.813365276512688
55.57795208367011 23.965332597892868
53.51680813307147 26.251194810195834
51.45566418247283 27.273895890570426
49.39452023187419 30.859709657939796
47.33337628127555 33.09604344426912
45.27223233067691 32.79228768736064
43.21108838007826 39.61713451604459
41.14994442947962 54.18825859469092
39.088800478880984 53.739458949986606
37.02765652828234 48.71741567812657
34.9665125776837 48.66508077701847
32.90536862708506 47.69340337229706
30.84422467648642 50.446262480187045
28.78308072588778 48.43764366423011
26.721936775289137 47.36104741375221
24.660792824690496 42.95732362273852
22.59964887409186 40.81062824440576
20.538504923493218 56.01620332919421
18.477360972894573 49.53380738771075
16.416217022295932 51.897285756484614
14.355073071697294 43.13697884758908
12.293929121098655 41.35825920298646
10.232785170500014 55.436068868230755
8.171641219901373 47.84765298140927
6.110497269302732 50.83065025515938
4.049353318704091 56.39708477726979
1.9882093681054498 47.684959972342334
-0.07293458249319087 42.807446751925184
-2.1340785330918317 38.74056593343588
-4.195222483690473 33.62876490782691
-6.256366434289113 32.83415426387904
-8.317510384887754 32.98407029998899
-10.378654335486393 37.748566851038
-12.439798286085038 33.31685358126894
-14.500942236683677 31.908509367910717
-16.56208618728232 29.90753515882616
-18.623230137880956 29.085494762667256
-20.6843740884796 30.65677022467139
-22.74551803907824 30.517343371707515
-24.806661989676883 34.39353549452733
-26.86780594027552 34.943876243083714
-28.92894989087416 34.80349571721651
-30.990093841472806 34.34896321705447
-33.05123779207144 30.463674730504124
-35.11238174267009 30.081594987192258
-37.17352569326873 25.70365720919962
-39.23466964386737 28.047622874603743
-41.29581359446601 32.895218961039525
-43.356957545064645 30.958070248673256
-45.41810149566329 32.610721235888086
-47.47924544626193 31.64439089890707
-49.54038939686057 31.6891205290486
-51.6015333474592 31.072118611012993
-53.66267729805785 35.74816986543944
-55.72382124865649 40.191555348853335
-57.78496519925513 33.9762655316075
-59.84610914985377 30.126303895651095
-61.90725310045241 28.81057929041559
-63.96839705105105 30.499211717172095
-66.02954100164969 31.394213383678448
-68.09068495224832 31.608052649305208
-70.15182890284697 31.66689484640938
-72.2129728534456 33.5651325676041
-74.27411680404425 33.929854492453906
-76.33526075464289 30.244503713580073
-78.39640470524154 32.73154851343138
-80.45754865584017 33.16809231579499
-82.5186926064388 35.09848096709901
-84.57983655703747 34.257179185235316
-86.6409805076361 36.20316058407046
-88.70212445823475 35.43483747861845
-90.76326840883338 34.18880491545819
-92.82441235943203 33.22487457533611
-94.88555631003067 32.87038799673193
-96.9467002606293 31.993550953994575
-99.00784421122795 27.79704284216007
-101.0689881618266 31.37514917711412
-103.13013211242523 33.526219797845165
-105.19127606302388 31.187784346080086
-107.25242001362251 31.62550602950532
-109.31356396422116 32.79574899002646
-111.3747079148198 34.51230251991365
-113.43585186541844 34.606291292957856
-115.49699581601708 32.5287209971446
-117.55813976661571 32.8970093762847
-119.61928371721436 45.343514702485216
-121.680427667813 33.339502606075435
-123.74157161841165 33.29684415989901
-125.80271556901029 31.112974077541363
-127.86385951960894 33.20077049735204
-129.92500347020757 31.2885796522173
-131.9861474208062 31.54622864937147
-134.04729137140484 33.33841503888549
-136.1084353220035 33.74722251394282
-138.16957927260214 35.71861431489328
-140.23072322320078 32.51518308099693
-142.2918671737994 33.0001403542099
-144.35301112439805 32.25409307665548
-146.4141550749967 35.883053099388064
-148.47529902559535 40.61306244263075
-150.53644297619397 36.613337567589156
-152.59758692679262 35.074209737082626
-154.65873087739126 31.22581268633079
-156.7198748279899 32.67615673624259
-158.78101877858853 31.56797152981982
-160.84216272918718 29.122912721330206
-162.9033066797858 28.929568555798696
-164.96445063038448 33.92436822685908
-167.0255945809831 34.61376473773248
-169.08673853158174 31.557027035231613
-171.14788248218036 31.082630447763872
-173.209026432779 28.660671341924782
-175.27017038337766 26.746286237979984
-177.3313143339763 31.766149063528065
-179.39245828457496 30.727528048809525
-181.45360223517358 33.02167937550799
-183.51474618577225 29.99686116033003
-185.57589013637087 33.06860131823839
-187.63703408696952 31.291764533982754
-189.69817803756814 29.886603278603797
-191.7593219881668 26.674207555381656
-193.82046593876544 28.956002562894692
-195.88160988936409 32.96493741869001
-197.9427538399627 31.371347236160045
-200.00389779056133 30.62527063566705
-202.06504174115997 31.331332516888924
-204.12618569175862 32.1313705536308
-206.18732964235724 31.275385145492432
-208.2484735929559 32.37671390010174
-210.30961754355454 34.9325229618324
-212.3707614941532 32.93185700985486
-214.4319054447518 31.0689993201794
-216.49304939535045 30.821642160391097
-218.55419334594907 29.10462403355191
-220.61533729654775 31.889298181210457
-222.6764812471464 25.752761027662483
-224.73762519774502 27.576135471991293
-226.79876914834367 30.08509205413708
-228.8599130989423 29.06498313248196
-230.92105704954096 31.69799955742907
-232.98220100013958 30.770728181114645
-235.04334495073823 28.52739976159668
-237.10448890133685 29.096919923112225
-239.16563285193553 29.206103128238016
-241.22677680253415 32.45932897218468
-243.2879207531328 31.578129247916877
-245.34906470373141 29.580328126432274
-247.41020865433006 31.313530861515112
-249.4713526049287 31.90467918553097
-251.53249655552736 33.826527973398754
-253.59364050612598 28.667941587412162
-255.65478445672463 25.07990047246015
-257.71592840732325 27.959367850553186
-259.77707235792195 28.863394248499677
-261.83821630852054 29.835405701433096
-263.8993602591192 28.98262741406771
-265.96050420971784 33.22913160100534
-268.0216481603165 24.34569101604131
-270.08279211091514 28.98852780072687
-272.1439360615137 30.591779132412128
-274.2050800121124 29.27895718924098
-276.2662239627111 31.060842302752114
-278.3273679133097 27.879710958338503
-280.3885118639083 27.654020129906346
-282.4496558145069 28.31287498404028
-284.5107997651056 28.15074119944782
-286.57194371570426 26.959770360608424
-288.63308766630286 30.52895411392144
-290.6942316169015 32.2670419441786
-292.7553755675002 29.634331472265465
-294.8165195180988 30.73380089624123
-296.87766346869745 28.795104004154197
-298.9388074192961 26.939989369322777
-300.99995136989475 26.225980055568964
-303.0610953204934 24.399654730756062
-305.122239271092 33.36072396410657
