# BEGINHEADER
# This file contains data from the SALSA 2m radio telescope.
# DATE=2024-03-27T09:19:0051
# GLON and GLAT given in degrees
# GLON=79.78654475852642
# GLAT=0.07677563628624103
# DATA in two columns below. Col. 1 is velocity relative to LSR [km/s]. Col. 2 is uncalibrated antenna temperature [K].
# ENDHEADER
292.01653765722597 16.935570548607494
289.9553937066273 29.822901861295474
287.8942497560287 24.25568159657701
285.83310580543 24.634558924609355
283.77196185483143 21.568494583776417
281.7108179042328 15.762898381060248
279.64967395363414 17.40367759011944
277.5885300030355 21.427661871413246
275.52738605243684 23.664091828953314
273.46624210183825 11.464290436634128
271.4050981512396 2.4524288713118727
269.3439542006409 23.511853341144494
267.2828102500423 16.59086177645504
265.22166629944365 20.773419766398888
263.160522348845 18.474395684409476
261.09937839824636 23.643658643680787
259.0382344476477 19.91707228279743
256.97709049704906 17.884949028703925
254.91594654645044 16.125621132034112
252.8548025958518 18.680512269018298
250.79365864525317 15.950847169059896
248.73251469465453 17.478125730329158
246.67137074405588 21.79939293214819
244.61022679345723 20.918872104424434
242.5490828428586 18.92958235774883
240.48793889225996 18.446899239562946
238.4267949416613 20.076374905284297
236.36565099106267 18.78849985930421
234.30450704046405 19.23695215844237
232.2433630898654 18.713671871114247
230.18221913926678 21.74213933098586
228.1210751886681 20.789689569962267
226.05993123806945 18.118090028171498
223.99878728747083 19.79580297269723
221.93764333687218 17.632824606647446
219.87649938627357 16.433645422070665
217.8153554356749 19.839389344792682
215.75421148507627 24.33814442884593
213.69306753447762 22.362412072007338
211.631923583879 19.660927595099373
209.57077963328032 19.66294771074586
207.5096356826817 18.640469280445295
205.44849173208306 22.401578288714294
203.38734778148444 22.452965883151855
201.3262038308858 22.34472805813367
199.26505988028714 20.97646851891326
197.2039159296885 22.36880161790341
195.14277197908987 22.305014051098784
193.08162802849122 20.016261554058705
191.0204840778926 22.43381057255707
188.95934012729393 19.790297163971285
186.89819617669528 16.85759295502992
184.83705222609666 19.765429121201915
182.775908275498 20.853656217836832
180.71476432489936 21.083749775438505
178.65362037430071 21.133484635262334
176.5924764237021 21.595376268040983
174.53133247310345 20.48110002641004
172.47018852250483 22.46945959111501
170.40904457190615 23.78090560644946
168.34790062130753 23.334164982524833
166.28675667070888 22.66904692005512
164.22561272011026 23.36674635215245
162.16446876951161 21.147860132224487
160.10332481891297 24.330252456298368
158.04218086831432 21.363880941122304
155.9810369177157 22.145048784002544
153.91989296711705 24.882710839055186
151.85874901651843 22.70263019829356
149.79760506591975 24.195829602232333
147.7364611153211 21.575460900077125
145.6753171647225 24.89952729186107
143.61417321412384 23.241435133941362
141.5530292635252 22.927696580613212
139.49188531292654 24.83866838505824
137.43074136232792 27.673148923284167
135.36959741172927 25.977547701715565
133.30845346113065 27.27213792213099
131.24730951053198 26.274916112850693
129.18616555993336 26.652952239805767
127.12502160933471 23.808790861650138
125.06387765873608 25.37323158094651
123.00273370813743 25.963972286841287
120.9415897575388 25.518998396351446
118.88044580694014 27.499288189926467
116.81930185634151 25.19946346696686
114.75815790574286 30.16609042739242
112.69701395514423 40.510406670091875
110.6358700045456 38.471162390371674
108.57472605394695 31.672621848903198
106.51358210334831 29.45375946440474
104.45243815274966 27.721246348113223
102.39129420215103 25.715416218286126
100.33015025155238 25.347662315461715
98.26900630095375 27.01735473365447
96.20786235035511 18.819187877566925
94.14671839975647 15.68583785644982
92.08557444915782 32.7960296953695
90.02443049855917 27.44518387433902
87.96328654796054 30.404907600101
85.90214259736189 26.164961934857676
83.84099864676325 25.06818951640062
81.77985469616462 29.459789462528654
79.71871074556597 25.53894676133045
77.65756679496734 28.302732753012904
75.59642284436869 36.940239565529524
73.53527889377006 32.62968906601999
71.4741349431714 30.549467206423184
69.41299099257277 31.587568299691295
67.35184704197414 28.748346733797774
65.29070309137549 30.428317942983767
63.22955914077684 28.431519968818726
61.16841519017821 32.98354000508291
59.10727123957957 33.95951306414603
57.04612728898093 32.99462405324085
54.984983338382285 31.019559021433487
52.923839387783644 30.48893873440411
50.862695437185 30.88708585231377
48.80155148658637 30.738902733762004
46.74040753598773 32.34182329473369
44.67926358538909 40.70607772666838
42.618119634790446 35.99361772318186
40.556975684191805 35.84782824750365
38.495831733593164 31.24408814689257
36.43468778299452 30.258154067644487
34.37354383239588 25.070952974368872
32.31239988179724 27.177406713853227
30.2512559311986 35.82629639775474
28.190111980599962 34.024874746096025
26.12896803000132 33.63271003938034
24.06782407940268 34.686419733469776
22.00668012880404 37.30029779498517
19.945536178205398 37.15249802424721
17.884392227606757 40.37833021858905
15.823248277008117 49.34626306442314
13.762104326409476 48.85215810611413
11.700960375810833 44.811227926369014
9.639816425212194 45.33544386324087
7.578672474613552 42.953605357734574
5.517528524014912 44.680105908834896
3.456384573416271 46.67225670312601
1.39524062281763 43.9389365770768
-0.6659033277810108 47.71188502647723
-2.727047278379652 48.161218843381484
-4.788191228978293 43.91969813355374
-6.849335179576933 43.024196126471765
-8.910479130175574 41.18429653835175
-10.971623080774215 42.30001795124306
-13.032767031372854 38.12161146204385
-15.093910981971494 38.84141235910644
-17.155054932570135 42.51865332177884
-19.21619888316878 38.22304773686857
-21.277342833767417 37.08882071038417
-23.338486784366058 38.91205185190181
-25.3996307349647 38.52777488107695
-27.460774685563337 34.0784718966175
-29.52191863616198 35.8605338071317
-31.583062586760622 39.005702753906554
-33.64420653735927 40.92036884266026
-35.70535048795791 39.143792470859026
-37.76649443855654 37.488171969795495
-39.82763838915518 37.705957676094336
-41.888782339753824 40.29630576301189
-43.949926290352465 36.949765652801155
-46.011070240951106 39.891781160753354
-48.07221419154975 52.01072382978498
-50.13335814214839 37.886462879801925
-52.19450209274704 36.03238112507307
-54.25564604334568 36.02735930728903
-56.31678999394432 37.975888234764994
-58.37793394454296 36.97989118812309
-60.4390778951416 36.678379623290496
-62.500221845740235 39.994320866922436
-64.56136579633888 38.18062260329634
-66.62250974693752 41.28267424078069
-68.68365369753616 37.775948171342336
-70.7447976481348 38.90393043172142
-72.80594159873344 41.457221740047906
-74.86708554933209 39.123768534630656
-76.92822949993072 39.488892552803634
-78.98937345052937 45.66006304820977
-81.050517401128 39.3723140095877
-83.11166135172664 36.26113355906255
-85.17280530232529 37.71293097347778
-87.23394925292392 35.02618362550678
-89.29509320352257 33.97777754758886
-91.3562371541212 31.902707538115653
-93.41738110471985 35.97463741284563
-95.47852505531849 36.82192363608821
-97.53966900591712 33.782911412003585
-99.60081295651577 34.84132403755197
-101.66195690711442 33.51789961319932
-103.72310085771306 26.46088968571304
-105.7842448083117 34.93140549556067
-107.84538875891035 33.889426909257814
-109.90653270950898 38.29916298495412
-111.96767666010761 34.95052860343801
-114.02882061070626 33.05054889905811
-116.0899645613049 31.9404969222384
-118.15110851190354 35.40459639615081
-120.21225246250218 31.845530297758234
-122.27339641310083 32.33929025662195
-124.33454036369946 35.270106833246935
-126.3956843142981 34.211764633013175
-128.45682826489676 33.71473997542642
-130.51797221549538 35.441538943934205
-132.57911616609402 35.784404474488944
-134.64026011669267 34.362898934803134
-136.7014040672913 37.02142850165045
-138.76254801788994 36.05077712539105
-140.8236919684886 38.06994281618805
-142.88483591908724 32.321930824538086
-144.94597986968586 33.632966626678694
-147.0071238202845 31.168028692451834
-149.06826777088315 34.302035785646616
-151.1294117214818 28.645943913920412
-153.19055567208042 27.990497757214918
-155.25169962267907 35.573654108431185
-157.3128435732777 33.472811478737924
-159.37398752387637 34.632474212308566
-161.435131474475 32.93172684905515
-163.49627542507363 34.29646028128852
-165.55741937567228 31.943667167053945
-167.6185633262709 31.19933692829848
-169.67970727686958 34.175537331161166
-171.7408512274682 34.77836762837724
-173.80199517806685 33.38620205653926
-175.86313912866547 34.88571494946004
-177.92428307926414 37.47303932633868
-179.98542702986276 37.47736225385471
-182.0465709804614 29.98546441411638
-184.10771493106003 30.039182686561315
-186.16885888165868 36.263902922566736
-188.23000283225733 33.08671670076936
-190.29114678285598 33.6672212208944
-192.3522907334546 30.32031607721459
-194.41343468405324 34.573275500020465
-196.47457863465186 23.109832904503055
-198.53572258525054 29.633503898368144
-200.5968665358492 33.13699723583086
-202.6580104864478 34.45641004941752
-204.71915443704646 33.534274343885194
-206.78029838764508 29.58396548788898
-208.84144233824375 32.29233281513069
-210.90258628884237 34.02258717441289
-212.96373023944102 29.713819717524842
-215.02487419003964 27.412279216887274
-217.08601814063832 33.659294759468395
-219.14716209123694 36.553792774421915
-221.20830604183558 31.73970402511972
-223.2694499924342 32.65685488501019
-225.33059394303285 30.457995875656536
-227.3917378936315 27.406355879734093
-229.45288184423015 27.18213365966632
-231.51402579482877 24.944116554018102
-233.57516974542742 31.373780544531748
