# BEGINHEADER
# This file contains data from the SALSA 2m radio telescope.
# DATE=2024-04-12T07:25:0043
# GLON and GLAT given in degrees
# GLON=65.89540803944386
# GLAT=4.167617202744601
# DATA in two columns below. Col. 1 is velocity relative to LSR [km/s]. Col. 2 is uncalibrated antenna temperature [K].
# ENDHEADER
301.8357041450876 -0.31566808303771376
299.77456019448897 -0.907591259518798
297.7134162438904 0.017441513623711498
295.6522722932917 0.19859683733261044
293.5911283426931 -0.5283765585441141
291.52998439209443 1.649205765790286
289.4688404414958 0.46079179480540305
287.40769649089714 0.523587808068423
285.3465525402985 0.7912056391017223
283.2854085896999 2.476469230647814
281.22426463910125 7.371380574123355
279.16312068850254 0.03307882728642747
277.10197673790395 0.5335829884710669
275.0408327873053 0.2655253132684666
272.9796888367067 0.5413416561285942
270.918544886108 0.9504589902092034
268.85740093550936 1.5227834571185122
266.79625698491077 -0.09448253355835502
264.7351130343121 1.4215616388691599
262.6739690837135 1.655938787028179
260.6128251331148 2.4565737146102347
258.5516811825162 0.4067796797684866
256.49053723191753 0.43371193712395445
254.42939328131888 2.0807497212572597
252.36824933072026 3.752812817041001
250.3071053801216 0.9693306862428531
248.245961429523 0.18049563858114662
246.18481747892432 -0.6880483733258183
244.1236735283257 0.732980639383258
242.06252957772705 0.37136223174657285
240.00138562712843 -0.17598692764848042
237.94024167652978 0.35560045053941947
235.87909772593113 0.9174997084080195
233.81795377533248 0.399128810340023
231.75680982473386 -0.7130290467571104
229.69566587413522 0.6148530312157083
227.6345219235366 -0.27094726442753075
225.57337797293792 1.4947129422961085
223.5122340223393 2.3797357210675143
221.45109007174065 0.35802778101758925
219.38994612114203 0.08680867603894596
217.32880217054336 2.0398406579149584
215.2676582199447 0.8056781909520185
213.2065142693461 -0.5405406688643762
211.14537031874744 -0.3434303409282343
209.08422636814882 0.17969020329410004
207.02308241755014 0.9103675443649826
204.96193846695152 1.0609675958692408
202.90079451635287 -0.07829696836222892
200.83965056575425 1.531201592676175
198.7785066151556 0.21719806796760524
196.71736266455696 -0.23377495586334146
194.6562187139583 0.9838975370234833
192.5950747633597 1.9353138850690554
190.53393081276104 1.4068051719993258
188.47278686216242 0.691925498576335
186.41164291156375 -1.1196124624658792
184.35049896096513 -0.10122166632674195
182.28935501036648 -1.355861099728483
180.22821105976786 0.551663944657057
178.16706710916918 0.45980630831950187
176.10592315857053 -0.550156972713347
174.0447792079719 -1.5836493836556154
171.98363525737327 0.3706960518316689
169.92249130677465 -0.26952504388852006
167.86134735617597 0.32394099860435005
165.80020340557735 0.3223611510424793
163.7390594549787 0.8907785134940527
161.67791550438008 1.2292130524059883
159.61677155378143 1.1267065995705146
157.55562760318278 -1.7180938077984045
155.49448365258414 -0.028550662061059356
153.43333970198552 -0.7309126709131877
151.37219575138687 -0.5884987419823307
149.31105180078822 -1.27164379409791
147.24990785018957 1.3406441121536132
145.18876389959095 -0.11633462126350576
143.1276199489923 -0.24178598066098042
141.06647599839366 -0.3132430159875015
139.005332047795 -0.2884943698533106
136.94418809719636 -0.5244554166044304
134.88304414659774 -0.26541095786235996
132.8219001959991 1.1419967062086134
130.76075624540044 -0.44107352290783264
128.69961229480182 -0.8240944046457214
126.63846834420318 -0.5074938437845895
124.57732439360454 -1.730106650701293
122.51618044300588 -0.9838657309873566
120.45503649240725 -0.4935687413783588
118.39389254180861 -1.3042873801430008
116.33274859120996 -2.446784496622118
114.27160464061133 -2.170907423982499
112.21046069001268 -1.2280616552666168
110.14931673941405 -1.1723380347663637
108.0881727888154 -1.2292431236080525
106.02702883821676 -1.721524590287583
103.96588488761813 -1.164809297762658
101.90474093701948 -0.7651780350767531
99.84359698642085 -2.83561205666977
97.78245303582221 -1.972321176922305
95.72130908522358 -1.6036810449833538
93.66016513462493 -1.7506775202232863
91.5990211840263 0.03257749590982611
89.53787723342765 -0.5570727896665745
87.47673328282902 -2.1181550627390107
85.41558933223038 -1.780163194475853
83.35444538163172 -0.5530724702115158
81.29330143103309 -1.5983040690998025
79.23215748043444 -1.6030445043334298
77.1710135298358 -1.5481469073160208
75.10986957923716 -3.0387600491142774
73.04872562863852 -1.99817597682398
70.98758167803989 -2.781452183162615
68.92643772744124 -2.2757347700058395
66.8652937768426 -0.3698658328156713
64.80414982624397 -1.821863059354226
62.74300587564532 -1.4533157497477116
60.68186192504668 -0.7298057964400848
58.62071797444804 -2.7325363325401835
56.5595740238494 0.7413935428133511
54.49843007325076 0.23038510817857089
52.43728612265211 -1.1552387873053576
50.37614217205348 -1.304483298058818
48.314998221454836 -1.6519524484400687
46.253854270856195 0.5986786431733758
44.192710320257554 0.9500155686041609
42.13156636965891 1.445500577567168
40.07042241906027 1.9858379509205948
38.00927846846163 4.12434885252245
35.948134517863 5.64876644306788
33.88699056726435 6.516008900973495
31.82584661666571 11.113440509104658
29.764702666067066 17.97637303862173
27.703558715468425 22.172027365272257
25.642414764869788 27.792417451226516
23.581270814271146 33.46572078843528
21.520126863672505 41.18435590498534
19.458982913073864 45.347694006927135
17.397838962475223 48.0448566046984
15.336695011876582 55.710530974537924
13.275551061277943 60.29236079641849
11.2144071106793 66.0119892701456
9.153263160080659 68.38804078518884
7.092119209482018 76.17832142241113
5.0309752588833785 76.09891734795946
2.969831308284737 66.10667241064417
0.9086873576860962 55.96980105197413
-1.1524565929125445 48.81371184731916
-3.2136005435111854 40.041284706752634
-5.274744494109826 29.77531591782226
-7.335888444708468 25.74873904857004
-9.397032395307107 21.312398739468968
-11.45817634590575 17.047279010208783
-13.519320296504388 14.580805430898485
-15.580464247103029 13.159524853590565
-17.641608197701668 11.349743492466123
-19.702752148300313 8.893081522873272
-21.76389609889895 8.797518780776821
-23.82504004949759 7.924134322304025
-25.886184000096232 6.335231258013305
-27.947327950694877 4.997349417262934
-30.008471901293515 5.145738594690927
-32.06961585189215 4.276895213587674
-34.13075980249079 3.88252356577411
-36.191903753089434 3.7840977454958984
-38.253047703688075 2.6095554219734716
-40.31419165428672 3.890491890298985
-42.375335604885365 5.060172650891687
-44.436479555484006 5.328616172926244
-46.49762350608264 5.390645555497842
-48.55876745668128 6.044980056544328
-50.61991140727992 9.249527167601139
-52.68105535787856 8.848997531645152
-54.742199308477204 9.78661987276188
-56.803343259075845 14.195599425378772
-58.864487209674486 18.426748839964457
-60.92563116027312 22.100750821391
-62.98677511087177 26.33746201167302
-65.04791906147041 29.634018607117333
-67.10906301206904 29.397959511917087
-69.17020696266768 28.653311210132326
-71.23135091326633 27.595723873383633
-73.29249486386497 26.18950229026804
-75.35363881446362 20.979345246319152
-77.41478276506226 19.067733970847332
-79.4759267156609 14.932568262014168
-81.53707066625954 13.635120889041524
-83.59821461685817 11.88790404445166
-85.65935856745682 14.094274339712355
-87.72050251805545 11.451056313274824
-89.7816464686541 8.84986918711364
-91.84279041925274 9.249857466864643
-93.90393436985138 6.640288435784408
-95.96507832045002 7.009097316953238
-98.02622227104865 6.519606358152628
-100.08736622164732 6.011264272979785
-102.14851017224595 6.899252702478386
-104.20965412284458 5.73055798149375
-106.27079807344323 7.637669166629971
-108.33194202404187 6.258015951270589
-110.39308597464053 4.124257606098842
-112.45422992523916 2.1355741666436314
-114.51537387583781 -0.44471567319076494
-116.57651782643644 -1.3399933785171398
-118.63766177703508 -2.685168214844014
-120.69880572763373 -0.931671366487602
-122.75994967823236 -1.283898562600157
-124.82109362883101 -3.0437212095804353
-126.88223757942964 -2.5258714907433513
-128.9433815300283 -2.919387996478508
-131.00452548062694 -1.8655969183407046
-133.0656694312256 -3.69313893156954
-135.1268133818242 -1.7149863934896994
-137.18795733242285 -2.4011709306425773
-139.24910128302147 -0.7935205939366763
-141.31024523362015 -1.5375441836110881
-143.37138918421877 -2.4013064689046613
-145.43253313481742 -2.000704748959284
-147.49367708541604 -2.1362556745764376
-149.5548210360147 -1.9048162557032065
-151.61596498661333 -2.3402322404353493
-153.67710893721198 -2.159348004802308
-155.7382528878106 -1.3104570634092132
-157.79939683840925 -2.3445754235200638
-159.86054078900787 -1.5753809318662437
-161.92168473960655 -1.5162056626139135
-163.98282869020517 -2.3874001537336618
-166.04397264080382 -1.4641511280170416
-168.10511659140244 -1.721717598011128
-170.1662605420011 -2.2176663327789194
-172.22740449259976 -2.3456889440156696
-174.28854844319838 -3.085978470071391
-176.34969239379703 -3.527913554770457
-178.41083634439565 -1.1875172297764967
-180.47198029499432 -1.2411555475677942
-182.53312424559294 -2.7155676015200068
-184.5942681961916 -2.6778308582979884
-186.6554121467902 -1.8311386008229966
-188.71655609738886 -0.14942089173648468
-190.7777000479875 -1.014352394400136
-192.83884399858616 -1.8747458824419203
-194.89998794918478 -1.4879511366343146
-196.96113189978342 -2.6807457234852263
-199.02227585038204 1.5182643717354567
-201.08341980098072 -2.9672198499188345
-203.14456375157934 -3.5496172952633955
-205.205707702178 -1.0080161164027153
-207.26685165277664 0.6738085429477072
-209.32799560337529 -1.1681303437611623
-211.38913955397393 -1.2123640783550491
-213.45028350457255 -0.38996116471499725
-215.5114274551712 -0.9237009731780023
-217.57257140576982 2.648629154662597
-219.6337153563685 0.39863165155092173
-221.69485930696712 0.5271113801045575
-223.75600325756577 -1.1891441591676088
