# BEGINHEADER
# This file contains data from the SALSA 2m radio telescope.
# DATE=2024-04-09T15:00:0048
# GLON and GLAT given in degrees
# GLON=209.87970679631036
# GLAT=-0.28236672236332394
# DATA in two columns below. Col. 1 is velocity relative to LSR [km/s]. Col. 2 is uncalibrated antenna temperature [K].
# ENDHEADER
220.6690203689282 0.45115621027178365
218.60787641832954 -0.4466282534609739
216.54673246773092 0.5006221886753276
214.48558851713227 -1.2948021131006087
212.42444456653362 -0.002753712975736972
210.36330061593497 -1.2638967188811108
208.30215666533635 0.47697903987884194
206.2410127147377 -1.649855183286714
204.1798687641391 -0.8968562768888241
202.1187248135404 0.2516783504548262
200.0575808629418 1.0974669722777135
197.99643691234317 0.37102920837160164
195.9352929617445 0.510203523877322
193.87414901114587 -0.286177141209276
191.81300506054723 0.2572979783985216
189.7518611099486 -0.3642513850199063
187.69071715934996 -0.1636361156402403
185.6295732087513 -0.14944916400054423
183.56842925815266 0.12093140309344871
181.50728530755404 -0.21705707958078546
179.4461413569554 -0.7031040344309331
177.38499740635677 -0.24429575669375184
175.3238534557581 -0.1608777168495581
173.26270950515948 1.2149300079569627
171.20156555456083 0.09898512877541914
169.1404216039622 0.4317231887129579
167.07927765336353 0.283691197871001
165.0181337027649 2.4155605419373143
162.95698975216627 1.0489335481847522
160.89584580156765 2.157285131086429
158.834701850969 1.635382936908287
156.77355790037032 0.7360003370936663
154.7124139497717 -0.03752061427098688
152.65126999917305 0.661927075201144
150.59012604857443 -0.41751311117299433
148.52898209797578 0.9809316031660911
146.46783814737714 0.5872272134058376
144.4066941967785 0.8632849783454661
142.34555024617987 0.5864926219960626
140.28440629558122 -0.45563462065321325
138.22326234498257 0.5462726297102422
136.16211839438392 -0.1291350148722969
134.1009744437853 0.38137666615397503
132.03983049318666 -1.3018445920447437
129.978686542588 -1.8221932370493643
127.91754259198937 -0.4246273273214361
125.85639864139073 0.3934384771994651
123.79525469079209 1.7313585494453423
121.73411074019346 0.893820889015227
119.67296678959481 -0.27145290988628296
117.61182283899618 -0.8455280438579231
115.55067888839753 -0.7399883109128561
113.4895349377989 0.6574267579216926
111.42839098720025 2.3485894059792365
109.36724703660161 -0.6037371572964579
107.30610308600298 1.3154974419044865
105.24495913540433 1.3821523068239816
103.1838151848057 0.7826545623808749
101.12267123420705 -0.10701765117888114
99.06152728360841 0.9536965270171233
97.00038333300975 1.2976527828476159
94.93923938241112 0.90669345538996
92.87809543181248 1.478849577046757
90.81695148121383 -1.143348237431482
88.7558075306152 0.4029671984803161
86.69466358001655 1.5855470020244475
84.63351962941792 0.8479433814127
82.57237567881927 0.7417788538092226
80.51123172822064 0.8063665221619949
78.450087777622 1.5258231693166606
76.38894382702335 0.632578290829613
74.32779987642472 1.1213404778399219
72.26665592582607 4.975103331483809
70.20551197522744 3.315762993833889
68.14436802462879 3.4899122572618646
66.08322407403016 5.245422453255652
64.02208012343151 5.960742208353437
61.96093617283287 8.862038702700623
59.89979222223423 10.880227080563387
57.83864827163559 15.933907283967843
55.77750432103695 22.46924544339339
53.71636037043831 29.791537444187774
51.65521641983967 41.29390195199191
49.59407246924102 55.586596327498185
47.53292851864238 67.55594999436573
45.47178456804374 74.74514539811611
43.4106406174451 78.51924840170403
41.349496666846456 72.61022966653172
39.288352716247815 68.83685265470503
37.22720876564917 64.54529884267258
35.16606481505054 58.026837641402864
33.1049208644519 54.80792839018534
31.043776913853254 53.71055389934485
28.982632963254613 59.08117339244257
26.92148901265597 63.90477847255883
24.86034506205733 64.91290432293133
22.79920111145869 63.71388154057414
20.73805716086005 65.38521348209628
18.67691321026141 63.206756348265785
16.615769259662766 61.373722448397636
14.554625309064127 67.1500520738495
12.493481358465486 72.40583881465422
10.432337407866845 80.21558736807536
8.371193457268204 81.77670646973128
6.310049506669563 78.1831049641933
4.248905556070923 66.71225310425731
2.1877616054722826 47.327181886753706
0.12661765487364166 32.21848564314083
-1.9345262957249991 21.166657980379597
-3.9956702463236398 13.153483975749781
-6.05681419692228 9.503194565897909
-8.117958147520921 6.200332846587355
-10.179102098119564 6.261836471533637
-12.240246048718204 3.449239495584926
-14.301389999316843 3.686942249482688
-16.362533949915484 3.0048328447605925
-18.423677900514125 3.4044231248923458
-20.484821851112766 4.198474227534041
-22.54596580171141 1.2555212566870673
-24.60710975231005 2.442086578872309
-26.66825370290869 1.7418519247080608
-28.72939765350733 1.1093531725358905
-30.790541604105968 0.8665345437523485
-32.851685554704616 0.25302420507677587
-34.91282950530325 0.18526704600208443
-36.97397345590189 0.2709500046573707
-39.03511740650053 -0.44906030855035745
-41.09626135709917 0.10144189248321253
-43.157405307697815 1.091852289092511
-45.218549258296456 0.31721432971212565
-47.2796932088951 2.3459319012457933
-49.34083715949374 -0.762375531246561
-51.40198111009237 0.7145277770036074
-53.46312506069101 2.0296255870304414
-55.524269011289654 -0.3572820932360352
-57.585412961888295 -0.10628013010950879
-59.646556912486936 1.3194992818621132
-61.70770086308558 -0.9036881757235061
-63.76884481368422 -0.523471736263597
-65.82998876428286 -0.9896998816290561
-67.89113271488151 -0.518809263856609
-69.95227666548014 -1.3364590921512962
-72.01342061607878 0.11439496526381561
-74.07456456667742 0.6041795496576275
-76.13570851727606 0.21886638336634873
-78.1968524678747 -0.1572641414940831
-80.25799641847334 -0.0678187773038239
-82.31914036907199 -0.599267984711219
-84.38028431967062 -1.1587356298168872
-86.44142827026926 -0.9216683017014382
-88.5025722208679 -1.9931145086824071
-90.56371617146654 -1.0601831060583278
-92.62486012206519 -0.42850431232396274
-94.68600407266382 -1.1393375074852643
-96.74714802326248 0.11865331342767235
-98.80829197386112 -2.183199586472838
-100.86943592445975 1.0942524361733703
-102.9305798750584 -2.469787421831469
-104.99172382565703 -0.46519573636887734
-107.05286777625568 -1.241025380904952
-109.11401172685432 0.03856429024879719
-111.17515567745296 -1.125775970282835
-113.2362996280516 -0.584465764648212
-115.29744357865023 -1.7349649032511454
-117.35858752924888 -3.690967202518193
-119.41973147984751 -2.381122493117626
-121.48087543044616 -1.40180932529051
-123.5420193810448 -0.8975262696908702
-125.60316333164344 -0.787427808472343
-127.66430728224208 0.08409952043859127
-129.72545123284073 -0.321010481909058
-131.78659518343935 -1.1602198030661857
-133.84773913403802 -0.8757361221485825
-135.90888308463664 -0.86183479116548
-137.9700270352353 -1.8800803142710878
-140.0311709858339 -0.7137254197670487
-142.09231493643256 0.5199456654821871
-144.1534588870312 -0.9894386669056947
-146.21460283762985 -0.8420030080463664
-148.27574678822847 -0.6016488082400971
-150.33689073882712 -1.1556486823214878
-152.3980346894258 -1.9272800992068335
-154.45917864002442 -2.5001330417367966
-156.52032259062307 -1.445302877347831
-158.5814665412217 -1.6226553110689517
-160.64261049182034 -0.7052986759602475
-162.70375444241898 -1.3387400847779973
-164.76489839301763 -1.4697273886154898
-166.82604234361625 -0.9001956130130772
-168.8871862942149 -2.6231473112218153
-170.94833024481352 -1.864546907500259
-173.0094741954122 -2.3959781127121924
-175.07061814601082 -2.0903556141982387
-177.13176209660946 -2.849254170757539
-179.19290604720808 -1.393490182888147
-181.25404999780676 -2.4675521414919688
-183.31519394840538 -0.9684816005336132
-185.37633789900403 0.2048151588147458
-187.43748184960265 -0.579258113939337
-189.4986258002013 -1.095165856096441
-191.55976975079997 -1.6212025373757366
-193.6209137013986 -1.4124563843145825
-195.68205765199724 -3.0019238747393797
-197.74320160259586 -2.2742665784773948
-199.80434555319454 -3.386477787920648
-201.86548950379316 -2.983343434832831
-203.92663345439183 -0.5266696926177127
-205.98777740499045 -0.7270657122576729
-208.0489213555891 -0.16941348097127323
-210.11006530618772 -1.0221468678394967
-212.17120925678637 -0.6844975379450645
-214.23235320738502 -0.43549992268020815
-216.29349715798367 -0.7375544176728939
-218.35464110858229 -0.3648977551248149
-220.41578505918093 -0.32301603157694814
-222.47692900977958 -3.2522212696212818
-224.53807296037823 -0.7451598822827593
-226.59921691097685 -0.764185342861574
-228.6603608615755 -0.5551299371555601
-230.72150481217415 -0.1553366736517608
-232.7826487627728 -1.046933025168032
-234.84379271337144 -1.3369461918519678
-236.90493666397006 -0.9294021715295486
-238.9660806145687 -0.5777743795346364
-241.02722456516733 -1.3939461075299049
-243.088368515766 -1.5992212096657814
-245.14951246636463 -0.9442477405874575
-247.21065641696327 -1.4248801796534953
-249.2718003675619 -0.30488085639132034
-251.33294431816054 -0.7870178344796586
-253.3940882687592 -1.282257277461304
-255.45523221935784 -1.8688259476127436
-257.51637616995646 -0.8014170480689655
-259.5775201205551 0.09749551207476002
-261.63866407115376 0.13186148410042384
-263.6998080217524 -1.6998191126752629
-265.760951972351 -1.6584224148137554
-267.82209592294964 -0.0068556698256286965
-269.88323987354835 0.17571690482836824
-271.94438382414694 -0.10028553540889046
-274.0055277747456 -1.9497970067569526
-276.0666717253443 -0.48780359721447697
-278.1278156759429 -0.8890764651333855
-280.18895962654153 -0.45143037685535514
-282.2501035771401 -1.5918721831387923
-284.31124752773883 -0.7584307088522071
-286.3723914783375 -0.9234944546927395
-288.43353542893607 -1.6123479986272533
-290.4946793795347 -0.7249781581769619
-292.55582333013336 -2.3002198750833904
-294.616967280732 0.015875389725000036
-296.67811123133066 -1.8159293243787915
-298.73925518192925 -2.3336238357619856
-300.80039913252796 -0.5675217522668285
-302.86154308312655 -0.13320180562792427
-304.9226870337252 0.9540816149966111
