# BEGINHEADER
# This file contains data from the SALSA 2m radio telescope.
# DATE=2024-04-09T14:24:0025
# GLON and GLAT given in degrees
# GLON=89.87348065279721
# GLAT=0.06894682163262221
# DATA in two columns below. Col. 1 is velocity relative to LSR [km/s]. Col. 2 is uncalibrated antenna temperature [K].
# ENDHEADER
288.4713889230724 -0.6376573246871055
286.4102449724738 -0.190025769264926
284.3491010218752 -1.4036948224315777
282.2879570712765 -2.489697017582972
280.2268131206779 -1.2219653620656166
278.16566917007924 -1.3299984058958412
276.1045252194806 -3.018830148036048
274.04338126888194 -1.7405373857579816
271.9822373182833 -2.067590914355464
269.9210933676847 -0.8930208217347945
267.85994941708606 -1.1401062802834205
265.79880546648735 -1.9480633166100814
263.73766151588876 -1.1907093559960706
261.6765175652901 -1.3797357813084166
259.61537361469146 -2.739316812950959
257.5542296640928 -2.3315354102730548
255.4930857134942 -2.9816682121036227
253.43194176289555 -0.31021226856071604
251.3707978122969 -0.9177164982356392
249.30965386169825 -2.9672173235293204
247.24850991109963 -2.689707568943231
245.18736596050098 -3.086889400473043
243.12622200990236 -2.862687382736328
241.0650780593037 -1.7941005888611512
239.00393410870507 -1.2927637707585682
236.94279015810642 -2.7370490690969986
234.8816462075078 -0.9266981000578307
232.82050225690912 -0.7906230003538984
230.7593583063105 -2.564039256420802
228.69821435571185 -2.787004888769036
226.63707040511323 -2.0740162315676662
224.5759264545146 -2.4419822614967592
222.51478250391594 -3.2642939893460143
220.4536385533173 -2.5094633417466805
218.39249460271867 -1.474764237603396
216.33135065212002 -1.7502959811421894
214.27020670152137 -3.7960307216553955
212.20906275092273 -1.5726245877604137
210.14791880032408 -2.1215115177501347
208.08677484972546 -0.9968506566182913
206.0256308991268 -1.7810563083603708
203.96448694852816 -2.6750276371794612
201.9033429979295 -1.9355869305744138
199.8421990473309 -1.3553088444191843
197.78105509673225 -0.5229691635272328
195.71991114613363 -0.40307648553718317
193.65876719553495 -1.8952949351230173
191.59762324493633 -2.0393577910636607
189.53647929433768 -1.437394299275552
187.47533534373906 -2.1032344365630444
185.4141913931404 -3.8817307382181947
183.35304744254177 -2.1481687774396208
181.29190349194312 -2.558091940917133
179.2307595413445 -2.903105007927079
177.16961559074585 -2.844240916569296
175.1084716401472 -2.4928209193908235
173.04732768954855 -2.1467541729712893
170.9861837389499 -2.649950090565474
168.92503978835128 -3.100154894290633
166.86389583775264 -3.257170214086454
164.802751887154 -2.901238373902917
162.74160793655534 -2.7897892505822663
160.68046398595672 -2.3119557854158974
158.61932003535807 -2.0433826577560352
156.55817608475945 -0.4749189459586768
154.49703213416078 -1.56939740865802
152.43588818356216 -1.9406460252267874
150.3747442329635 -1.8171290861444591
148.3136002823649 -0.7468010017695522
146.25245633176624 -2.305745672648292
144.1913123811676 -0.7777154989512762
142.13016843056894 -0.6804293370742374
140.06902447997032 -2.1229048691895582
138.00788052937168 -1.8773572873796511
135.946736578773 -1.5922691323658242
133.88559262817438 -0.9414617843051658
131.82444867757573 -0.8109694412390194
129.7633047269771 -1.7707240638871808
127.70216077637846 -2.3485169012266156
125.64101682577983 -3.5175037031491017
123.57987287518118 -2.682907057612505
121.51872892458255 -1.5832516644493269
119.4575849739839 -4.095959632544787
117.39644102338525 -1.1071407118054788
115.33529707278662 -1.6437432564396026
113.27415312218797 -1.6726560639013883
111.21300917158933 -0.8867660183532197
109.15186522099069 -1.3218248248133195
107.09072127039205 -1.186090345808956
105.02957731979342 -0.7542434560344927
102.96843336919477 -2.1765002479217643
100.90728941859614 -1.3337030613386598
98.8461454679975 -2.11265713022743
96.78500151739887 -0.40280155452575683
94.72385756680022 -2.014360921590649
92.66271361620159 -1.6074882051617747
90.60156966560294 -0.6578173031352176
88.5404257150043 -0.4072980144238738
86.47928176440566 -1.6455505700764743
84.41813781380702 -2.2863650803708553
82.35699386320839 -1.268627821368039
80.29584991260973 -0.9496776234749836
78.23470596201109 -1.2365552469313976
76.17356201141244 -2.0508486232910994
74.11241806081381 -0.6047519079754476
72.05127411021518 -1.3372097856172236
69.99013015961653 -2.0419723419438807
67.92898620901789 -1.5856484934234087
65.86784225841924 -2.412265774525822
63.80669830782061 -0.6982878158899809
61.74555435722197 -2.6837954517662608
59.68441040662333 0.01236849004699626
57.62326645602469 -2.7724405194253614
55.562122505426046 -1.769660448305533
53.500978554827405 -1.0906833564255123
51.43983460422876 -1.3551500017809008
49.378690653630116 0.07569894655195922
47.317546703031475 0.03458560333853864
45.256402752432834 -0.4366727443267683
43.19525880183419 -1.1682808085419016
41.13411485123555 -0.6276444331676888
39.07297090063692 -1.4566399881863468
37.01182695003828 -2.0289474217587578
34.950682999439636 -2.085115573404497
32.889539048840994 -1.6627424996978883
30.82839509824235 -1.057447946772962
28.767251147643712 0.4111359716971509
26.706107197045068 -0.3040216382580035
24.64496324644643 0.5025916958744306
22.58381929584779 0.1412615328968434
20.52267534524915 2.3874463263545804
18.46153139465051 4.416552265224752
16.400387444051866 7.47049248399344
14.339243493453226 13.690413595735434
12.278099542854587 26.049691740936115
10.216955592255944 43.11932053980104
8.155811641657305 62.82131242458254
6.094667691058664 80.92137185277198
4.033523740460024 88.6924919238763
1.9723797898613824 86.19418953503687
-0.08876416073725833 83.5494267083604
-2.1499081113358995 74.47008624779913
-4.21105206193454 71.46376922305316
-6.272196012533181 69.59153232851934
-8.33333996313182 65.36338873627149
-10.394483913730463 61.276138301699135
-12.455627864329102 55.4024174139013
-14.516771814927743 52.68907990357559
-16.577915765526384 48.58641492369239
-18.639059716125026 42.06960612149925
-20.700203666723663 43.27953922406133
-22.761347617322308 39.092551141447665
-24.82249156792095 36.020810933073754
-26.88363551851959 36.57250280571122
-28.94477946911823 35.17087512302367
-31.005923419716876 36.49598501062896
-33.06706737031551 36.508728114359336
-35.128211320914154 41.08343268896257
-37.189355271512795 41.34172496183749
-39.250499222111436 42.396718950183
-41.31164317271008 45.28945765119006
-43.37278712330871 45.875730429611636
-45.43393107390736 45.594033762577745
-47.495075024506 45.36178470968981
-49.556218975104635 45.20022850711893
-51.617362925703276 42.7687247706353
-53.67850687630192 40.09633157131783
-55.73965082690056 39.71947934349208
-57.8007947774992 37.22589250820298
-59.86193872809783 38.732537414649
-61.923082678696474 36.00164994840283
-63.984226629295115 35.978576099728734
-66.04537057989376 37.068381791079524
-68.10651453049239 38.71219589972593
-70.16765848109104 37.87383129520261
-72.22880243168967 38.94728383403801
-74.28994638228833 40.79026248263137
-76.35109033288697 40.075409016625294
-78.41223428348562 36.7710219021718
-80.47337823408425 34.03733102714962
-82.53452218468288 32.105560765915136
-84.59566613528153 31.547384350840968
-86.65681008588017 29.848744484651295
-88.71795403647882 26.757266022428663
-90.77909798707745 26.99404561816927
-92.8402419376761 25.265401743391866
-94.90138588827473 23.10495075025331
-96.96252983887337 22.894080122618565
-99.02367378947201 19.30146621979445
-101.08481774007066 13.979844398738797
-103.1459616906693 12.239125991328756
-105.20710564126794 8.333763017112304
-107.26824959186658 7.035094881278567
-109.32939354246523 6.534121230656203
-111.39053749306386 5.291737971527558
-113.45168144366252 4.923785723685569
-115.51282539426116 1.3887305452681542
-117.57396934485979 2.1796569414107676
-119.63511329545844 0.6188865968102699
-121.69625724605707 2.8883944458018416
-123.75740119665572 0.7980442151408494
-125.81854514725435 -0.8425198802708861
-127.879689097853 0.39752415826743437
-129.94083304845162 -1.088759760087073
-132.00197699905027 -0.7745620053550485
-134.06312094964892 -0.2580091837480747
-136.12426490024757 -0.1599475541680462
-138.18540885084622 -1.013378080023236
-140.24655280144484 -0.9459253641356308
-142.30769675204348 -0.8653616071844317
-144.3688407026421 0.2200861750586227
-146.42998465324078 -2.172862756936571
-148.4911286038394 -1.6919528703981945
-150.55227255443805 -0.6871194251181474
-152.61341650503667 -1.1862414873579232
-154.67456045563534 -1.2411505947333716
-156.73570440623396 -2.170970598555117
-158.7968483568326 -0.32047747891188466
-160.85799230743123 -1.6896638924834817
-162.91913625802988 -1.1518584676204349
-164.98028020862853 -1.7275083003655365
-167.04142415922718 -0.07641095817784953
-169.1025681098258 -1.5732012980348522
-171.16371206042444 -1.3424062947708142
-173.2248560110231 -1.260970397202049
-175.28599996162174 -1.9192720827883474
-177.3471439122204 -0.05886509017663866
-179.408287862819 -0.45610856324849586
-181.46943181341766 0.7436378808565901
-183.5305757640163 -2.2536396066139717
-185.59171971461495 -1.170456661810773
-187.65286366521357 -0.8190340264810634
-189.71400761581222 -1.0849251079969695
-191.77515156641084 0.5189970895017315
-193.83629551700952 0.28717451372109243
-195.89743946760814 -1.0607798062220997
-197.95858341820679 0.7783670975456082
-200.0197273688054 -0.4779947010204629
-202.08087131940405 1.4012371370226384
-204.1420152700027 -0.5915064538787043
-206.20315922060135 -0.628392485728096
-208.26430317119997 0.5395141772075754
-210.32544712179862 0.7826435175383204
-212.38659107239727 0.4620467372137581
-214.44773502299591 -0.07353205220156203
-216.50887897359456 1.5595123021901034
-218.57002292419318 0.5131741635572833
-220.63116687479183 -0.02308548349095649
-222.69231082539048 0.4657937819633105
-224.75345477598913 -0.028402651858601722
-226.81459872658775 -1.3616068447392855
-228.8757426771864 0.08807231668042154
-230.93688662778501 1.782277327357758
-232.9980305783837 -0.1352633692202871
-235.0591745289823 -1.405369237940636
-237.12031847958096 -2.574574514238327
