# BEGINHEADER
# This file contains data from the SALSA 2m radio telescope.
# DATE=2024-04-09T14:49:0000
# GLON and GLAT given in degrees
# GLON=189.87436202729012
# GLAT=-0.3073910805486329
# DATA in two columns below. Col. 1 is velocity relative to LSR [km/s]. Col. 2 is uncalibrated antenna temperature [K].
# ENDHEADER
223.837715227913 -0.15189798807514812
221.77657127731436 -2.3692449858590896
219.71542732671574 -0.8800804715996076
217.6542833761171 -1.0602692223583197
215.59313942551844 -2.914831402485968
213.5319954749198 -1.307468260746343
211.47085152432118 -1.507074448072867
209.40970757372253 -1.7340650132177877
207.34856362312385 -0.4538897700793384
205.28741967252523 0.04572486347042899
203.22627572192658 -0.7387736830809201
201.16513177132796 -1.9941602117045403
199.10398782072932 -1.2600388818371349
197.04284387013067 -1.0675819868843306
194.98169991953202 -0.09005656584534569
192.9205559689334 -1.8098903621099665
190.85941201833475 0.15322261086397074
188.79826806773613 -0.23688240751678566
186.73712411713745 -1.505575387509652
184.67598016653884 -2.2859764866635186
182.6148362159402 -0.4558660707100876
180.55369226534157 -0.6120947465327254
178.4925483147429 -0.7909309912622151
176.43140436414427 1.2751495126819927
174.37026041354562 0.3459341614002248
172.309116462947 -0.7655909278535737
170.24797251234835 0.3531734250598028
168.18682856174968 1.034774788992967
166.12568461115106 0.03448715579100147
164.0645406605524 -0.40182367520187606
162.0033967099538 -1.2526352568681272
159.94225275935514 -0.9358236960575957
157.8811088087565 -0.5175340379832024
155.81996485815785 -1.450878306554173
153.75882090755923 -0.2856046748006488
151.69767695696058 -1.251624385295691
149.63653300636196 -0.8576292301155284
147.57538905576328 0.9328301428846596
145.51424510516466 1.854220417964401
143.453101154566 -1.1700735271872449
141.3919572039674 0.23296116380846033
139.33081325336872 -0.5252834574802087
137.2696693027701 -1.2421062471341415
135.20852535217145 -0.404856318311458
133.14738140157283 -1.1971960503232133
131.08623745097418 -0.2677148279720342
129.02509350037553 0.4715196110556116
126.96394954977688 -0.8489343148968512
124.90280559917825 0.043497959950446925
122.8416616485796 1.0060407076089013
120.78051769798097 0.4164689131654042
118.71937374738233 -0.44110403951502203
116.65822979678369 -0.0033887583002028595
114.59708584618505 -1.394264349046461
112.53594189558639 1.061405261353668
110.47479794498776 0.20720301227162224
108.41365399438912 -0.011107744289914201
106.35251004379047 0.44741547396705256
104.29136609319184 0.18297973784499488
102.23022214259319 -0.49185220088422027
100.16907819199456 -0.3171256106967236
98.10793424139591 -0.32061813573564246
96.04679029079726 -0.015406564898040513
93.98564634019863 -0.1801723682804409
91.92450238959998 -0.3809378869522619
89.86335843900135 -0.20234039938296483
87.80221448840271 0.40864637556328226
85.74107053780406 -0.7539435792017011
83.67992658720543 -1.1220983123362005
81.61878263660678 1.2782592385965688
79.55763868600815 -0.05639082572130667
77.4964947354095 0.10008080076863542
75.43535078481086 1.5689407171112566
73.37420683421222 1.0080605739835846
71.31306288361357 0.8028614870804426
69.25191893301493 1.2289062540634017
67.19077498241629 -0.9438447858261079
65.12963103181765 2.111002553012027
63.06848708121901 -0.4507864947501931
61.00734313062037 0.39002072123635956
58.94619918002173 1.6753031305042072
56.88505522942309 1.2179242232723453
54.82391127882445 1.098302216984929
52.76276732822581 0.927158082386053
50.70162337762717 0.990957642804053
48.64047942702854 -0.00760404806679853
46.5793354764299 1.8653282458814096
44.51819152583125 0.9633186642567583
42.45704757523261 0.9721980988001983
40.395903624633966 2.532633924899834
38.334759674035325 1.5194787472694713
36.273615723436684 3.901415189898033
34.21247177283805 4.153576520356162
32.15132782223941 9.673872501176271
30.090183871640765 11.982801314016061
28.029039921042123 16.882111976078576
25.967895970443482 25.240297477699908
23.90675201984484 36.166904847265286
21.8456080692462 47.61828711196959
19.78446411864756 61.66101403604977
17.723320168048918 79.6231911293215
15.662176217450277 94.26327508302053
13.601032266851636 106.7578996943182
11.539888316252997 119.07501375020779
9.478744365654357 126.5776965054646
7.417600415055715 133.610251999014
5.356456464457075 135.1371428611664
3.2953125138584336 127.98461605193921
1.2341685632597927 120.22821054991289
-0.8269753873388479 106.49518808550454
-2.8881193379374888 90.67191900227563
-4.949263288536129 73.95224260220851
-7.01040723913477 51.44122106171252
-9.07155118973341 34.31917148088057
-11.132695140332052 22.203633383676348
-13.193839090930693 13.594063598087939
-15.254983041529336 9.114316144104745
-17.316126992127973 7.114717962458176
-19.377270942726618 3.628960353703156
-21.438414893325255 5.748842522240608
-23.499558843923896 4.635977061837855
-25.560702794522534 2.41450073700929
-27.62184674512118 2.999131613503583
-29.682990695719816 2.330809414837212
-31.744134646318457 2.2289204823308095
-33.8052785969171 1.4587039417315715
-35.86642254751574 3.236794445158733
-37.92756649811438 0.5843901187400928
-39.98871044871302 -0.24333232032260896
-42.04985439931166 0.2625025002938571
-44.110998349910304 -1.2310450361316672
-46.172142300508945 -0.6015946042250302
-48.23328625110758 -1.3433182290787562
-50.29443020170623 -0.0024283062481575356
-52.355574152304875 1.346800559124158
-54.416718102903516 -0.6340816545331088
-56.47786205350216 -0.7670623874641669
-58.53900600410079 0.32997978835785186
-60.60014995469943 1.4006794020428612
-62.66129390529807 0.44475527466899817
-64.72243785589671 -0.6073526727452861
-66.78358180649535 0.15341496023570445
-68.844725757094 -0.3984143631097119
-70.90586970769263 -1.2944027337727408
-72.96701365829128 0.8729428680751427
-75.02815760888991 -0.4865257539206161
-77.08930155948856 -1.8893848713035288
-79.1504455100872 -1.4752349378771668
-81.21158946068584 -0.01611066756842748
-83.27273341128449 -1.1866742323579254
-85.33387736188313 -1.7313272627512153
-87.39502131248177 -0.30444303692385793
-89.45616526308041 -2.131152610200585
-91.51730921367906 -1.1678028922204127
-93.57845316427769 -1.2720468913485357
-95.63959711487632 -0.7712566089630625
-97.70074106547497 -1.5627122653009378
-99.76188501607359 -2.918199182412373
-101.82302896667224 -1.694596990675335
-103.88417291727087 -2.3730117917539597
-105.94531686786952 0.5343623606610504
-108.00646081846816 -1.5939755371123399
-110.0676047690668 -2.8370867263223896
-112.12874871966544 -0.8798928319672021
-114.18989267026407 -3.005419587054973
-116.25103662086272 -1.9623657315585632
-118.31218057146135 -0.6460265482691994
-120.37332452206002 -2.1530614746773202
-122.43446847265865 -1.8112352896381818
-124.4956124232573 -1.6837371397937497
-126.55675637385593 -1.4176735988838194
-128.61790032445455 -1.443394160955843
-130.6790442750532 -2.136331032697014
-132.74018822565185 -2.4467945178116666
-134.8013321762505 -2.355431839636739
-136.86247612684912 -2.844300227047876
-138.92362007744777 -3.189161825191641
-140.9847640280464 -2.1764738064126177
-143.04590797864506 -2.6737962099240002
-145.1070519292437 -3.2582991595098343
-147.16819587984233 -1.6285128876851527
-149.22933983044098 -1.4046626149952328
-151.29048378103963 -2.7703297214637983
-153.35162773163827 -2.0228006347407117
-155.4127716822369 -1.9586151064364021
-157.47391563283554 -2.4231714838661813
-159.53505958343416 -2.3583730252601067
-161.59620353403284 -1.747238145665898
-163.65734748463146 -2.4145876677412055
-165.7184914352301 -1.815290842501273
-167.77963538582873 -2.556198567117856
-169.84077933642737 -1.9088469068255376
-171.90192328702602 -2.5516300850844202
-173.96306723762467 -3.3293767117857063
-176.0242111882233 -2.0917989163954287
-178.08535513882194 -0.9903565153232605
-180.14649908942062 -2.7080268694410665
-182.20764304001924 -0.7957485109968975
-184.26878699061788 -1.038046341431728
-186.3299309412165 -0.007348402978391918
-188.39107489181515 -2.1510098152245707
-190.4522188424138 -1.4013464715284207
-192.51336279301245 -3.0069834410554055
-194.57450674361107 -1.6073374251046675
-196.63565069420972 -2.6825486068198394
-198.69679464480834 -2.8106924627196612
-200.757938595407 -2.4483256929136394
-202.81908254600563 -2.0798394452751503
-204.88022649660428 -3.4100619473193645
-206.9413704472029 -2.0224607985791674
-209.00251439780158 -1.728582009225559
-211.0636583484002 -3.48874971648676
-213.12480229899884 -3.0822640332287365
-215.18594624959746 -2.517798769336807
-217.2470902001961 -3.1898918448273705
-219.3082341507948 -3.292614076649686
-221.3693781013934 -2.2156418876042534
-223.43052205199206 -2.9843987487882515
-225.49166600259068 -1.9859187722935823
-227.55280995318932 -2.7193722909730815
-229.61395390378797 -2.6499491300933173
-231.67509785438662 -1.7995822232435845
-233.73624180498524 -0.997767257923711
-235.7973857555839 -0.9977259870557016
-237.8585297061825 -1.2174540915163758
-239.91967365678119 -1.241131603257928
-241.9808176073798 -3.1928614763821495
-244.04196155797845 -3.078916330822656
-246.10310550857707 -2.307045907033548
-248.16424945917575 -1.8652518411728878
-250.22539340977437 -2.2445877470889233
-252.28653736037302 -1.9815352003551856
-254.34768131097164 -1.380715076524198
-256.4088252615703 -1.5830823613325362
-258.46996921216896 -2.2210772776937384
-260.5311131627676 -2.0402627386525776
-262.5922571133662 -0.8199503099118317
-264.6534010639649 -0.9875538719714954
-266.7145450145635 -2.7975401852524566
-268.77568896516215 -2.537827530506339
-270.83683291576074 -1.6408265553008505
-272.89797686635944 0.10787535673125304
-274.9591208169581 -0.6985725750939731
-277.0202647675567 -1.2476990302011315
-279.08140871815533 -3.3071316529841144
-281.142552668754 -1.0348827948104498
-283.2036966193526 -1.64583603964933
-285.2648405699513 -1.9003449584815566
-287.32598452054987 -2.25835082039904
-289.38712847114857 -1.9161969371686352
-291.4482724217472 -1.1225344346651598
-293.5094163723458 -0.3337657460971527
-295.5705603229445 -2.5902057893745662
-297.6317042735431 -1.0152421937275165
-299.69284822414176 -0.7912810081426642
-301.7539921747404 -0.7020353254383109
