# BEGINHEADER
# This file contains data from the SALSA 2m radio telescope.
# DATE=2024-03-21T16:09:0045
# GLON and GLAT given in degrees
# GLON=114.81682749943265
# GLAT=-0.08753727888512582
# DATA in two columns below. Col. 1 is velocity relative to LSR [km/s]. Col. 2 is uncalibrated antenna temperature [K].
# ENDHEADER
265.29053972532097 13.403944764043267
263.22939577472226 20.102977108280005
261.1682518241237 16.31168665233558
259.107107873525 16.821355936378325
257.0459639229263 14.063744354478152
254.9848199723277 5.157470619819411
252.92367602172908 8.625332555286592
250.86253207113043 12.145137421186837
248.8013881205318 12.638838016726794
246.74024416993313 5.603001737256264
244.67910021933452 -11.500166062441968
242.61795626873587 14.469801603894949
240.55681231813725 6.189174742434767
238.49566836753857 10.654202276945563
236.43452441693995 9.96765890516283
234.3733804663413 16.598682432117005
232.31223651574268 12.06834379863869
230.25109256514403 8.012464569123631
228.1899486145454 5.872163189043967
226.12880466394674 8.659354792553296
224.06766071334812 6.501362772202969
222.00651676274947 6.962903895175677
219.94537281215085 12.352272022938466
217.88422886155217 12.15647599274035
215.82308491095353 10.509723805423292
213.7619409603549 10.629763473143425
211.70079700975626 10.4417323368551
209.63965305915764 8.156612443349363
207.57850910855896 10.60168728981421
205.51736515796034 9.5039393659694
203.4562212073617 15.253546590319031
201.39507725676307 8.78159326677493
199.3339333061644 2.3867333510127207
197.27278935556575 -3.1782000593571063
195.2116454049671 -0.9612045017535586
193.15050145436848 4.32183673161861
191.08935750376983 8.038521383960132
189.0282135531712 14.260143089081357
186.96706960257254 11.210100276075236
184.90592565197392 8.370491873696995
182.84478170137527 9.243556522398414
180.78363775077662 7.996520800530491
178.722493800178 13.76633354738677
176.66134984957932 12.631058172840913
174.6002058989807 10.869976525791653
172.53906194838206 15.562635299945248
170.47791799778344 13.267742590213626
168.4167740471848 12.479039598351552
166.35563009658614 13.399984834944194
164.2944861459875 11.971768212421747
162.23334219538887 11.196266692331735
160.17219824479022 10.680965385146859
158.11105429419158 11.04332998606163
156.04991034359293 11.934317499715256
153.9887663929943 13.439010660385208
151.92762244239566 11.453711192550022
149.86647849179704 14.017069832714126
147.80533454119836 15.148635903944754
145.74419059059974 14.055518192597315
143.6830466400011 15.230878534241581
141.62190268940245 17.073899502761677
139.56075873880383 11.583205162331033
137.49961478820515 12.720381222560318
135.43847083760653 16.62945728479303
133.37732688700788 15.783797187041708
131.31618293640926 14.030926089587354
129.25503898581061 11.975189113299278
127.19389503521198 15.41861596095386
125.13275108461333 14.099194120121759
123.07160713401468 15.772662451705221
121.01046318341604 16.287474469887176
118.9493192328174 18.007639384523294
116.88817528221875 15.1893780018693
114.82703133162012 13.210563094672802
112.76588738102149 16.53330405070625
110.70474343042284 18.545273915273754
108.6435994798242 14.884748774223107
106.58245552922556 17.2160791620579
104.52131157862692 17.653266742281335
102.46016762802827 19.011008117808483
100.39902367742964 14.639316586433862
98.337879726831 14.98067991997006
96.27673577623237 16.2740172148036
94.21559182563372 15.193386654428565
92.15444787503509 19.342304780977937
90.09330392443646 16.957825582156982
88.0321599738378 23.776200456510526
85.97101602323917 38.545609115987574
83.90987207264051 33.82115884872249
81.84872812204188 24.512417628964034
79.78758417144323 23.922296425202525
77.7264402208446 21.84687307928399
75.66529627024596 19.860614580994586
73.60415231964731 16.598425804822714
71.54300836904868 18.190684036773877
69.48186441845003 4.886687868953949
67.4207204678514 -0.04797669438620838
65.35957651725275 24.360444002741744
63.298432566654114 18.99590145619831
61.23728861605547 22.08932869314369
59.17614466545683 16.970741292336978
57.1150007148582 13.18283460247095
55.05385676425955 19.805095785161434
52.99271281366091 18.019227693948906
50.93156886306227 18.016362467464184
48.87042491246362 31.115667953630663
46.809280961864985 22.64186863543524
44.748137011266344 19.606170658650633
42.6869930606677 20.955129059967703
40.62584911006906 22.573485570432524
38.56470515947042 23.490952648989612
36.50356120887177 22.001663462923748
34.44241725827313 27.017842924652054
32.3812733076745 24.94013512271165
30.320129357075857 23.49931860383522
28.258985406477215 21.39848002256365
26.197841455878574 22.311807626374762
24.136697505279933 21.76051791117176
22.075553554681292 19.552369624586362
20.01440960408265 25.5404759205065
17.95326565348401 34.41147388286014
15.89212170288537 29.91820023865996
13.83097775228673 30.65272996421347
11.76983380168809 27.593016542809877
9.70868985108945 33.712310900697254
7.647545900490809 29.776922780042153
5.586401949892168 39.44377237766865
3.5252579992935273 65.45366523520593
1.4641140486948863 70.9639950673003
-0.5970299019037546 83.58486943624679
-2.6581738525023955 83.56191912725298
-4.719317803101036 87.40461712085548
-6.780461753699677 86.60735588265432
-8.841605704298317 92.2410023570866
-10.902749654896958 94.52168811304354
-12.963893605495599 96.56109232710784
-15.025037556094242 79.92622133708765
-17.086181506692885 65.49150902610461
-19.147325457291522 56.78351541751145
-21.208469407890163 49.152349162412456
-23.269613358488805 47.2979230118559
-25.330757309087442 43.3683603985071
-27.391901259686087 45.548086723099715
-29.453045210284728 50.35463174196736
-31.51418916088337 46.41041539863589
-33.57533311148201 52.7668023165544
-35.636477062080644 55.67212138500406
-37.697621012679285 61.58068337612687
-39.758764963277926 63.001620107540646
-41.819908913876574 68.21955885626704
-43.881052864475215 77.20714567938144
-45.942196815073856 80.27415786464418
-48.0033407656725 81.99416500576051
-50.06448471627113 86.66728907723403
-52.12562866686977 84.1453919006523
-54.18677261746841 75.29848162750544
-56.24791656806705 71.01212242704193
-58.30906051866569 74.71823991031955
-60.37020446926434 68.63127939880569
-62.43134841986298 67.41428599815458
-64.49249237046162 66.0389675782657
-66.55363632106025 61.18026526355539
-68.61478027165889 57.265732775952216
-70.67592422225755 50.948242779928066
-72.73706817285618 48.89566747481952
-74.79821212345482 60.572826107108845
-76.85935607405347 42.284509707505705
-78.9205000246521 38.80346692869043
-80.98164397525075 36.748455699641745
-83.04278792584938 35.21689493239193
-85.10393187644803 33.66574182481234
-87.16507582704666 32.80315827313003
-89.2262197776453 38.819074168639574
-91.28736372824395 38.80363787911305
-93.34850767884258 41.39697567676545
-95.40965162944123 39.038641802064625
-97.47079558003986 42.71608853302181
-99.53193953063851 45.67733327964448
-101.59308348123716 41.03125094601968
-103.65422743183579 40.8664166003232
-105.71537138243444 47.17737253698783
-107.77651533303307 35.29046140205123
-109.83765928363172 30.79451924141981
-111.89880323423037 28.52692296205558
-113.959947184829 26.807261071340243
-116.02109113542765 21.851208587680556
-118.08223508602629 20.893350131984413
-120.14337903662494 30.096652602471913
-122.20452298722357 27.119513850824497
-124.2656669378222 24.23694991168264
-126.32681088842085 25.493438913069824
-128.3879548390195 20.40288928501174
-130.44909878961815 12.158491556680554
-132.5102427402168 25.492597457919505
-134.57138669081542 20.746732306291698
-136.63253064141406 28.09596343289699
-138.69367459201268 21.79863130135961
-140.75481854261133 23.008585714583848
-142.81596249320998 21.88394307352544
-144.87710644380863 22.100700456796496
-146.93825039440725 17.73367529551894
-148.9993943450059 20.03798619892781
-151.06053829560452 26.276385973698968
-153.1216822462032 24.284121508498718
-155.1828261968018 22.541688500977212
-157.24397014740046 23.278025598438994
-159.30511409799908 23.403846116966797
-161.36625804859776 24.32485035577046
-163.42740199919638 24.234834670083508
-165.48854594979503 23.895122142272644
-167.54968990039367 27.328129055102174
-169.6108338509923 22.002114985447616
-171.67197780159097 21.77027293282446
-173.7331217521896 18.90471285173009
-175.79426570278824 23.210278018549154
-177.85540965338686 15.483300996417244
-179.9165536039855 15.47978793454194
-181.97769755458415 25.3954598266948
-184.0388415051828 21.097737738367304
-186.09998545578142 23.538825545240044
-188.16112940638007 22.901174453843133
-190.22227335697872 22.08228937626715
-192.28341730757737 23.06037222577337
-194.344561258176 22.105009325334557
-196.40570520877463 23.201567085977796
-198.46684915937325 23.513032036574423
-200.5279931099719 20.869617482459372
-202.58913706057052 23.8783487996678
-204.65028101116917 28.439459903585167
-206.7114249617678 28.799580462240797
-208.77256891236647 19.258032775371113
-210.83371286296511 18.325875040354592
-212.89485681356373 25.396780322882147
-214.95600076416238 21.34471104248384
-217.01714471476103 22.664268236998243
-219.07828866535968 22.63240069129825
-221.1394326159583 25.82031051435463
-223.20057656655695 9.891756663778592
-225.26172051715557 23.02781770156398
-227.32286446775424 23.30667020314735
-229.38400841835286 25.709184568197976
-231.4451523689515 24.643206635153724
-233.50629631955013 20.616457438046044
-235.56744027014878 22.478378035865422
-237.62858422074743 23.805673057871232
-239.68972817134608 18.286622693993365
-241.7508721219447 14.984115829901228
-243.81201607254334 23.723714575347
-245.873160023142 27.85405625614243
-247.93430397374064 24.08805251332612
-249.9954479243393 25.205763477622245
-252.0565918749379 22.12632135512076
-254.11773582553656 21.22277204458039
-256.1788797761352 15.638570515133988
-258.24002372673385 17.27717469449793
-260.3011676773325 21.679640254499013
