# BEGINHEADER
# This file contains data from the SALSA 2m radio telescope.
# DATE=2024-04-12T07:34:0007
# GLON and GLAT given in degrees
# GLON=77.80675224894206
# GLAT=4.075903164236533
# DATA in two columns below. Col. 1 is velocity relative to LSR [km/s]. Col. 2 is uncalibrated antenna temperature [K].
# ENDHEADER
296.0711935139567 -0.261924816294394
294.01004956335805 -1.675744933162152
291.9489056127594 -0.8568558053604881
289.8877616621608 0.6994777176255734
287.82661771156216 -0.19476616890972384
285.76547376096346 -0.12435321177009771
283.70432981036487 0.437013459297885
281.6431858597662 0.6534200742385893
279.58204190916763 -0.09085520443510176
277.5208979585689 3.270176801930514
275.4597540079703 5.870174494601916
273.3986100573717 -0.8038092670900042
271.33746610677304 1.0033061433380177
269.2763221561744 0.747925416185912
267.21517820557574 2.5444754172716286
265.1540342549771 1.0865897429570917
263.0928903043785 1.291364705633298
261.0317463537798 1.0758424369953252
258.97060240318115 2.682325146823214
256.90945845258256 0.898371953970887
254.8483145019839 2.3854700896015424
252.78717055138523 0.781879475381317
250.7260266007866 -0.07957504513913312
248.66488265018796 1.8727499531724094
246.60373869958934 2.671477466236326
244.5425947489907 1.1464009860658326
242.48145079839205 2.445895939295332
240.4203068477934 1.2210663049750357
238.35916289719478 2.1366704094576967
236.29801894659613 1.0568760449949384
234.23687499599748 -0.6237831533678465
232.17573104539883 1.288224793481522
230.1145870948002 1.4200258436810755
228.05344314420157 2.4495983245069284
225.99229919360295 1.1084640648413364
223.93115524300427 0.7737878768199494
221.87001129240562 0.5712474788464671
219.808867341807 -0.013080275902754344
217.74772339120835 1.3524614487645379
215.68657944060973 0.49312936097729176
213.62543549001106 0.9413850434880877
211.56429153941244 0.014529655841711
209.5031475888138 -0.6863320218068726
207.44200363821517 0.7554191821495646
205.3808596876165 0.46177593668736655
203.31971573701787 -0.5682783215639934
201.25857178641922 0.2753535351293038
199.1974278358206 0.8455149205108203
197.13628388522196 0.45555459072916116
195.0751399346233 0.009627637337051815
193.01399598402466 2.6511267465851653
190.95285203342604 -0.9991426388912585
188.8917080828274 0.7258922895815666
186.83056413222877 2.1208251797052453
184.7694201816301 -0.5458118957899829
182.70827623103145 -0.28098911164344764
180.64713228043283 0.02277654172714613
178.58598832983418 1.4876731443965074
176.52484437923556 0.6807821254637586
174.46370042863688 -0.5040954437016075
172.40255647803826 0.007601496883899939
170.34141252743962 1.4731862832583567
168.280268576841 0.7592364229973783
166.21912462624232 0.20370491552946843
164.1579806756437 -0.15098343417752
162.09683672504505 0.8110042287214986
160.03569277444643 0.1538468763058574
157.97454882384778 -2.0779804348618462
155.91340487324914 0.10212875755330807
153.8522609226505 -0.6372004252355619
151.79111697205187 0.2613751123438653
149.72997302145322 -0.852231366131443
147.6688290708546 -1.1716429105500799
145.60768512025592 -0.6038382715518407
143.54654116965727 0.3470380803893083
141.48539721905865 -2.353105732811679
139.42425326846 -1.0541995471309349
137.36310931786136 0.21007254627378755
135.3019653672627 -2.3305645450972023
133.2408214166641 0.9427280220037761
131.17967746606544 -0.21545620446941371
129.1185335154668 -0.8518359519401666
127.05738956486817 -3.1361983592778264
124.99624561426951 -3.0936652058387546
122.93510166367088 -1.1498018617642853
120.87395771307224 -3.70249435792052
118.8128137624736 -1.129525678663466
116.75166981187496 -1.6930704872421656
114.69052586127631 -1.9025814450518193
112.62938191067768 -0.002717371226907821
110.56823796007903 -1.4193496871691025
108.5070940094804 -2.9071992534532938
106.44595005888176 -1.1078114660268423
104.38480610828312 -0.4794633632512883
102.32366215768448 -2.165852148585525
100.26251820708583 -1.7511032924557646
98.20137425648721 -2.1967388643795562
96.14023030588856 -3.289379031259654
94.07908635528993 -1.7584559802375772
92.01794240469128 -1.2834635315217888
89.95679845409265 -2.41311862439901
87.895654503494 -3.5711602515668903
85.83451055289535 -1.6538595376639218
83.77336660229672 -1.6989821624945423
81.71222265169807 -3.1542361642059435
79.65107870109944 -3.4494272562925987
77.58993475050079 -3.6191980422174885
75.52879079990215 -2.8624933166384863
73.46764684930352 -3.4117189195769355
71.40650289870487 -1.1150393637980165
69.34535894810624 -2.095220667483463
67.28421499750759 -1.2858637342659271
65.22307104690896 -2.317421536430208
63.161927096310315 -3.0250395672419286
61.100783145711674 -3.742161340995808
59.03963919511303 -5.9651664141028595
56.978495244514384 -2.69848125399914
54.91735129391574 -2.617339698657055
52.85620734331711 -1.44452123220863
50.79506339271847 -1.8643191678333177
48.73391944211983 -2.049143622949486
46.672775491521186 -2.008041821055969
44.611631540922545 -1.8804394771707305
42.550487590323904 -3.9920126516219376
40.48934363972526 -2.771941694144542
38.42819968912662 -1.1994842483629395
36.36705573852798 -1.433744257652846
34.30591178792934 -2.6132707050480084
32.2447678373307 -2.107871870052127
30.183623886732057 -1.0045515993970524
28.12247993613342 0.35323158069198113
26.06133598553478 2.899784086876089
24.00019203493613 8.050685305688333
21.939048084337493 12.187202623344772
19.877904133738852 20.435689378751064
17.81676018314021 32.50224183125511
15.75561623254157 44.09326187985339
13.69447228194293 58.0561387997665
11.63332833134429 73.38546765763829
9.57218438074565 87.56562875035911
7.511040430147009 92.60369663319172
5.449896479548367 96.31159988592024
3.388752528949727 99.10123758034078
1.3276085783510863 97.42287016899188
-0.7335353722475545 94.97780492987305
-2.7946793228461955 90.72105584754257
-4.8558232734448366 81.7889927245989
-6.916967224043477 73.03625781243757
-8.978111174642118 65.58655620968834
-11.039255125240757 58.02501194150091
-13.1003990758394 45.95729838288476
-15.161543026438041 34.96768093283066
-17.222686977036684 32.264158341113514
-19.28383092763532 26.14675897731254
-21.344974878233963 24.03304942218678
-23.406118828832604 21.89109800075088
-25.467262779431245 19.453039606949623
-27.528406730029882 19.391232304981955
-29.589550680628523 17.76032837956227
-31.650694631227164 21.01493360784479
-33.7118385818258 19.100594927594653
-35.77298253242444 20.02658666772361
-37.834126483023084 18.68726217059957
-39.89527043362173 19.457806602281202
-41.95641438422037 20.852012383466942
-44.01755833481901 16.944727400582945
-46.07870228541765 16.22987017259806
-48.13984623601629 14.145890378135803
-50.20099018661493 9.898461430628286
-52.26213413721357 11.112842960362459
-54.32327808781221 11.6384235634044
-56.384422038410854 10.31489681674889
-58.445565989009495 13.000544381813892
-60.506709939608136 15.121137013842791
-62.56785389020678 16.738552447384745
-64.62899784080541 23.090684382074222
-66.69014179140405 22.119971391382443
-68.75128574200271 25.10472544253626
-70.81242969260134 28.93428525341935
-72.87357364319999 29.908874853045017
-74.93471759379862 28.281420891568285
-76.99586154439727 29.205501801341583
-79.0570054949959 28.16371469151525
-81.11814944559454 27.426839261127178
-83.17929339619319 25.91414278677895
-85.24043734679182 21.4876657999549
-87.30158129739047 15.696752232885027
-89.3627252479891 13.686797362691982
-91.42386919858775 10.810698705505398
-93.48501314918639 7.98344678297256
-95.54615709978502 6.398578520862929
-97.60730105038367 5.8204076400090985
-99.66844500098232 3.650969622566517
-101.72958895158095 1.511944034110509
-103.7907329021796 2.3440597106563734
-105.85187685277823 3.0732128721085785
-107.9130208033769 1.5334818231321568
-109.97416475397553 2.115843692248408
-112.03530870457418 3.823896780580273
-114.09645265517281 2.263054905012817
-116.15759660577145 1.01994876030189
-118.2187405563701 0.6131228716146351
-120.27988450696873 -0.17288820113295247
-122.34102845756738 -0.11536033885987329
-124.40217240816601 -1.4780442167133143
-126.46331635876466 -2.349401152647202
-128.5244603093633 -2.9775626930789376
-130.58560425996194 -3.070691089355149
-132.64674821056056 -3.7334667201012848
-134.70789216115924 -4.120862742526721
-136.76903611175786 -3.775078665346783
-138.8301800623565 -2.7262075538070514
-140.89132401295512 -3.7286774824671567
-142.95246796355377 -2.801037819595438
-145.01361191415242 -3.248752847408988
-147.07475586475107 -4.949890178682097
-149.1358998153497 -4.504215722698732
-151.19704376594834 -2.3387934677866147
-153.25818771654698 -4.3561624872253555
-155.31933166714563 -3.372666688449719
-157.38047561774425 -5.312422642655211
-159.4416195683429 -3.5784767332900302
-161.50276351894152 -3.927137154700507
-163.5639074695402 -3.5538477943974285
-165.62505142013885 -4.3528523623359385
-167.68619537073747 -4.492562607705929
-169.7473393213361 -3.5449368993283397
-171.80848327193473 -4.689184840321575
-173.8696272225334 -4.326359658301405
-175.93077117313203 -3.8916204940795094
-177.99191512373068 -3.958601711543777
-180.0530590743293 -3.1456942142608706
-182.11420302492795 -4.570592130133967
-184.1753469755266 -3.9011087279288916
-186.23649092612524 -2.3427747476386935
-188.29763487672386 -3.684821507149666
-190.3587788273225 -3.790641618071172
-192.41992277792116 -2.3532679507134957
-194.4810667285198 -3.550536828218491
-196.54221067911843 -3.439251710221233
-198.60335462971707 -2.581817978421195
-200.6644985803157 -4.190110897614528
-202.72564253091437 -4.338724795306923
-204.78678648151302 -3.0749527976088595
-206.84793043211164 -4.304336961897488
-208.9090743827103 -1.8225739177112903
-210.9702183333089 -2.381559246144812
-213.03136228390758 -3.2658322260021477
-215.0925062345062 -2.7382178143362688
-217.15365018510485 -2.8834303385631723
-219.21479413570347 -1.440750016842177
-221.27593808630215 -1.902842960240226
-223.33708203690077 -1.7683130339377202
-225.39822598749942 -1.1364822100440115
-227.45936993809804 -2.2577117404100613
-229.52051388869668 -0.8139779436346857
