# BEGINHEADER
# This file contains data from the SALSA 2m radio telescope.
# DATE=2024-03-27T10:09:0051
# GLON and GLAT given in degrees
# GLON=139.86477313620387
# GLAT=-0.17997053836002264
# DATA in two columns below. Col. 1 is velocity relative to LSR [km/s]. Col. 2 is uncalibrated antenna temperature [K].
# ENDHEADER
247.7403044309028 17.576445984610718
245.67916048030415 29.143090907175687
243.6180165297055 23.873850708437928
241.55687257910685 26.49838214112831
239.49572862850823 21.97205435883071
237.43458467790958 17.218511000579937
235.37344072731094 18.156033620237853
233.3122967767123 24.264315667211772
231.25115282611367 22.20971654664916
229.19000887551502 14.21420205073029
227.1288649249164 2.8658975070068813
225.06772097431772 23.951272445484946
223.0065770237191 17.727769655595267
220.94543307312045 19.537159163421
218.88428912252184 19.963782680926034
216.8231451719232 25.495352476622628
214.76200122132454 21.415180735932264
212.7008572707259 17.847470200598
210.63971332012724 15.343633503482861
208.57856936952862 19.78298458807679
206.51742541892997 16.660956125659027
204.45628146833133 18.354959003553756
202.39513751773268 23.254226487135025
200.33399356713406 21.20939227459106
198.2728496165354 19.387569817195427
196.2117056659368 18.963616682993422
194.15056171533814 17.954918839593397
192.08941776473952 18.535740609026337
190.02827381414087 20.800570255227566
187.96712986354223 21.36000444048174
185.90598591294358 22.527964329389896
183.84484196234496 20.674702535106697
181.7836980117463 19.25836029891127
179.72255406114766 19.3113339127423
177.661410110549 17.30853015153926
175.6002661599504 19.508301041787078
173.53912220935175 19.561317090899657
171.47797825875313 22.429045557663144
169.41683430815445 21.83964708935946
167.3556903575558 20.19303319373603
165.29454640695718 19.09236674138246
163.23340245635853 19.70209997597121
161.1722585057599 23.648534821343162
159.11111455516124 22.665253664149773
157.04997060456262 19.55787926006974
154.98882665396397 21.169438086901533
152.92768270336535 22.448186446583424
150.8665387527667 20.62765892889161
148.80539480216805 20.648837524795912
146.7442508515694 20.597100338845834
144.68310690097078 19.04684415517665
142.62196295037214 16.67657232305309
140.5608189997735 21.15827716279831
138.49967504917484 22.154465558799668
136.43853109857622 19.562901553721726
134.37738714797757 21.35502527415887
132.31624319737892 21.926020009266306
130.25509924678028 22.04430470742698
128.19395529618163 23.110560551514293
126.13281134558301 24.2331867318708
124.07166739498437 22.891661347103778
122.01052344438573 20.750860475156728
119.94937949378709 22.0039825711486
117.88823554318844 21.369549795352853
115.82709159258981 23.321615263440354
113.76594764199115 21.475663821529523
111.70480369139251 20.499647379100907
109.64365974079388 25.011184367209548
107.58251579019523 22.50671362306269
105.5213718395966 24.149035058364785
103.46022788899795 23.75307319614606
101.39908393839931 25.057750456587424
99.33793998780067 22.324168460921932
97.27679603720202 21.67226823801254
95.21565208660338 23.883834227175587
93.15450813600474 23.280652146631596
91.0933641854061 25.560130362670215
89.03222023480747 25.267361080014236
86.97107628420882 23.97820884211673
84.90993233361019 25.926853499286263
82.84878838301154 26.10493817371096
80.7876444324129 23.326903010108392
78.72650048181426 24.083265272091275
76.66535653121562 25.827842648550025
74.60421258061697 26.285012590232427
72.54306863001833 23.85197583599875
70.48192467941969 32.08616898331287
68.42078072882104 49.09530907574255
66.35963677822241 44.334784093973944
64.29849282762378 32.86244370009295
62.23734887702513 32.88261770628548
60.176204926426486 29.85589052865945
58.115060975827845 26.41899058288019
56.053917025229204 23.92963741864439
53.99277307463057 25.160078336033326
51.93162912403193 19.63444592625108
49.87048517343329 15.433241339054561
47.809341222834654 31.435061218400595
45.748197272236006 26.721438513890554
43.687053321637364 27.85321719778191
41.62590937103872 25.454366175995425
39.56476542044008 22.121553324369728
37.50362146984145 29.29092591463375
35.44247751924281 27.064389930966136
33.381333568644166 26.82967631255385
31.32018961804552 37.29984761422737
29.25904566744688 31.137940691981086
27.197901716848243 30.01909232480888
25.136757766249602 31.97370350571677
23.075613815650957 29.507105785825786
21.014469865052316 29.61251501424763
18.953325914453675 29.09521234325506
16.892181963855034 32.20532219997376
14.831038013256393 31.49217826158227
12.769894062657754 29.27792115351891
10.708750112059112 30.997513311656494
8.647606161460471 31.63105002834464
6.58646221086183 32.536027389644794
4.52531826026319 32.71135151236594
2.464174309664549 36.051139722171655
0.4030303590659084 45.676347853198365
-1.6581135915327325 43.39225469930496
-3.7192575421313734 42.193098561669395
-5.7804014927300145 36.409719060858485
-7.8415454433286556 37.002827376268456
-9.902689393927297 30.665675934033757
-11.963833344525936 32.33209782627678
-14.024977295124579 39.92861934110028
-16.086121245723216 38.07868738419602
-18.14726519632186 36.44927329814144
-20.2084091469205 36.385939586370604
-22.26955309751914 39.606977634428134
-24.33069704811778 36.59379776864378
-26.39184099871642 38.16505761440395
-28.45298494931506 44.59263391759921
-30.5141288999137 43.20237219877747
-32.57527285051234 41.190551047404476
-34.63641680111098 36.9501055511497
-36.697560751709624 37.59850481825426
-38.758704702308265 39.62458171105296
-40.819848652906906 40.464757679609185
-42.88099260350555 38.70014608696156
-44.94213655410419 41.16254424498101
-47.00328050470282 42.663099082772206
-49.06442445530146 39.458402478020545
-51.12556840590012 39.57616743608211
-53.18671235649876 39.43553819113927
-55.2478563070974 38.47470374816946
-57.309000257696034 36.77124848867989
-59.370144208294676 36.432979973333644
-61.43128815889332 39.30596303460538
-63.49243210949196 35.33821490040326
-65.55357606009059 34.12887863935606
-67.61472001068924 35.483157790480604
-69.67586396128787 36.73562632005614
-71.73700791188652 31.349238894410096
-73.79815186248516 32.01901035093375
-75.8592958130838 35.183744931359755
-77.92043976368244 34.99518402013713
-79.98158371428109 34.10229374018046
-82.04272766487973 37.105974005384724
-84.10387161547837 36.45841873653686
-86.16501556607702 37.56695931854612
-88.22615951667565 35.28565487030969
-90.28730346727428 38.742161611295394
-92.34844741787293 48.68722878154962
-94.40959136847157 37.208972476812804
-96.47073531907022 34.94188806548472
-98.53187926966885 34.36936041789938
-100.59302322026748 34.80479454253479
-102.65416717086612 33.18318673013341
-104.71531112146477 33.65114113338981
-106.7764550720634 34.59465603563474
-108.83759902266205 35.163133620263984
-110.89874297326068 36.556729983768555
-112.95988692385932 33.76609322960705
-115.02103087445796 36.505119337965866
-117.0821748250566 35.84607869656767
-119.14331877565526 34.134604813448114
-121.2044627262539 34.86363673209355
-123.26560667685254 43.175555172330746
-125.32675062745118 36.17233577917213
-127.38789457804981 34.423983702852944
-129.44903852864846 34.01897083824428
-131.5101824792471 37.47944177681255
-133.57132642984573 30.615696486280775
-135.63247038044437 32.16227241252197
-137.693614331043 34.99339034661037
-139.75475828164164 34.21006985204954
-141.81590223224032 33.918062775980886
-143.87704618283894 35.57230455780134
-145.9381901334376 29.68190734131048
-147.9993340840362 25.99887738864839
-150.06047803463488 34.50571651354403
-152.1216219852335 34.29999560363522
-154.18276593583215 37.248678513396435
-156.24390988643077 33.58751857636725
-158.30505383702942 33.49878419814135
-160.36619778762807 32.34380105565309
-162.42734173822672 33.33561020691356
-164.48848568882534 27.226297674674996
-166.54962963942398 31.61588170013634
-168.6107735900226 34.18150494269486
-170.67191754062128 35.14272182575955
-172.7330614912199 34.230426470928954
-174.79420544181855 35.37220344104101
-176.85534939241717 35.89898176228951
-178.91649334301584 35.034372652637565
-180.9776372936145 35.869294516099146
-183.0387812442131 34.00818318677571
-185.09992519481176 33.967620792378376
-187.16106914541038 32.54185467324722
-189.22221309600906 34.14680227430182
-191.28335704660768 31.48119619199248
-193.34450099720632 33.90525113305673
-195.40564494780494 27.9650194948032
-197.4667888984036 28.620743101743454
-199.52793284900224 33.90407692123479
-201.58907679960092 31.057725335701722
-203.65022075019954 33.37843663110398
-205.71136470079819 32.875152668025905
-207.7725086513968 32.455899976265904
-209.83365260199545 31.368681914508244
-211.8947965525941 31.753284897735064
-213.95594050319275 31.228665344544286
-216.0170844537914 33.08682933151914
-218.07822840439002 31.5421668717265
-220.1393723549887 33.737340958781225
-222.2005163055873 38.049685311344454
-224.26166025618596 37.08363705222375
-226.32280420678458 30.425451841257757
-228.38394815738323 29.87071884973665
-230.44509210798188 34.629724411053544
-232.50623605858053 31.10994086563705
-234.56738000917915 32.7319696076846
-236.6285239597778 31.094877246942396
-238.68966791037641 34.013857604826185
-240.7508118609751 23.913410091763634
-242.8119558115737 29.57682909443993
-244.87309976217236 32.679533103602594
-246.93424371277098 32.339076546548526
-248.99538766336966 33.834618323609604
-251.05653161396827 31.000646217670578
-253.11767556456692 30.336617027182914
-255.17881951516557 31.005723637956574
-257.2399634657642 29.08714030269615
-259.30110741636287 26.498713710735387
-261.3622513669615 33.951567018565584
-263.4233953175601 36.06003809887887
-265.4845392681588 31.54686144042958
-267.5456832187574 34.34190863584234
-269.60682716935605 29.417323380019546
-271.66797111995464 27.679251391474708
-273.72911507055335 27.153915724854798
-275.790259021152 25.633488869612005
-277.8514029717506 31.55498137380012
