# BEGINHEADER
# This file contains data from the SALSA 2m radio telescope.
# DATE=2024-04-12T07:46:0018
# GLON and GLAT given in degrees
# GLON=89.86776434380337
# GLAT=4.029057794464305
# DATA in two columns below. Col. 1 is velocity relative to LSR [km/s]. Col. 2 is uncalibrated antenna temperature [K].
# ENDHEADER
288.86431981274745 0.5372220898561312
286.80317586214886 -1.6826992888946537
284.7420319115502 -0.8859427059402144
282.6808879609516 0.5558498443529623
280.6197440103529 0.9512400741893486
278.55860005975427 1.3400972869066288
276.4974561091557 -0.8605712221095928
274.43631215855703 0.49048709998795825
272.3751682079584 1.1667863907375249
270.31402425735973 2.9474413210934953
268.2528803067611 2.9544469859785267
266.1917363561625 0.6255912064914768
264.1305924055638 0.83802617854729
262.0694484549652 0.3052400897473013
260.00830450436655 2.1377571322818976
257.9471605537679 0.8107565337704672
255.88601660316925 2.138634021449685
253.8248726525706 0.7778419031780613
251.76372870197198 0.6400722780104067
249.70258475137334 2.3773231674494237
247.6414408007747 1.6815529376438205
245.58029685017604 1.6140590746429315
243.5191528995774 1.282528480678958
241.45800894897877 1.787987471586247
239.39686499838012 2.3819390924246764
237.3357210477815 1.921802974573225
235.27457709718283 2.310248785395376
233.2134331465842 2.6448835757382385
231.15228919598556 1.8158543060687773
229.09114524538694 2.018012593685242
227.03000129478826 2.2020224865953284
224.96885734418964 1.096931405481172
222.907713393591 -0.4861389799545162
220.84656944299238 1.8884577958090454
218.78542549239373 1.6476361367513217
216.72428154179508 1.835066997014923
214.66313759119643 1.193988154155804
212.6019936405978 2.7685616754089404
210.54084968999916 1.5889869750627807
208.47970573940052 0.7272292416737264
206.41856178880187 0.1434211548748374
204.35741783820322 0.0027796168038893123
202.2962738876046 3.0924682497323523
200.23512993700595 1.1629847512925635
198.1739859864073 2.9884013796656883
196.11284203580865 0.21295128835714358
194.05169808521 -1.5316000997097812
191.99055413461136 1.3354653281746143
189.92941018401274 -0.4208065709169334
187.8682662334141 -0.13723083215139387
185.80712228281544 0.3439781903385154
183.7459783322168 0.5263011824761437
181.68483438161817 1.9682744822387275
179.62369043101953 0.6946344376478664
177.5625464804209 0.3151078231887077
175.50140252982223 -0.11209316033186952
173.44025857922358 0.34669109993439223
171.37911462862496 0.321093066385495
169.3179706780263 0.7824550851157502
167.2568267274277 2.054026793218319
165.19568277682902 1.0658622471809973
163.1345388262304 1.0306716443548123
161.07339487563175 -0.6383832541826023
159.01225092503313 -0.7453338282377526
156.95110697443445 0.72146317432967
154.88996302383583 0.1643024481689735
152.82881907323718 -0.23152483431656973
150.76767512263856 -0.20053858684111808
148.70653117203992 1.332070284318998
146.64538722144127 1.3824403859178342
144.58424327084262 -1.659454443636849
142.523099320244 -1.477331730856222
140.46195536964535 0.25447452238611645
138.40081141904673 0.4305887388844988
136.33966746844806 0.08623186817339681
134.2785235178494 -0.12315864450370277
132.2173795672508 -0.9557589705552733
130.15623561665214 -0.788861095818231
128.0950916660535 0.9562073314396279
126.03394771545487 -0.6005115232527298
123.97280376485622 0.30322476297187867
121.91165981425759 -1.7171372528558662
119.85051586365894 -1.1038268642329254
117.78937191306031 0.17137906317279467
115.72822796246165 -1.0742042184251448
113.66708401186301 -1.7727327012506062
111.60594006126438 -2.621604395094758
109.54479611066573 -0.3633426725930502
107.4836521600671 -0.4641966990273975
105.42250820946845 -1.8487990520259625
103.36136425886981 -0.1928344303843773
101.30022030827116 -0.24265792351138513
99.23907635767253 0.22823947369577338
97.1779324070739 -1.818114484857788
95.11678845647526 -3.136789927597988
93.05564450587663 -0.8199191054509121
90.99450055527798 -0.8704273011483797
88.93335660467935 -2.293536034517159
86.8722126540807 -2.821969942098071
84.81106870348206 -0.7091587424353504
82.74992475288342 -1.4649994290686075
80.68878080228478 0.13424288657486944
78.62763685168615 -1.6246206604498372
76.56649290108749 -2.7067114812076056
74.50534895048885 -2.3714746927270247
72.4442049998902 -1.6235981449449908
70.38306104929157 -2.87076659058379
68.32191709869292 -1.5539123002874649
66.26077314809429 -1.0359121206364212
64.19962919749565 -1.9676877492784206
62.138485246897005 -1.9896510273098005
60.077341296298364 0.09811718041288237
58.01619734569973 -0.1409488663850406
55.95505339510109 -2.7983829530355866
53.89390944450245 -2.203079413207006
51.83276549390381 -1.3809565065384848
49.771621543305166 -1.2060557002301169
47.71047759270652 -3.801265592777862
45.64933364210788 -2.220089427238277
43.588189691509236 -1.1091927171854918
41.527045740910594 -0.1972515817651838
39.46590179031195 -1.5004840635083
37.40475783971331 -1.870965743443445
35.34361388911467 -0.11063115624832053
33.28246993851604 -0.8829466790288536
31.22132598791739 -0.9278068878319162
29.16018203731875 -1.9198353774063812
27.09903808672011 -2.8110426840191205
25.03789413612147 0.7736470400338706
22.976750185522828 2.2507332472035113
20.915606234924187 3.1958113990105943
18.854462284325546 4.219142675640552
16.79331833372691 5.160351901831396
14.732174383128266 11.673941932733344
12.671030432529625 18.01524123632158
10.609886481930985 27.81159597485619
8.548742531332344 46.13939501777251
6.487598580733704 67.66006997818296
4.426454630135063 78.66435400782164
2.3653106795364214 86.04142253849952
0.3041667289377811 88.10711997460132
-1.75697722166086 87.32868640292962
-3.8181211722595005 90.64455876492761
-5.879265122858141 93.33101327102044
-7.940409073456782 92.43482961281234
-10.001553024055422 89.68292083441102
-12.062696974654063 78.18559685405947
-14.123840925252706 69.23537945207916
-16.184984875851345 59.98407811828501
-18.246128826449986 51.156873214495405
-20.307272777048627 39.039103016381866
-22.36841672764727 33.81856725535795
-24.429560678245906 31.095534440979335
-26.49070462884455 26.055933532204406
-28.55184857944319 21.63550368956189
-30.612992530041833 20.641719017978016
-32.67413648064047 20.934609554668175
-34.73528043123911 18.98743819106507
-36.79642438183775 19.74492813224502
-38.857568332436394 19.134771006972485
-40.918712283035035 19.099608029135986
-42.979856233633676 22.404295886913587
-45.04100018423232 23.95392524855543
-47.10214413483096 25.462582173407114
-49.1632880854296 26.678979914150407
-51.22443203602824 26.15221981810933
-53.285575986626874 27.601280793913435
-55.346719937225515 25.439369940715075
-57.407863887824156 23.648422176097938
-59.4690078384228 25.03885178653518
-61.53015178902144 23.06724973626096
-63.59129573962008 26.456142837650194
-65.65243969021871 26.88715299077713
-67.71358364081736 28.460042247115307
-69.774727591416 31.889202138707283
-71.83587154201464 34.5211813121851
-73.89701549261328 38.36908431476956
-75.95815944321191 39.92720200031487
-78.01930339381056 39.27424634594192
-80.08044734440921 38.808503980638804
-82.14159129500786 36.6314857773495
-84.20273524560649 32.44018840770905
-86.26387919620514 30.153245370337775
-88.32502314680377 27.420196409860452
-90.3861670974024 26.27626151823826
-92.44731104800105 24.93960972151347
-94.50845499859969 26.21789880249175
-96.56959894919834 24.337101179548196
-98.63074289979697 20.019168847857664
-100.69188685039562 16.015894301560564
-102.75303080099427 14.605692086946673
-104.8141747515929 11.935840953964997
-106.87531870219155 8.320520686605613
-108.93646265279018 7.3438036569367044
-110.99760660338882 7.722406086544363
-113.05875055398747 7.417061662399218
-115.1198945045861 6.789190958495174
-117.18103845518476 5.255570592413258
-119.2421824057834 2.120438711160848
-121.30332635638203 2.317563790384088
-123.36447030698068 -0.7842180632096668
-125.42561425757931 0.7554583761688846
-127.48675820817796 -0.8686572306690858
-129.5479021587766 -2.1494678527525384
-131.6090461093752 -1.0727371840589093
-133.6701900599739 -1.5313444569277734
-135.73133401057254 -3.7586780818480556
-137.79247796117116 -2.638187599536462
-139.8536219117698 -3.375198061441821
-141.91476586236843 -2.6475829801504935
-143.9759098129671 -3.6532661290838093
-146.03705376356572 -1.5922168684896942
-148.09819771416437 -3.0039575811995536
-150.159341664763 -2.9875003844946595
-152.22048561536164 -3.0263952490686132
-154.2816295659603 -3.1796333661047504
-156.34277351655894 -2.2857828107430134
-158.40391746715756 -3.0775914605508965
-160.4650614177562 -2.638446347800747
-162.52620536835485 -2.546914562568984
-164.5873493189535 -2.787384116258733
-166.64849326955212 -0.5870849728218294
-168.70963722015077 -1.8896301857624576
-170.7707811707494 -1.676879883140686
-172.83192512134806 -2.6019889622126215
-174.8930690719467 -2.3251079958050727
-176.95421302254533 -2.339635912513831
-179.01535697314398 -4.158144288401176
-181.0765009237426 -3.3242869212635204
-183.13764487434128 -2.8380236162032046
-185.1987888249399 -3.5637509610528846
-187.25993277553854 -2.1215955051984663
-189.32107672613716 -1.8672434529520099
-191.3822206767358 -2.3765862655273033
-193.44336462733446 -2.366519736294971
-195.5045085779331 -3.9359589100123213
-197.56565252853173 -2.293173811597336
-199.62679647913038 -2.9617034027864113
-201.687940429729 -2.000845552592078
-203.74908438032764 -1.2978405533012463
-205.81022833092626 -1.5820873467432734
-207.8713722815249 -1.725511900054717
-209.93251623212356 -3.5521430037073105
-211.9936601827222 -3.873970977646009
-214.05480413332083 -2.0920855150370716
-216.11594808391948 -0.9494602095631616
-218.17709203451813 -3.0621095519651784
-220.23823598511677 -1.0527420309283386
-222.29937993571542 -2.5375141360095066
-224.36052388631404 -1.9776541721987428
-226.4216678369127 -1.2569890472556782
-228.48281178751134 -1.9734785588298838
-230.54395573811 0.9639626946635697
-232.6050996887086 -0.3108963227262953
-234.66624363930725 -1.1427428524418093
-236.72738758990587 -2.221174572800526
