# BEGINHEADER
# This file contains data from the SALSA 2m radio telescope.
# DATE=2024-04-12T05:52:0055
# GLON and GLAT given in degrees
# GLON=32.787267468585256
# GLAT=0.27768595577524824
# DATA in two columns below. Col. 1 is velocity relative to LSR [km/s]. Col. 2 is uncalibrated antenna temperature [K].
# ENDHEADER
309.2643082395471 -0.17323641064185583
307.20316428894847 -0.9430274304620672
305.1420203383499 -0.3256564277342979
303.0808763877512 -0.47123294957973116
301.0197324371526 -1.9106654231770113
298.95858848655394 0.2560239334422715
296.8974445359553 0.3847113699645648
294.83630058535664 -0.06898419679476905
292.775156634758 -2.188245872115551
290.7140126841594 1.6454932103510727
288.65286873356075 8.838440579815474
286.59172478296205 -0.6089144916298775
284.53058083236346 0.6252536941949258
282.4694368817648 -0.5164449782279037
280.4082929311662 -1.7784088527982607
278.3471489805675 0.4739777132655054
276.28600502996886 0.5338740594664856
274.22486107937027 -0.9524483890310683
272.1637171287716 0.6830697576684119
270.1025731781729 0.03434935012017029
268.0414292275743 -0.8907061265063915
265.9802852769757 -0.734404440264995
263.91914132637703 -0.23971568039202004
261.8579973757784 5.080130762845043
259.79685342517973 5.710866970276604
257.73570947458114 -0.7657807942575189
255.67456552398247 -0.6702104452827538
253.61342157338382 -1.318116074274632
251.5522776227852 -0.29787877826653225
249.49113367218655 -1.6203316762230482
247.42998972158793 -0.2754770949550755
245.36884577098925 -1.2337385273913297
243.30770182039063 -0.7542101085918692
241.24655786979199 1.3486714900628247
239.18541391919337 -0.1171086365655873
237.12426996859472 -1.013064900866062
235.06312601799607 -2.075596472148273
233.00198206739742 1.6526928800838308
230.9408381167988 1.7220047311739426
228.87969416620015 0.07506149345812069
226.81855021560148 -0.6583659583900864
224.75740626500286 -0.09843172066640465
222.6962623144042 -0.35731584156849044
220.6351183638056 -0.5144602586427862
218.57397441320694 -1.4208388320891803
216.5128304626083 0.9780165574747144
214.45168651200964 1.6387914387670925
212.39054256141102 1.5289491797389696
210.32939861081238 -0.4611246501102491
208.26825466021376 -1.5208942655833728
206.20711070961508 -1.8856879409161444
204.14596675901646 -1.3452258440421738
202.0848228084178 -0.26682703390888945
200.0236788578192 -1.9814352108607225
197.96253490722052 -0.9677108927921592
195.9013909566219 -1.1919704905683752
193.84024700602322 -0.8418582059274314
191.77910305542457 -0.4142345903677868
189.71795910482595 -1.7969157771753985
187.6568151542273 -2.176035388535557
185.59567120362865 -1.4110843887366729
183.53452725303 -1.3425802001850224
181.4733833024314 -0.8145933525846623
179.41223935183274 -1.3186711625407541
177.35109540123412 -1.2223147342815428
175.28995145063544 -1.6229495683902475
173.22880750003682 -1.94897796914476
171.16766354943817 -1.5048152555274712
169.10651959883955 -0.8838533700828276
167.0453756482409 -2.2690690391607697
164.98423169764226 -0.9684757085235153
162.9230877470436 -1.3051080981710517
160.861943796445 -2.166694129169746
158.80079984584634 -3.098149279640982
156.7396558952477 -2.5622908184074644
154.67851194464905 -0.8760166400066449
152.6173679940504 -2.773005002960645
150.55622404345178 -2.3203463001102445
148.49508009285313 -0.11405810946513596
146.43393614225448 -0.9442428965405433
144.37279219165583 -1.5210081023826447
142.3116482410572 -2.188839320695168
140.25050429045857 -1.5157417416335226
138.18936033985995 -3.3832420223859225
136.12821638926127 -3.6313927103278023
134.06707243866265 -2.3016061544000657
132.005928488064 -2.158211432563374
129.94478453746535 -1.9590858944818916
127.88364058686672 -2.485225927083368
125.82249663626808 -3.600739312692736
123.76135268566944 -2.5189027104586166
121.7002087350708 -1.9449689238014634
119.63906478447215 -0.7927174721675043
117.57792083387352 -0.8070512474289753
115.51677688327487 -0.9836405656746643
113.45563293267624 1.0314611783624061
111.3944889820776 2.588183751604899
109.33334503147896 6.594566582656981
107.27220108088032 9.110663092072553
105.21105713028167 11.143228048776864
103.14991317968304 13.056668564064324
101.08876922908439 16.160066677208775
99.02762527848576 16.897181612666245
96.96648132788712 18.3022039834275
94.90533737728846 22.243703066706193
92.84419342668983 26.326776415515933
90.78304947609118 27.007147008361564
88.72190552549255 28.862133820286886
86.66076157489391 29.916151618205376
84.59961762429526 32.29544175436736
82.53847367369663 32.46125798174192
80.47732972309798 34.50781655225782
78.41618577249935 35.32122158405005
76.3550418219007 32.69310882793068
74.29389787130206 33.026001698479014
72.23275392070343 28.841053777706296
70.17160997010478 30.080301092036194
68.11046601950615 29.635621226350974
66.0493220689075 29.194415279588124
63.98817811830886 30.861248176690033
61.92703416771022 35.61566443392985
59.86589021711158 40.768099199262174
57.804746266512936 41.6104148958417
55.743602315914295 44.56776844944099
53.682458365315654 48.21574951491476
51.62131441471702 47.521319445701444
49.56017046411838 50.59442213562321
47.499026513519745 48.614666719925765
45.4378825629211 47.01179510491961
43.376738612322455 50.950171407968895
41.315594661723814 52.584954133974925
39.25445071112517 54.19727043586319
37.19330676052653 53.00124871315095
35.13216280992789 54.90464538669538
33.07101885932926 55.367709663306194
31.009874908730612 57.28160637813321
28.94873095813197 58.50900159073017
26.88758700753333 61.56342163789325
24.82644305693469 62.43036423684332
22.765299106336048 59.85060376305783
20.704155155737404 59.968736208756795
18.643011205138766 61.98627231306361
16.581867254540125 64.58720097640023
14.520723303941482 69.54387762075976
12.459579353342843 72.39936149984997
10.398435402744202 71.06639393221666
8.33729145214556 66.77761111950521
6.27614750154692 61.595108389561815
4.215003550948279 59.116732144970086
2.153859600349639 54.03968470333909
0.09271564975099814 42.446396035755946
-1.9684283008476426 25.927562994421834
-4.029572251446284 15.387771867959733
-6.090716202044924 9.688141024980611
-8.151860152643565 8.609029795646732
-10.213004103242206 8.374678748849679
-12.274148053840847 6.47339701728039
-14.335292004439488 8.407305566112516
-16.39643595503813 8.445705359736268
-18.45757990563677 12.936143722191728
-20.51872385623541 12.804279781504329
-22.57986780683405 12.70006041410536
-24.64101175743269 14.721777817416351
-26.70215570803133 13.327367555218375
-28.763299658629972 16.76166742884251
-30.82444360922861 18.881786908319647
-32.88558755982726 18.27834214283679
-34.94673151042589 19.624772831179662
-37.00787546102453 19.478801420128015
-39.069019411623174 16.075645555657513
-41.130163362221815 17.06351837346497
-43.191307312820456 15.324179319761308
-45.2524512634191 13.490854547804837
-47.31359521401774 15.53069110033353
-49.37473916461637 14.845004986009654
-51.43588311521503 13.473245054819795
-53.49702706581367 12.274375006506467
-55.55817101641231 9.285025911637343
-57.61931496701095 5.773381582828433
-59.680458917609585 4.074432191346989
-61.741602868208226 1.0867416434391468
-63.80274681880687 -0.21594448533757768
-65.86389076940551 -1.5219952022532708
-67.92503472000415 -1.837034449313185
-69.9861786706028 -4.432659317804196
-72.04732262120143 -3.679802920183889
-74.10846657180008 -3.517481334468203
-76.16961052239871 -3.635726192185552
-78.23075447299736 -4.806823492051706
-80.291898423596 -4.970851472745238
-82.35304237419463 -4.347497257556214
-84.41418632479328 -5.022073191405426
-86.47533027539191 -5.6740346417137015
-88.53647422599056 -6.526128477949788
-90.5976181765892 -4.542514906007146
-92.65876212718784 -4.083780477181591
-94.71990607778648 -5.68630931512271
-96.78105002838511 -5.299050098413345
-98.84219397898377 -4.581560798764447
-100.9033379295824 -3.2247646454302297
-102.96448188018105 -6.565714512636918
-105.02562583077969 -5.43237545721131
-107.08676978137832 -5.098261765942234
-109.14791373197697 -5.103114657691016
-111.2090576825756 -5.53658363971228
-113.27020163317425 -5.582400713565296
-115.33134558377289 -3.942389099848892
-117.39248953437153 -5.836137057885785
-119.45363348497017 -2.7982573772246524
-121.5147774355688 -3.9520347925731496
-123.57592138616745 -4.6656219837425565
-125.63706533676609 -2.9688113807736496
-127.69820928736473 -2.521008323214334
-129.75935323796338 -3.4136093430885888
-131.820497188562 -5.807938201278305
-133.88164113916068 -5.654008072070407
-135.9427850897593 -3.2978136441853927
-138.00392904035795 -4.5128771909221035
-140.06507299095657 -4.0432305150877825
-142.1262169415552 -6.435994116057179
-144.18736089215386 -5.060527656347156
-146.2485048427525 -2.831408770651606
-148.30964879335113 -4.311929232862481
-150.37079274394978 -4.514836141246963
-152.4319366945484 -4.420806966434705
-154.49308064514707 -4.269961944295733
-156.55422459574572 -3.763999400451975
-158.61536854634434 -4.995868160913809
-160.676512496943 -3.8547794136119427
-162.7376564475416 -4.368385670582729
-164.7988003981403 -4.309165277509078
-166.8599443487389 -3.663308621598279
-168.92108829933755 -4.454962619773328
-170.98223224993617 -4.133626158306302
-173.04337620053485 -5.351582302657965
-175.10452015113347 -4.010480695576485
-177.16566410173212 -3.1232276119896403
-179.22680805233074 -3.921204940384346
-181.2879520029294 -3.6694763536989323
-183.34909595352804 -3.485280699607853
-185.41023990412668 -3.889789284608475
-187.4713838547253 -3.4921069627096233
-189.53252780532395 -3.9656352218616506
-191.59367175592257 -3.586571303856208
-193.65481570652125 -2.9176721683964795
-195.7159596571199 -2.4396333883102694
-197.77710360771852 -3.360971012370859
-199.83824755831716 -4.568606568966208
-201.89939150891578 -3.8922594277276437
-203.96053545951443 -2.012822417562664
-206.02167941011305 -4.629971388903819
-208.0828233607117 -2.9478470345828662
-210.14396731131035 -0.12360123852458954
-212.205111261909 -2.4683475433202915
-214.26625521250762 -1.7368203807435438
-216.32739916310626 -0.7999031785357958
