# BEGINHEADER
# This file contains data from the SALSA 2m radio telescope.
# DATE=2024-03-27T10:30:0012
# GLON and GLAT given in degrees
# GLON=174.86152915397201
# GLAT=-0.2585390552559526
# DATA in two columns below. Col. 1 is velocity relative to LSR [km/s]. Col. 2 is uncalibrated antenna temperature [K].
# ENDHEADER
227.30349087879256 16.42158883931924
225.24234692819394 28.003583801568748
223.1812029775953 23.83750931573315
221.12005902699664 24.156037940714377
219.058915076398 20.377933336191603
216.99777112579937 15.780378761838907
214.93662717520073 16.212422686410907
212.87548322460208 19.68638780084496
210.81433927400343 21.386333908868664
208.7531953234048 12.157019057635141
206.69205137280616 1.2686014318766954
204.63090742220754 21.58951441011181
202.56976347160887 15.417669917574692
200.50861952101025 19.023568795947412
198.4474755704116 18.17805062252716
196.38633161981298 23.889780591731682
194.32518766921433 18.826948425397283
192.26404371861565 16.256063780074275
190.20289976801703 14.908969853730746
188.14175581741839 17.035560665603384
186.08061186681977 17.118745565970762
184.0194679162211 17.145398969651076
181.95832396562247 19.69432235071956
179.89718001502382 20.91625749127618
177.8360360644252 19.0132713643335
175.77489211382655 18.566349026258962
173.7137481632279 18.342064056547525
171.65260421262926 16.322872209027047
169.59146026203064 19.811723908224742
167.530316311432 19.305216678983953
165.46917236083337 20.405216903775365
163.4080284102347 19.03957279551946
161.34688445963607 18.89138494576486
159.28574050903742 18.447797358481523
157.2245965584388 15.419583550756734
155.16345260784016 16.85071793741998
153.10230865724148 19.973283274285656
151.04116470664286 21.72776351057886
148.9800207560442 20.45714626219318
146.9188768054456 18.211208289362997
144.85773285484692 17.076689203665353
142.7965889042483 18.520232715233767
140.73544495364965 18.574106432585832
138.67430100305103 19.097697544641566
136.61315705245238 18.690624006078906
134.55201310185373 19.87942060974795
132.49086915125508 19.082876912423316
130.42972520065646 17.775153893564564
128.36858125005782 16.444181096823193
126.30743729945917 20.369740502724436
124.24629334886053 18.879230676478198
122.18514939826188 14.4694523041681
120.12400544766325 19.02394979159535
118.0628614970646 20.49277323621355
116.00171754646597 19.52867883085317
113.94057359586732 18.54785143206588
111.87942964526869 20.983698611354967
109.81828569467005 20.658629483683416
107.7571417440714 20.927732011896953
105.69599779347277 20.494735112260244
103.63485384287412 20.986306371456376
101.57370989227549 19.169639642510898
99.51256594167685 17.896468502780948
97.4514219910782 18.92813891842904
95.39027804047957 21.531818475259296
93.32913408988091 19.713007304332443
91.26799013928228 19.165709276848485
89.20684618868363 22.45570121044145
87.145702238085 21.23173880829012
85.08455828748636 19.821775418626796
83.02341433688771 21.06547830875766
80.96227038628908 23.667435143720787
78.90112643569043 21.290637422062456
76.8399824850918 22.907020099044395
74.77883853449315 22.331829711705094
72.71769458389451 23.383325119237465
70.65655063329588 22.432812053130945
68.59540668269723 22.649341512594358
66.5342627320986 23.978217164204008
64.47311878149995 24.859820760837252
62.41197483090131 22.5684867116365
60.35083088030267 22.88514930526739
58.289686929704025 23.422790769204127
56.228542979105384 21.759296021155652
54.16739902850674 23.71812350209429
52.1062550779081 22.565333904934658
50.04511112730947 25.289628710751355
47.98396717671083 31.138384148243716
45.92282322611218 32.204006777099046
43.86167927551354 28.713008161252564
41.8005353249149 28.190263309244564
39.739391374316256 25.46796617783164
37.67824742371762 24.41787623373493
35.61710347311898 22.60032937042845
33.55595952252034 25.335225166715347
31.494815571921695 16.64017990236996
29.433671621323054 14.559605983208435
27.372527670724413 29.890284315084205
25.311383720125775 25.103162550838398
23.250239769527134 27.827650585300887
21.18909581892849 24.6453915807113
19.127951868329852 20.84690764759481
17.06680791773121 27.95021842984648
15.00566396713257 25.91652969701325
12.944520016533929 27.505072637212713
10.88337606593529 38.685630052185445
8.822232115336647 32.43639093931688
6.761088164738006 30.986176192445733
4.699944214139367 32.57196762224774
2.6388002635407255 35.580599710505496
0.5776563129420847 37.24390178508635
-1.483487637656556 35.29687387282695
-3.544631588255197 40.22258819696489
-5.6057755388538375 38.85570071693338
-7.6669194894524795 35.16010415221282
-9.72806344005112 33.210178330103545
-11.78920739064976 35.0449247641573
-13.850351341248402 35.005584332425734
-15.911495291847041 34.659233659713195
-17.972639242445684 36.900199012916204
-20.033783193044325 41.631362979675416
-22.094927143642963 38.450226084840565
-24.156071094241604 36.65599838393185
-26.21721504484025 31.804964088799967
-28.278358995438886 29.9554750231792
-30.339502946037527 24.996850017523993
-32.40064689663617 25.454944977237005
-34.46179084723481 33.51641027842043
-36.52293479783345 31.58327512309107
-38.58407874843209 30.84481467500179
-40.64522269903073 29.524990962194593
-42.70636664962937 34.44694558942451
-44.767510600228015 31.51281428625074
-46.82865455082665 34.10045439638848
-48.88979850142529 39.266310243931095
-50.95094245202394 34.56821297406013
-53.01208640262258 32.44137953945637
-55.07323035322122 30.189080230944143
-57.13437430381986 31.166220372779623
-59.195518254418495 31.398836723553007
-61.256662205017136 31.215777371019808
-63.31780615561578 30.118486122531486
-65.37895010621442 33.275566915245555
-67.44009405681307 36.68367819751453
-69.5012380074117 31.370152689765575
-71.56238195801035 31.735592514212172
-73.62352590860898 32.67415866863541
-75.68466985920763 34.239475345210124
-77.74581380980626 31.478960652327878
-79.80695776040491 30.669439732624728
-81.86810171100355 36.25022871024857
-83.92924566160218 31.963511820804726
-85.99038961220083 32.06424913218961
-88.05153356279946 31.824172963442035
-90.11267751339811 33.083854161872964
-92.17382146399675 29.924990192365645
-94.23496541459538 30.944669412220744
-96.29610936519403 34.84693029329517
-98.35725331579266 31.888724428762277
-100.41839726639132 33.38984378178872
-102.47954121698996 33.247573952108745
-104.5406851675886 33.73630519569986
-106.60182911818724 33.989419134611616
-108.66297306878587 31.99183939985201
-110.72411701938452 34.72879633822141
-112.78526096998316 46.118422954633765
-114.8464049205818 34.754954270330906
-116.90754887118044 32.079356964901706
-118.96869282177909 31.651236414843794
-121.02983677237772 32.70442817482128
-123.09098072297635 32.11354326471345
-125.152124673575 30.967565068061198
-127.21326862417364 35.294484998442776
-129.2744125747723 32.46578712189878
-131.33555652537092 33.42896900506782
-133.39670047596957 31.106429233706486
-135.4578444265682 32.19306143009252
-137.51898837716686 31.295139856099638
-139.58013232776548 31.517938950811743
-141.64127627836413 33.02541145061186
-143.70242022896275 39.03265106749891
-145.76356417956143 33.14004111733994
-147.82470813016005 32.37714986180425
-149.8858520807587 32.272838489460106
-151.94699603135732 34.37004372607695
-154.00813998195596 29.929915582836745
-156.06928393255464 29.551480342741108
-158.13042788315326 34.29238066481215
-160.1915718337519 35.034614798035264
-162.25271578435053 30.5483452155637
-164.31385973494918 34.35504383605195
-166.37500368554782 30.227947935135365
-168.43614763614647 24.218256296647763
-170.4972915867451 33.32391386836563
-172.55843553734374 32.374766005915056
-174.6195794879424 35.417416114147215
-176.68072343854104 31.124003917534033
-178.74186738913966 34.93340966251443
-180.8030113397383 31.06886583749867
-182.86415529033692 30.591043435441215
-184.9252992409356 27.306374907196105
-186.98644319153422 28.62472801844327
-189.04758714213287 34.73174779488205
-191.1087310927315 32.56012774434627
-193.16987504333014 31.866526995830032
-195.2310189939288 34.19188204074393
-197.29216294452743 31.75506610068659
-199.35330689512608 33.58561550435512
-201.4144508457247 33.16135787965239
-203.47559479632338 33.540426962619776
-205.536738746922 34.0448928996744
-207.59788269752065 30.530016705221684
-209.65902664811927 33.47139799150563
-211.7201705987179 31.4384228334264
-213.78131454931656 33.670593256099814
-215.8424584999152 25.9207458348882
-217.90360245051383 27.190094271435008
-219.96474640111248 33.192203714912154
-222.0258903517111 30.742502769757188
-224.08703430230977 32.15034598814104
-226.1481782529084 29.393524835639287
-228.20932220350704 29.169811111353717
-230.27046615410566 29.802102871549266
-232.3316101047043 30.70106200533269
-234.392754055303 29.03109402479015
-236.4538980059016 32.524894977610316
-238.51504195650026 29.817627007747536
-240.57618590709887 31.31763149363105
-242.63732985769755 33.27498478393994
-244.69847380829617 34.201923351998786
-246.75961775889482 28.38343004287212
-248.82076170949344 28.28931911781645
-250.8819056600921 32.205106774313386
-252.94304961069074 31.253081158508977
-255.00419356128938 30.965720552695508
-257.065337511888 30.797006038755633
-259.12648146248665 33.93054151285794
-261.1876254130853 20.96481478768354
-263.24876936368395 28.72848255536409
-265.30991331428254 31.261634067616775
-267.3710572648812 32.51796886641397
-269.4322012154799 31.695068930589027
-271.4933451660785 30.45555166951468
-273.55448911667713 30.342986743240242
-275.6156330672758 29.145586824541372
-277.67677701787443 28.570556839728617
-279.7379209684731 27.474607724796698
-281.79906491907167 33.09824702661167
-283.8602088696704 34.00932859549192
-285.921352820269 31.23901464134256
-287.9824967708676 32.221846490271425
-290.04364072146626 29.233485166824156
-292.1047846720649 25.664128164906707
-294.16592862266356 27.558703868488422
-296.2270725732622 22.974826577864736
-298.2882165238608 30.061999726750656
