# BEGINHEADER
# This file contains data from the SALSA 2m radio telescope.
# DATE=2024-04-09T14:45:0058
# GLON and GLAT given in degrees
# GLON=184.85217225846563
# GLAT=-0.2924948697646706
# DATA in two columns below. Col. 1 is velocity relative to LSR [km/s]. Col. 2 is uncalibrated antenna temperature [K].
# ENDHEADER
225.4423492205693 -0.40637380016615177
223.38120526997068 -2.1771783639964193
221.32006131937203 -3.490476575839269
219.2589173687734 -0.9604130092657034
217.19777341817473 -2.0811339665942565
215.1366294675761 -2.680642280399422
213.07548551697747 -0.6643140514356518
211.01434156637885 -0.8538303410446837
208.9531976157802 -1.9174836432840345
206.89205366518155 -1.3336640888649638
204.8309097145829 0.4609964592266833
202.76976576398428 -2.8335472664818058
200.70862181338563 -2.307528603089032
198.647477862787 -1.4252170132394133
196.58633391218837 -1.5312242989910112
194.52518996158972 -0.6097072662085946
192.4640460109911 -1.9658176116401576
190.40290206039242 -2.314657330182221
188.3417581097938 -2.0877739579974377
186.28061415919515 0.4444823682201064
184.21947020859653 -1.0056492958062848
182.15832625799789 -2.9144323644978125
180.09718230739924 -0.7652091150410608
178.0360383568006 -0.13297138485731325
175.97489440620197 0.7355814123266032
173.91375045560332 -1.7391852452702135
171.8526065050047 -0.6393290628692267
169.79146255440602 -1.881480498303981
167.7303186038074 -0.34807747156232927
165.66917465320876 -0.3058857200899755
163.60803070261014 -2.062250670829164
161.54688675201146 0.16730773936131882
159.48574280141284 -2.4990213842067783
157.4245988508142 -0.38092666385082347
155.36345490021554 -1.7303757452921937
153.30231094961692 -0.9025268766882046
151.24116699901825 -1.9178184954028386
149.18002304841963 -0.541384765387061
147.11887909782098 -1.19886263318687
145.05773514722236 -1.8069802768809313
142.9965911966237 -1.7608173728360346
140.93544724602506 -2.609546377958232
138.87430329542642 -0.8269367408510825
136.8131593448278 -0.3651817579448714
134.75201539422915 -0.38131386614369234
132.69087144363053 -0.7244418414483832
130.62972749303188 -0.25081936057558624
128.56858354243323 0.9911549135080773
126.50743959183458 -1.1618797829593743
124.44629564123593 -2.195752480807829
122.3851516906373 -2.4226814561237675
120.32400774003865 -0.3618467502061515
118.26286378944002 -2.297883968935698
116.20171983884138 -2.1440905135415256
114.14057588824274 -1.7634867360794046
112.0794319376441 -2.653569226639279
110.01828798704545 -1.1726600007175478
107.95714403644682 0.055603409337454175
105.89600008584819 -0.6277162894676368
103.83485613524954 -0.8375773184399838
101.7737121846509 -0.9028323688388116
99.71256823405226 -1.6637190672575801
97.6514242834536 -0.3050408161189911
95.59028033285496 -0.1982403588345086
93.52913638225631 -1.0643138123148066
91.46799243165768 -0.9868139364992012
89.40684848105903 -1.426037083724046
87.3457045304604 -1.136749218845941
85.28456057986175 -1.348145413295976
83.22341662926311 -1.4661511149923094
81.16227267866448 -1.700515804954364
79.10112872806583 -0.6596123030812594
77.0399847774672 0.39769393998905955
74.97884082686855 -0.6133773871452027
72.91769687626991 -0.5608113116873291
70.85655292567128 -1.67758232506627
68.79540897507263 -2.0170500512563123
66.734265024474 0.18642222895733263
64.67312107387535 -1.06698290965232
62.61197712327671 -1.395867039944137
60.55083317267807 -0.4816839333632493
58.48968922207943 -0.7471735265852144
56.428545271480786 -1.6878664262607328
54.367401320882145 0.5270521252389034
52.306257370283504 -0.5564633050785985
50.24511341968486 -1.4885796818347412
48.18396946908622 -1.796906930738297
46.12282551848758 0.9996515184347149
44.06168156788894 -0.008505580659917245
42.0005376172903 1.0788145809436236
39.93939366669166 -0.6190076873143187
37.878249716093016 0.2664767869616814
35.81710576549438 -0.5018180671127477
33.75596181489574 -0.05328334207016892
31.694817864297097 0.6480883672841385
29.633673913698455 2.6887996034700365
27.572529963099814 4.501551468931847
25.511386012501173 6.450441688467419
23.450242061902536 9.738529924191537
21.389098111303895 15.623179479882818
19.327954160705254 22.125761790465603
17.266810210106616 35.557925693910235
15.205666259507973 54.71140006836373
13.14452230890933 69.98012700433769
11.08337835831069 89.86790493014111
9.022234407712048 111.1845152865337
6.961090457113408 126.70240181248141
4.899946506514768 135.66117060994145
2.8388025559161267 137.08938547054626
0.777658605317486 129.03861901106762
-1.283485345281155 120.00385027457045
-3.3446292958797956 106.31613229285861
-5.405773246478436 83.6467302853279
-7.466917197077078 60.04960656599072
-9.528061147675718 43.614128303042435
-11.589205098274359 29.495023147710558
-13.650349048872998 21.691560907316564
-15.71149299947164 15.892400907386678
-17.77263695007028 11.461532961284586
-19.83378090066892 8.807820327214976
-21.89492485126756 6.25509440840788
-23.956068801866202 6.5012617087484275
-26.017212752464847 4.923391087126874
-28.078356703063488 4.558255563323267
-30.139500653662125 3.090297300084971
-32.200644604260766 3.2236221520085016
-34.26178855485941 1.423311526143756
-36.32293250545805 1.7913749575443287
-38.38407645605669 0.9556975858913176
-40.44522040665533 0.6492204709483059
-42.50636435725397 -0.09430250294381146
-44.56750830785261 0.39319589397940735
-46.628652258451254 0.023680620819030516
-48.689796209049895 -0.47180737108325677
-50.750940159648536 -0.2197937538695765
-52.81208411024718 0.5257189275904552
-54.87322806084582 -0.5622669340568458
-56.93437201144446 -0.9923817713687939
-58.9955159620431 0.011542343582887592
-61.056659912641734 -0.9519433619025403
-63.117803863240376 -1.2056976723756645
-65.17894781383902 -0.059735330926929855
-67.24009176443766 -0.6937594910889173
-69.3012357150363 -0.45176981690663404
-71.36237966563495 -1.5744037931270587
-73.42352361623358 -0.55392087545219
-75.48466756683223 -0.6009683821306688
-77.54581151743086 -0.7751839377191756
-79.60695546802951 -1.0164567350627074
-81.66809941862815 -0.8085833298900313
-83.72924336922678 -1.3325350464493877
-85.79038731982543 -2.183152608107534
-87.85153127042406 -0.7118507291191755
-89.91267522102271 -1.2619667893436586
-91.97381917162134 -0.811418487800554
-94.03496312221999 -1.9477238094311842
-96.09610707281864 -2.2388519502749777
-98.15725102341727 -0.15880955031860486
-100.21839497401591 -1.8178118377014736
-102.27953892461454 -2.6566284818032737
-104.34068287521319 -2.85815241179336
-106.40182682581182 -3.1532121350850684
-108.46297077641047 -1.005974720717341
-110.5241147270091 -1.5760251169515955
-112.58525867760775 -2.8411744401104047
-114.64640262820639 -1.990247421119364
-116.70754657880502 -4.76662712199902
-118.76869052940367 -3.7186892116167805
-120.8298344800023 -3.5486283670255787
-122.89097843060095 -0.942210377359954
-124.95212238119959 -1.3221737747495819
-127.01326633179823 -2.1395279159688876
-129.07441028239688 -2.641278784427032
-131.13555423299553 -2.6549204332380136
-133.19669818359415 -3.1056067840116297
-135.2578421341928 -1.026014875373803
-137.31898608479142 -1.8612753537650781
-139.3801300353901 -2.4827560495181618
-141.44127398598872 -0.8607721196961939
-143.50241793658736 -2.7234800616358594
-145.56356188718598 -2.074156541393372
-147.62470583778463 -2.69034073440563
-149.68584978838328 -2.5989698656875837
-151.74699373898193 -2.884608408664976
-153.80813768958058 -2.8449351845371535
-155.8692816401792 -1.3751406375990736
-157.93042559077784 -3.7612303050364435
-159.9915695413765 -1.5444613469883488
-162.05271349197514 -3.2398659619904606
-164.11385744257376 -2.8152816752780163
-166.1750013931724 -1.7929872444603363
-168.23614534377106 -2.2888613719495043
-170.2972892943697 -2.8785108566685285
-172.35843324496832 -1.1538367115083066
-174.41957719556697 -0.724481207189607
-176.4807211461656 -3.339092855972349
-178.54186509676427 -1.9892013941152644
-180.6030090473629 -1.2980397336059486
-182.66415299796154 -2.003286409511487
-184.72529694856016 -2.5060677003620366
-186.7864408991588 -2.211300185740136
-188.84758484975745 -1.5256584622998344
-190.9087288003561 -2.1083430226379356
-192.96987275095475 -2.610049870150162
-195.03101670155337 -1.6654401152229819
-197.09216065215205 -2.1991134759442366
-199.15330460275067 -4.400108369249927
-201.21444855334934 -1.5152905595547574
-203.27559250394796 -2.209213602262304
-205.3367364545466 -3.6796216520382643
-207.39788040514523 -1.3807756735679315
-209.4590243557439 -2.690817420273599
-211.52016830634253 -1.7425210256887114
-213.58131225694117 -2.2849132169888358
-215.6424562075398 -2.8519460804251553
-217.70360015813844 -1.2660094324650673
-219.7647441087371 -4.131458950428362
-221.82588805933574 -0.8459433856726479
-223.88703200993436 -2.6709642461798837
-225.948175960533 -3.1318577018880247
-228.00931991113163 -2.595542741206447
-230.0704638617303 -3.1054459780534147
-232.13160781232895 -2.4722056666402437
-234.19275176292757 -3.395879703646422
-236.25389571352622 -1.9975999182751316
-238.31503966412487 -0.28463357002482387
-240.37618361472352 -2.3823560862777193
-242.43732756532214 -1.6897964744927383
-244.49847151592078 -2.810186912839995
-246.5596154665194 -3.467183825280578
-248.62075941711808 -1.8706508655434013
-250.6819033677167 -2.5895406376853303
-252.74304731831535 -2.5850808710247715
-254.80419126891397 -0.6470756033029937
-256.8653352195126 -0.07443352979823113
-258.9264791701113 -1.4026889527552446
-260.9876231207099 -2.366776213092224
-263.0487670713086 -1.2697360509833548
-265.1099110219072 -0.7874501251666023
-267.17105497250583 -1.390959022056
-269.2321989231044 -1.57043664267689
-271.2933428737031 -1.053331386427136
-273.3544868243018 -2.002729467363361
-275.41563077490036 -2.3532633147307247
-277.47677472549907 -1.5919611594884029
-279.53791867609766 -2.4210964086909423
-281.5990626266963 -2.447930385781704
-283.66020657729496 -1.4425654838406528
-285.7213505278936 -0.8901340507802236
-287.78249447849225 -3.012095505114925
-289.84363842909084 -2.7154457753565473
-291.9047823796895 -2.2935862858057816
-293.9659263302882 -0.5886755849054717
-296.0270702808868 -1.4433338237412883
-298.08821423148544 -2.207056301126943
-300.14935818208403 -0.5669522253452628
