# BEGINHEADER
# This file contains data from the SALSA 2m radio telescope.
# DATE=2024-04-12T06:38:0024
# GLON and GLAT given in degrees
# GLON=86.85011922819089
# GLAT=0.06513814496491849
# DATA in two columns below. Col. 1 is velocity relative to LSR [km/s]. Col. 2 is uncalibrated antenna temperature [K].
# ENDHEADER
290.97328606161875 -1.440035522519199
288.91214211102016 -0.027644394062384784
286.8509981604215 -1.3528580095397886
284.78985420982286 -1.7202081618958451
282.7287102592242 -0.7583318392740358
280.66756630862557 -2.0842788458686656
278.606422358027 -1.0525379167429523
276.5452784074283 -1.875759593779844
274.4841344568296 -2.007401819536772
272.42299050623103 0.014427405079355493
270.3618465556324 0.9852703684317464
268.30070260503373 -0.9563381205426442
266.2395586544351 -1.800440557141829
264.17841470383644 -0.21740405600132698
262.1172707532378 -0.6055420149658534
260.05612680263914 -3.2273034516363692
257.99498285204055 -1.9056091263440955
255.9338389014419 -2.013801328623895
253.87269495084323 -0.5628209128275073
251.8115510002446 -1.2713575034022964
249.75040704964596 0.5314836607403537
247.68926309904734 0.43408880654044923
245.6281191484487 -3.0614788513868767
243.56697519785004 0.6654866998816221
241.5058312472514 -0.3560084912202861
239.44468729665277 -0.9271656612928977
237.38354334605413 -0.5962749779307301
235.3223993954555 -1.1527593362147215
233.26125544485683 -0.07386341546426853
231.2001114942582 -1.27742943596028
229.13896754365956 -1.2965558196196276
227.07782359306094 -0.17168874871231815
225.01667964246226 -1.9336836929178214
222.95553569186362 0.22592633961746109
220.894391741265 -0.7853802202529264
218.83324779066635 -1.9048251022026665
216.77210384006773 -1.7409136309023794
214.71095988946905 -2.2751771582412115
212.64981593887043 0.14167779084606302
210.58867198827178 -0.390470708653239
208.52752803767316 -1.6048063936069732
206.46638408707452 -0.33064972342381255
204.40524013647587 -0.6483459647618692
202.34409618587722 -0.006404941745347478
200.2829522352786 -1.0237864467751323
198.22180828467995 -1.8140397571630373
196.16066433408133 -1.3925302455291426
194.09952038348268 -0.6312428364478715
192.03837643288406 -1.3584357085878922
189.97723248228542 -2.191137065127228
187.91608853168677 -1.1522741145347577
185.85494458108812 -1.5009185236641789
183.79380063048947 -1.490157576664342
181.73265667989085 -1.0904473797171101
179.6715127292922 -2.720223580310131
177.61036877869356 -2.9102179702699806
175.5492248280949 -0.8342544921454426
173.4880808774963 -2.0639459332045633
171.42693692689764 -1.0344645556752516
169.365792976299 -0.7016415749520204
167.30464902570034 -1.3588112825037386
165.24350507510172 0.9512139741554679
163.18236112450307 -1.109463758391324
161.12121717390445 -3.0159943468083497
159.06007322330578 -0.02376595513572966
156.99892927270716 -1.0692125011635254
154.9377853221085 0.051841119640644154
152.8766413715099 -1.7302396188161977
150.81549742091124 -2.1050593011865963
148.7543534703126 -0.32809888374634566
146.69320951971395 -1.1658012433272429
144.6320655691153 -1.1269851451956925
142.57092161851668 0.062339285169193216
140.50977766791803 -2.458743810338683
138.44863371731938 -3.078539461598891
136.38748976672073 -3.0175783047612255
134.3263458161221 -2.6848343464768636
132.26520186552347 -1.8987016474670269
130.20405791492482 -2.587389415929912
128.14291396432617 -3.2868594492210237
126.08177001372754 -1.9371326698609277
124.0206260631289 -2.581941088087192
121.95948211253025 -1.786065865032846
119.89833816193162 -2.7058336592066285
117.83719421133297 -4.08399051488617
115.77605026073434 -1.993326957528016
113.71490631013569 -2.9948761053109467
111.65376235953705 -1.874705906326405
109.59261840893842 -2.265480231318929
107.53147445833977 -3.3176684114349
105.47033050774114 -2.6711950665051893
103.40918655714249 -2.221735382798615
101.34804260654386 -1.9762821524250602
99.28689865594522 -2.016413104914679
97.22575470534656 -3.2141014610877385
95.16461075474793 -2.6150177020626955
93.10346680414928 -2.6145657660737083
91.04232285355064 -3.049805528515674
88.981178902952 -2.2160494398807917
86.92003495235335 -3.7335084077073675
84.85889100175471 -2.8906345172055796
82.79774705115607 -3.6546533533029835
80.73660310055743 -3.5587300523327925
78.67545914995878 -1.0351785853050648
76.61431519936015 -2.2997429255370405
74.55317124876152 -2.892263691288774
72.49202729816287 -2.16196856946308
70.43088334756423 -2.5771103128873705
68.36973939696558 -3.859283594998496
66.30859544636695 -1.8262307867259209
64.2474514957683 -2.584162105765359
62.18630754516967 -3.384238902972119
60.12516359457102 -2.0194653539875835
58.06401964397238 -4.915255815413191
56.002875693373745 -5.127029153451822
53.941731742775104 -2.0324847533137724
51.88058779217646 -3.3471052089175486
49.81944384157782 -3.4425279543426037
47.75829989097919 -2.9844108776070253
45.69715594038055 -1.7863388983295212
43.636011989781906 -2.6449942606191144
41.57486803918326 -0.9438104354002069
39.513724088584624 -1.94091311439268
37.45258013798598 -3.4490949698962847
35.39143618738734 -1.6456609778493625
33.3302922367887 -2.145608790887231
31.26914828619006 -2.1601080807381763
29.208004335591422 -1.9934655780720671
27.146860384992777 -1.2112857627105762
25.085716434394136 -1.0830603285753648
23.024572483795495 1.3592757051545532
20.963428533196854 1.8368234116407733
18.902284582598213 5.045526092595693
16.841140631999572 8.494186730883722
14.779996681400931 18.330924241031866
12.718852730802292 30.563534544316948
10.65770878020365 50.665511094438514
8.59656482960501 67.72098001757132
6.535420879006368 77.76107495594752
4.474276928407728 84.86307930234095
2.413132977809087 83.05218626592459
0.3519890272104464 77.73383984950192
-1.7091549233881944 70.70965754975143
-3.770298873986835 68.21473624224431
-5.8314428245854755 65.31418885957525
-7.892586775184117 64.36740889158634
-9.953730725782759 60.80931974389674
-12.014874676381398 58.09333644525858
-14.07601862698004 57.38330164297544
-16.137162577578682 53.700312706560986
-18.19830652817732 50.04490313802403
-20.25945047877596 46.13879284035216
-22.320594429374605 39.15121239615376
-24.381738379973243 32.709716160256015
-26.44288233057188 28.670441223759216
-28.50402628117052 26.676670209625204
-30.565170231769162 27.976158776666555
-32.6263141823678 29.139175973591342
-34.68745813296644 31.156435969343313
-36.74860208356509 33.11783095837018
-38.80974603416373 38.209206113146834
-40.87088998476237 41.98277999520593
-42.932033935361005 44.28859246732408
-44.993177885959646 45.37270209201363
-47.05432183655829 43.55682552943113
-49.11546578715693 40.87101315132862
-51.17660973775558 39.23853968575507
-53.23775368835421 36.73682135103439
-55.29889763895286 30.368852316642187
-57.3600415895515 29.99978976128133
-59.42118554015014 27.822492190542487
-61.48232949074878 23.685690918256373
-63.54347344134742 26.307180040168582
-65.60461739194606 30.438347702139154
-67.66576134254471 33.802403063904194
-69.72690529314335 37.35972834887379
-71.788049243742 41.04705928344622
-73.84919319434063 43.31173092035889
-75.91033714493926 42.774258441592806
-77.97148109553791 42.936209995413016
-80.03262504613654 37.37725882451523
-82.0937689967352 35.08124487447492
-84.15491294733383 32.277614294809425
-86.21605689793248 26.263681435980743
-88.27720084853111 23.91362565178802
-90.33834479912974 23.76682312586354
-92.39948874972839 22.45578895922418
-94.46063270032703 18.989658864986705
-96.52177665092567 16.03652260832535
-98.58292060152431 11.33226667387839
-100.64406455212294 10.265120264225706
-102.70520850272158 8.390203170266078
-104.76635245332024 5.6720711964214034
-106.82749640391887 4.924534260836069
-108.8886403545175 3.351290017470514
-110.94978430511615 4.989204215851529
-113.01092825571479 2.2027391144500075
-115.07207220631344 -0.8577670560752907
-117.13321615691207 -0.5979764560908911
-119.19436010751072 -1.6613071884681327
-121.25550405810935 -1.2438496017527145
-123.31664800870799 -1.3571771206562544
-125.37779195930663 -0.6377769073238798
-127.43893590990527 -0.0005015217375599599
-129.50007986050392 -3.651246256115835
-131.56122381110256 -3.0710125933837356
-133.6223677617012 -1.6196183168392648
-135.68351171229983 -1.1277779306163196
-137.74465566289848 -2.7343269629751106
-139.8057996134971 -2.5907336823462366
-141.86694356409578 -2.1956339344248175
-143.9280875146944 -3.8270320845379406
-145.98923146529305 -2.1010156194807723
-148.05037541589166 -3.0737109976954295
-150.1115193664903 -2.8473837219070943
-152.17266331708896 -2.695741667624709
-154.2338072676876 -2.311430176805143
-156.29495121828623 -3.329172241248532
-158.35609516888488 -2.1914686146760105
-160.41723911948353 -1.486528623761976
-162.47838307008217 -1.9745740511501852
-164.53952702068082 -2.3625546465441496
-166.60067097127944 -1.8009953096049816
-168.6618149218781 -2.6534601987536552
-170.72295887247674 -1.4294416291442495
-172.7841028230754 -1.8765268257767778
-174.845246773674 -1.631768837428505
-176.90639072427265 -1.0492641676863954
-178.96753467487127 -2.4254408554748244
-181.02867862546995 -4.070177131953567
-183.08982257606857 -1.3430906856059726
-185.15096652666722 -1.3976227781542778
-187.21211047726584 -2.7679462305918516
-189.27325442786452 -3.8011578821044174
-191.33439837846313 -2.3617414183525973
-193.39554232906178 -4.078768841340144
-195.4566862796604 -2.977647030618147
-197.51783023025905 -0.6950335083497868
-199.5789741808577 -1.1940775384888123
-201.64011813145638 -2.199354002833102
-203.70126208205502 -2.127167544373628
-205.76240603265364 -1.9246539247636327
-207.8235499832523 -1.3586870002471039
-209.8846939338509 -2.309103172861117
-211.9458378844496 -1.549823111634829
-214.0069818350482 -2.268803904324886
-216.06812578564686 -1.85520444964314
-218.12926973624548 -1.4225950797011693
-220.19041368684412 -2.928603102800682
-222.25155763744277 -2.8530092326047654
-224.31270158804142 -2.061824024088674
-226.37384553864004 -0.2147590065361449
-228.4349894892387 -0.740253989270313
-230.49613343983734 -2.1245336695831685
-232.55727739043598 -2.259995546431586
-234.6184213410346 -1.7177310629326672
