# BEGINHEADER
# This file contains data from the SALSA 2m radio telescope.
# DATE=2024-03-27T09:54:0030
# GLON and GLAT given in degrees
# GLON=99.78741706445909
# GLAT=-0.007548227481315864
# DATA in two columns below. Col. 1 is velocity relative to LSR [km/s]. Col. 2 is uncalibrated antenna temperature [K].
# ENDHEADER
278.25561210996153 20.676175412082607
276.1944681593628 34.06353765736754
274.13332420876424 29.095901821272168
272.0721802581656 28.998449348273294
270.01103630756694 25.189400942079562
267.9498923569683 18.78344598422613
265.88874840636964 21.309209607385764
263.82760445577105 22.577074807195128
261.7664605051724 25.90884038372516
259.70531655457376 15.233387497276656
257.6441726039751 0.7627018145147104
255.58302865337646 28.928698403058302
253.5218847027778 20.765019761936145
251.4607407521792 24.820677198556083
249.39959680158054 22.960643911276765
247.3384528509819 26.091542872996147
245.27730890038325 22.367582318901313
243.21616494978463 21.640934558652692
241.15502099918598 19.36025763520983
239.09387704858733 21.137416406967905
237.03273309798868 21.173184640101848
234.97158914739003 20.237892793426795
232.91044519679141 25.836800240763534
230.84930124619277 24.719240588390935
228.78815729559412 22.400637954610872
226.72701334499547 22.439172086070926
224.66586939439685 23.127514495535483
222.6047254437982 22.889251784127257
220.54358149319958 23.419310625781808
218.4824375426009 21.409275048355884
216.42129359200229 23.270097857588922
214.36014964140364 24.43642043542299
212.29900569080502 23.097547793948237
210.23786174020637 22.668597096425405
208.17671778960772 23.691602667790498
206.11557383900907 23.80041781911784
204.05442988841045 23.58688351889333
201.9932859378118 25.66960761621877
199.93214198721316 26.659863800587043
197.8709980366145 23.742105140103032
195.80985408601583 22.742054303826073
193.7487101354172 23.352849514358244
191.68756618481856 26.302410970240484
189.62642223421994 24.75736814299311
187.56527828362127 24.990519941454167
185.50413433302265 25.74073066576772
183.442990382424 25.082420131572476
181.38184643182538 25.62692065150961
179.32070248122673 25.02225833153388
177.25955853062808 25.899778260242606
175.19841458002944 25.85706507448215
173.13727062943082 22.70643809192775
171.07612667883217 25.552589953501673
169.01498272823355 25.93492872662895
166.95383877763487 25.76429404690409
164.89269482703622 26.620964826517643
162.8315508764376 25.78683979872409
160.77040692583896 26.784494240256596
158.7092629752403 26.77111102293848
156.64811902464166 27.287987803443368
154.58697507404304 28.136718706813593
152.5258311234444 28.07252366641368
150.46468717284577 25.935902902312243
148.4035432222471 27.92635883848016
146.34239927164847 29.525192129336652
144.28125532104983 25.77519570411429
142.2201113704512 25.704645135974868
140.15896741985256 28.936417596865464
138.0978234692539 26.79540320721112
136.03667951865526 28.386410421349623
133.97553556805664 30.460208885300712
131.914391617458 30.370836463353733
129.85324766685935 27.999749956447232
127.79210371626071 30.078463259471153
125.73095976566206 29.66951370640471
123.66981581506343 31.937843022383603
121.60867186446478 30.27691087864147
119.54752791386615 29.042396685596596
117.4863839632675 29.60145162797759
115.42524001266887 33.705681407450975
113.36409606207023 28.462999153988992
111.30295211147158 29.14127534078521
109.24180816087295 30.68448116369526
107.18066421027429 29.728282138746273
105.11952025967565 31.079925911295124
103.058376309077 29.569985818837505
100.99723235847837 32.04801260595092
98.93608840787974 45.21954721924857
96.87494445728109 48.33760458496991
94.81380050668245 37.79211966212822
92.7526565560838 35.30904417124205
90.69151260548517 34.284318496661065
88.63036865488654 34.173207115387086
86.56922470428789 29.372166056215455
84.50808075368926 30.47618609095477
82.44693680309061 22.307718152043932
80.38579285249197 17.79164896111974
78.32464890189333 37.79947593040288
76.26350495129469 32.96978780139025
74.20236100069606 37.35455667833499
72.14121705009741 32.47015473631335
70.08007309949878 31.81116707362403
68.01892914890011 33.42760329321187
65.95778519830148 30.786023054112786
63.896641247702846 34.25653605178792
61.835497297104205 40.693729733084915
59.77435334650556 35.871666786754886
57.713209395906915 36.29882625379778
55.652065445308274 35.339555080764754
53.59092149470964 36.07130277142845
51.529777544111 35.24839823034779
49.468633593512365 35.51121174050151
47.407489642913724 38.004157536830455
45.34634569231508 38.00050466439993
43.28520174171644 36.09630991479839
41.2240577911178 34.3374026526049
39.16291384051915 36.88350963070002
37.10176988992052 36.03983030395726
35.04062593932188 34.03887857584794
32.979481988723236 40.2916074297751
30.918338038124595 42.28088214364601
28.857194087525954 41.83354135937873
26.796050136927317 43.18594480080225
24.73490618632867 35.73449228799981
22.673762235730027 37.447865428909765
20.61261828513139 29.167496097504664
18.55147433453275 30.02539400908169
16.490330383934108 41.701583264245336
14.429186433335467 39.33898081706177
12.368042482736826 41.8723661678906
10.306898532138186 38.3018416351529
8.245754581539547 43.090942305147
6.184610630940904 41.35610334799452
4.123466680342263 47.19376661414625
2.062322729743623 57.145250086127035
0.001178779144982062 49.63232684772344
-2.0599651714536584 46.233739884399874
-4.1211091220522995 40.825384949668724
-6.182253072650941 44.53805162130553
-8.243397023249582 45.41412754045719
-10.304540973848221 45.074162540427835
-12.365684924446862 43.57883948879769
-14.426828875045505 48.83002549519454
-16.487972825644146 47.1908387439782
-18.549116776242787 43.07136387450289
-20.610260726841425 46.70826862933151
-22.671404677440066 44.5561727562902
-24.73254862803871 47.09251196172758
-26.793692578637348 42.196124534322834
-28.854836529235985 43.57262631041277
-30.915980479834626 48.79210031929131
-32.977124430433264 43.760529078954555
-35.038268381031905 47.029646169765115
-37.099412331630546 47.79317698089285
-39.160556282229194 45.35883317141269
-41.221700232827835 41.73742990864289
-43.28284418342648 43.50638095403684
-45.34398813402512 46.5847227900372
-47.40513208462375 46.36066448620755
-49.46627603522239 46.638116006158384
-51.52741998582104 47.26506362575654
-53.58856393641968 47.56773368640125
-55.64970788701832 48.33112973891199
-57.710851837616964 46.361503941397274
-59.771995788215605 51.16080222569765
-61.833139738814246 56.860622298688206
-63.89428368941289 46.45198523505127
-65.95542764001152 46.675465760339556
-68.01657159061017 45.68413035607255
-70.0777155412088 46.24772784183243
-72.13885949180745 43.506669692725836
-74.20000344240609 44.11263892784769
-76.26114739300473 44.89100531236004
-78.32229134360337 43.811963049876795
-80.383435294202 44.2363551533309
-82.44457924480065 43.49530166356974
-84.50572319539928 44.51227005000959
-86.56686714599795 47.570882223941325
-88.62801109659658 44.48084084496599
-90.68915504719523 43.46283521366684
-92.75029899779386 48.70971011070786
-94.8114429483925 46.09609664264767
-96.87258689899114 43.65766282238593
-98.93373084958978 44.74734265760415
-100.99487480018843 43.09357123233615
-103.05601875078706 37.99198225872637
-105.1171627013857 39.08725609369545
-107.17830665198434 45.55419997365754
-109.23945060258298 43.61158292344762
-111.30059455318163 41.3458416351721
-113.36173850378026 45.39776798839836
-115.42288245437891 38.36300822491255
-117.48402640497754 30.73751816372681
-119.54517035557618 43.62414672453969
-121.60631430617482 41.934602456154366
-123.66745825677346 47.248198929140486
-125.72860220737212 45.09826913613034
-127.78974615797075 45.71542873746105
-129.8508901085694 41.39440448092828
-131.91203405916804 42.90383927104021
-133.97317800976668 36.551873876569665
-136.0343219603653 39.36497459986162
-138.09546591096395 45.364686565220566
-140.15660986156257 43.440463612627326
-142.21775381216125 43.28657180414981
-144.2788977627599 44.025634790711074
-146.34004171335852 44.671566654727584
-148.40118566395716 42.833727499200336
-150.46232961455578 43.90253370212722
-152.52347356515446 44.29087327288356
-154.58461751575308 42.65696124267737
-156.64576146635173 41.24088728441493
-158.70690541695035 41.29985006528375
-160.768049367549 43.43135568381827
-162.82919331814765 45.18981389707272
-164.8903372687463 32.671100692773386
-166.9514812193449 35.71927463003737
-169.01262516994356 42.826008944910946
-171.0737691205422 40.194870745494136
-173.13491307114086 42.54655934408408
-175.19605702173948 40.53490057135575
-177.25720097233813 40.824553843726285
-179.31834492293675 41.420574295424295
-181.37948887353542 40.5035375933103
-183.44063282413407 41.39951665195669
-185.5017767747327 44.34296128317997
-187.56292072533134 40.07202029577918
-189.62406467592996 43.09259996312615
-191.68520862652863 47.99451856540644
-193.74635257712725 45.26694269602946
-195.8074965277259 35.46532087543347
-197.86864047832452 34.409536051664716
-199.92978442892317 43.00541532273615
-201.9909283795218 42.63084721928286
-204.05207233012044 41.03405539498239
-206.11321628071906 39.83896447901622
-208.17436023131773 42.60833967111543
-210.23550418191635 29.51604113677511
-212.296648132515 37.490461175150266
-214.35779208311362 41.696491619881506
-216.41893603371227 41.61301867170617
-218.48007998431092 42.0096308854343
-220.54122393490957 39.069365899767874
-222.6023678855082 40.003971325924596
-224.66351183610684 41.67533385384846
-226.7246557867055 37.28611732299266
-228.78579973730413 34.56761242602422
-230.84694368790278 39.493568701796356
-232.9080876385014 41.0033875990391
-234.96923158910005 40.07829195109699
-237.0303755396987 40.408218062259664
-239.09151949029734 38.30719588167878
-241.15266344089596 34.948320446132726
-243.2138073914946 34.0481766419231
-245.27495134209323 31.756670307287784
-247.3360952926919 37.3943898142545
