# BEGINHEADER
# This file contains data from the SALSA 2m radio telescope.
# DATE=2024-03-27T08:51:0007
# GLON and GLAT given in degrees
# GLON=29.7961473271424
# GLAT=0.2841048232318211
# DATA in two columns below. Col. 1 is velocity relative to LSR [km/s]. Col. 2 is uncalibrated antenna temperature [K].
# ENDHEADER
309.57338152659077 18.794524072757405
307.51223757599206 33.80490926913911
305.45109362539347 26.9404403587507
303.3899496747948 28.662135732796038
301.3288057241961 24.765233001770316
299.2676617735975 19.808290651891802
297.2065178229989 21.801267638248863
295.1453738724003 24.181470156808235
293.0842299218016 25.206388357694408
291.02308597120293 16.19053109620115
288.96194202060434 1.2248112371552478
286.9007980700057 26.00775456176836
284.83965411940704 20.468231279466277
282.7785101688084 21.689098089488848
280.71736621820975 21.787457909367056
278.65622226761116 27.150445948411175
276.59507831701245 23.00741103284069
274.53393436641386 22.232721583034078
272.4727904158152 19.804042736168608
270.41164646521656 19.081006940463993
268.3505025146179 18.262713347832605
266.28935856401927 19.97068956335593
264.2282146134207 24.16600885777397
262.16707066282197 24.2436819224967
260.1059267122234 22.290206804642825
258.0447827616247 20.089700767565922
255.98363881102605 22.41016782058017
253.92249486042743 21.886756681394928
251.8613509098288 22.632924500873262
249.80020695923017 25.038096558842458
247.7390630086315 23.1854861536343
245.67791905803287 23.34752668121099
243.61677510743422 22.249426763641253
241.5556311568356 24.7948151387476
239.49448720623695 20.788083964133477
237.4333432556383 22.792878283728037
235.37219930503966 23.17311999218984
233.31105535444104 25.865137751082855
231.2499114038424 25.874139797403895
229.18876745324374 22.861616269876365
227.1276235026451 21.55574699560545
225.06647955204645 22.740248041799898
223.00533560144783 25.111371664342894
220.94419165084918 26.148042039199687
218.88304770025053 25.414896269641016
216.82190374965188 25.800985974884693
214.76075979905326 25.689182919702336
212.6996158484546 23.596779344564652
210.638471897856 22.72189623693636
208.57732794725732 23.98709405346986
206.5161839966587 22.73810592195701
204.45504004606005 20.15079943910411
202.39389609546143 23.197492662886827
200.33275214486278 24.30767124032176
198.27160819426413 24.896128996485515
196.2104642436655 23.418057632443645
194.1493202930669 24.707712113866524
192.08817634246822 27.622763656741423
190.0270323918696 26.011027395986716
187.96588844127095 27.22475098792831
185.9047444906723 27.998852185220443
183.84360054007368 24.489869067220706
181.782456589475 25.176719627970364
179.72131263887638 27.942964022291825
177.66016868827774 28.22403823982818
175.59902473767912 25.008838103549405
173.53788078708047 26.02876696528845
171.47673683648182 27.357173082131247
169.41559288588317 25.979625458690343
167.35444893528455 27.392221846026516
165.2933049846859 27.024843054531424
163.23216103408726 29.02453340113176
161.1710170834886 28.266829143565822
159.10987313289 27.10751906070374
157.04872918229134 27.427557276362563
154.98758523169272 29.026516092104405
152.92644128109404 27.897711409300307
150.86529733049542 28.97962290562303
148.80415337989677 29.079854221521316
146.74300942929813 32.6503699739449
144.6818654786995 29.169154722458874
142.62072152810083 28.69809703275546
140.5595775775022 27.871503826343844
138.49843362690356 28.036536792463384
136.43728967630494 32.4222597460239
134.37614572570627 26.82345994474182
132.31500177510765 41.692225805815504
130.253857824509 74.29208837073924
128.19271387391038 54.65438737006709
126.13156992331172 41.346713316851535
124.07042597271308 34.735205332255696
122.00928202211443 33.5519082972647
119.9481380715158 31.133909024414006
117.88699412091717 29.812751430358468
115.82585017031852 29.50865309913094
113.76470621971988 22.8731253799166
111.70356226912124 18.46563359350661
109.6424183185226 33.598729228059746
107.58127436792395 31.079636686937956
105.52013041732532 33.95280789349561
103.45898646672669 29.98072673059335
101.39784251612804 29.90577238270597
99.3366985655294 34.966217887887154
97.27555461493075 30.115719615451585
95.2144106643321 32.58613050564804
93.15326671373347 45.78270242976664
91.09212276313482 37.40906183922337
89.03097881253618 34.115120276603754
86.96983486193753 35.27460984353431
84.9086909113389 34.76458383693822
82.84754696074026 33.96883569467381
80.78640301014161 34.993536832349115
78.72525905954298 37.0268957999716
76.66411510894433 36.39586227320117
74.6029711583457 36.276202237005506
72.54182720774705 34.76097147439052
70.48068325714841 33.39776748138233
68.41953930654978 34.00361449627261
66.35839535595113 35.6913411449768
64.29725140535248 38.9888510403411
62.236107454753856 42.75176391755446
60.17496350415521 40.549728982438296
58.11381955355657 40.0317752554052
56.052675602957926 35.30699095159226
53.991531652359285 37.185947969010705
51.930387701760644 32.481021349088124
49.869243751162 32.418357634557125
47.80809980056337 39.897145413144464
45.74695584996473 36.41652060409267
43.68581189936609 38.13022594652758
41.62466794876744 36.28828192126391
39.5635239981688 42.19906024050845
37.502380047570156 38.61003283356391
35.44123609697152 39.22082486979061
33.38009214637288 43.841810497672675
31.31894819577424 44.367539248699075
29.2578042451756 37.81846428844816
27.196660294576954 34.17100891275519
25.135516343978313 38.03688278581582
23.074372393379676 38.62670900083313
21.013228442781035 40.24088457556417
18.952084492182394 40.353722823122844
16.890940541583753 42.05798991043573
14.829796590985111 42.13051656769987
12.768652640386472 38.702829087888006
10.707508689787831 39.698837177810454
8.64636473918919 36.27909815325007
6.585220788590549 40.28374343544248
4.524076837991909 39.77262732877148
2.462932887393268 40.924734004144405
0.40178893679462724 43.129063064297405
-1.6593550138040134 38.61656306640459
-3.7204989644026543 39.30772335566188
-5.781642915001295 39.46294857806821
-7.842786865599937 38.648831662293
-9.903930816198578 35.720111045016374
-11.965074766797217 36.807145777516624
-14.02621871739586 39.37842323169638
-16.0873626679945 38.1712125464369
-18.14850661859314 39.414601627884295
-20.20965056919178 39.42205835407297
-22.270794519790424 41.75932023333593
-24.331938470389062 40.61453412036655
-26.393082420987703 38.01582205686776
-28.454226371586344 41.54412456551392
-30.51537032218498 50.96610755198026
-32.576514272783626 41.18406950189969
-34.63765822338226 39.164153876048545
-36.69880217398091 38.54680303023614
-38.75994612457955 40.115352890185974
-40.82109007517819 37.20844319183047
-42.88223402577683 35.53065618091293
-44.94337797637547 39.03002766333778
-47.004521926974114 39.33349276099057
-49.06566587757275 40.41972074894906
-51.12680982817139 37.62525609020278
-53.18795377877003 40.170528022548545
-55.24909772936868 39.68297855593057
-57.31024167996732 39.234110604834
-59.37138563056596 39.37604381620021
-61.432529581164594 46.49934273404908
-63.493673531763235 43.01533565653722
-65.55481748236188 39.3095659517907
-67.61596143296053 37.30277663279004
-69.67710538355917 39.92556175229143
-71.7382493341578 34.37150262669012
-73.79939328475645 32.61764833772284
-75.86053723535508 39.05054596508306
-77.92168118595373 40.80896633542902
-79.98282513655236 38.24566383556344
-82.04396908715101 40.18399760611539
-84.10511303774965 34.098074201223085
-86.16625698834828 30.26819182464699
-88.22740093894693 39.424253087347225
-90.28854488954556 38.05822853446913
-92.34968884014421 40.83188636303101
-94.41083279074284 37.67229448334911
-96.47197674134148 37.969357781809194
-98.53312069194013 37.41959538911518
-100.59426464253876 36.82275881348697
-102.6554085931374 34.09964980068111
-104.71655254373604 35.306947013118084
-106.77769649433469 40.252643124817865
-108.83884044493333 36.96083559160742
-110.89998439553197 38.09078668684959
-112.96112834613061 38.17374352120232
-115.02227229672926 37.26243613009529
-117.08341624732789 36.282815295160844
-119.14456019792652 38.488332849389344
-121.20570414852517 40.37288558050763
-123.2668480991238 39.606897736031016
-125.32799204972245 37.80092904337512
-127.38913600032109 36.69495264931423
-129.45027995091974 35.146241517740485
-131.51142390151838 37.66443312608191
-133.572567852117 31.196334390501477
-135.63371180271565 33.32313254792005
-137.6948557533143 37.14101251864053
-139.75599970391295 36.04816142215351
-141.81714365451157 36.62786410010365
-143.87828760511022 35.39917192781224
-145.93943155570884 35.83936755322273
-148.0005755063075 37.03970920223987
-150.06171945690613 37.119598763649975
-152.12286340750478 37.9722239951906
-154.1840073581034 39.292998180355234
-156.24515130870208 35.89935585093081
-158.3062952593007 37.69019419958671
-160.36743920989935 38.17019517470455
-162.428583160498 40.59315120480308
-164.4897271110966 35.33435843774705
-166.5508710616953 31.75565902595245
-168.6120150122939 37.951447224572924
-170.67315896289256 36.803796740691084
-172.73430291349118 35.29649408357745
-174.79544686408983 34.26876820540833
-176.85659081468847 38.94335598161952
-178.91773476528712 25.167657328931487
-180.97887871588574 32.158045629487454
-183.0400226664844 35.87507938843853
-185.10116661708304 36.84600615705471
-187.1623105676817 38.26397727663075
-189.2234545182803 34.87961848927144
-191.28459846887895 35.41518723011531
-193.34574241947757 36.28617496718781
-195.40688637007625 33.396349667044575
-197.46803032067487 29.842882098387093
-199.52917427127355 38.0594798472953
-201.5903182218722 38.27803800504846
-203.65146217247081 36.22525298774936
-205.71260612306946 38.16268264695508
-207.7737500736681 34.90768427571009
-209.83489402426676 32.02817442669552
-211.89603797486538 30.800587456610597
-213.95718192546403 25.47424393390365
-216.01832587606265 32.49965440473067
