# BEGINHEADER
# This file contains data from the SALSA 2m radio telescope.
# DATE=2024-03-27T09:42:0047
# GLON and GLAT given in degrees
# GLON=94.82984586743689
# GLAT=0.006027190412371478
# DATA in two columns below. Col. 1 is velocity relative to LSR [km/s]. Col. 2 is uncalibrated antenna temperature [K].
# ENDHEADER
281.88304109469516 20.402770679683208
279.8218971440965 38.322999230129696
277.76075319349786 30.56228736968514
275.6996092428992 31.941573863295364
273.63846529230057 30.45294951795326
271.577321341702 22.431105319801045
269.5161773911033 24.26108998158947
267.4550334405046 27.12561644773894
265.39388948990603 27.043033554763515
263.3327455393074 18.428507948672436
261.27160158870873 3.3874204089444087
259.2104576381101 29.40021184852894
257.14931368751144 24.715793808035794
255.08816973691282 24.823833911797063
253.02702578631417 24.228268157912762
250.96588183571552 30.56747009470694
248.9047378851169 26.1349207337362
246.84359393451825 25.745674345138273
244.78244998391963 20.25160599081346
242.72130603332096 23.578552942358996
240.66016208272234 22.7245638017276
238.5990181321237 23.701868261211125
236.53787418152507 28.384693351777276
234.4767302309264 26.947314119251807
232.41558628032777 25.538544463217757
230.35444232972912 24.76873284029527
228.2932983791305 27.9042835103044
226.23215442853186 23.526993228476428
224.17101047793318 24.98240341317959
222.10986652733456 27.147081551703735
220.0487225767359 29.156519663223598
217.9875786261373 28.82993900842011
215.92643467553864 25.49457037032631
213.86529072494 25.10037969233637
211.80414677434135 26.76442719056406
209.74300282374273 24.812224519031037
207.68185887314408 27.750077095786228
205.62071492254543 29.539622860007707
203.55957097194678 29.18051850019041
201.49842702134816 26.264872033653813
199.43728307074952 27.626190982438636
197.37613912015087 26.817574595675378
195.31499516955222 28.389140845613827
193.25385121895357 27.875112201920203
191.19270726835492 26.375756537542365
189.1315633177563 28.570599342961277
187.07041936715765 28.44665555146614
185.009275416559 29.13381582258511
182.94813146596036 27.416485131099407
180.8869875153617 27.85388779078416
178.8258435647631 26.036208879576233
176.76469961416444 24.710826343909133
174.70355566356582 26.361351749937718
172.64241171296715 28.388032325717276
170.58126776236853 28.432389487719835
168.52012381176988 28.34611117361265
166.45897986117126 29.338343124233457
164.39783591057258 30.516588959694484
162.33669195997396 28.719701775852045
160.2755480093753 30.1223751311558
158.2144040587767 30.349605237572217
156.15326010817805 29.551544123177
154.0921161575794 27.249532600537556
152.03097220698075 29.706575120837584
149.96982825638213 30.936427504078953
147.90868430578348 28.012572438441246
145.84754035518483 27.5821861159943
143.78639640458618 31.160529693867932
141.72525245398754 29.237574872850075
139.66410850338892 31.59714563440724
137.60296455279027 30.45485955967549
135.54182060219162 30.649871541355875
133.48067665159297 29.275206026104033
131.41953270099435 28.901775216648527
129.3583887503957 30.689202718997684
127.29724479979706 33.443630519786936
125.23610084919842 32.3898664750424
123.17495689859977 33.12206808351426
121.11381294800114 32.55667380516579
119.0526689974025 34.55076682259365
116.99152504680386 29.555113222834304
114.93038109620522 28.09344578611762
112.86923714560658 30.475482976031582
110.80809319500794 30.179967802199258
108.7469492444093 34.8122087373548
106.68580529381066 32.62277433595111
104.62466134321203 34.583612110335636
102.56351739261338 42.109845577310054
100.50237344201474 44.747509022917
98.44122949141611 39.286102184855714
96.38008554081748 39.18101886735234
94.31894159021883 36.35423056244588
92.2577976396202 33.34161994211303
90.19665368902153 32.42804675148408
88.1355097384229 33.392601585231475
86.07436578782426 22.72035223135466
84.01322183722561 18.58671266785489
81.95207788662698 39.78118990780806
79.89093393602833 34.36061594359288
77.8297899854297 37.70906332320778
75.76864603483105 32.6317211624928
73.70750208423242 32.69197770625369
71.64635813363378 37.08955394848335
69.58521418303513 33.58650298717696
67.5240702324365 35.272013249020276
65.46292628183785 44.78397617104111
63.40178233123922 40.96082194244534
61.34063838064057 37.16974762919634
59.27949443004193 37.5992026736793
57.21835047944329 37.913000018979005
55.15720652884465 37.65199469891535
53.096062578246006 37.84935116041518
51.03491862764737 40.694853904561704
48.97377467704872 40.49887981450399
46.91263072645008 36.79059677522821
44.85148677585144 37.553255924563416
42.79034282525279 36.51890438680978
40.72919887465416 37.84109119019818
38.66805492405552 36.43169079003703
36.60691097345688 40.60292662752085
34.545767022858236 46.08619704138759
32.484623072259595 43.67883764379676
30.423479121660957 42.98226374247186
28.362335171062313 37.29334376670314
26.30119122046367 39.94732217769426
24.240047269865034 31.12595216407721
22.178903319266396 33.79154435040251
20.117759368667755 44.10850978382642
18.05661541806911 39.99198273610469
15.995471467470471 41.131718037299336
13.934327516871832 42.06158867246041
11.87318356627319 46.123872245027336
9.812039615674548 41.19331626873637
7.750895665075907 49.6040487057864
5.689751714477268 57.58465322498401
3.628607763878627 53.03734333168639
1.567463813279986 50.62077226663749
-0.49368013731865484 47.68672181852527
-2.5548240879172956 48.32077396643616
-4.615968038515937 47.24788901405427
-6.677111989114577 49.639574347499654
-8.73825593971322 45.99713266700192
-10.799399890311859 49.0804452914747
-12.8605438409105 52.30811824063147
-14.92168779150914 46.106741889512094
-16.98283174210778 48.59795063876373
-19.043975692706418 46.006905226789264
-21.105119643305063 49.49127451241514
-23.166263593903704 45.27751615618393
-25.227407544502345 48.04153655159012
-27.288551495100986 50.85263025808306
-29.349695445699627 45.69006430921103
-31.410839396298268 47.965185739878756
-33.471983346896906 48.179701610577965
-35.533127297495554 46.217770857591226
-37.594271248094195 43.9082507715183
-39.655415198692836 43.36194471211691
-41.71655914929147 49.42265832473805
-43.77770309989011 47.396988544883946
-45.83884705048875 48.48469254251636
-47.89999100108739 47.28279111940251
-49.96113495168603 50.67819701486401
-52.02227890228467 51.26031414778194
-54.08342285288332 44.41607951029971
-56.14456680348196 51.38023207389429
-58.2057107540806 61.50663974179874
-60.26685470467923 47.43431014038776
-62.327998655277874 47.04181028827312
-64.38914260587651 46.11661590121807
-66.45028655647516 49.68062532669878
-68.5114305070738 44.62705442459245
-70.57257445767245 43.63620390532488
-72.63371840827108 46.106099621607314
-74.69486235886973 46.434186178372656
-76.75600630946836 46.905784801698076
-78.81715026006701 44.284199741358535
-80.87829421066564 49.33995337200944
-82.93943816126428 46.97801349615542
-85.00058211186293 45.67147509845996
-87.06172606246156 47.28581996393237
-89.12287001306021 52.33246044141997
-91.18401396365884 47.85292111006075
-93.24515791425748 44.67440232184805
-95.30630186485612 45.61796334555097
-97.36744581545476 45.33651232557248
-99.42858976605342 38.85205410326719
-101.48973371665205 40.59889095000807
-103.5508776672507 45.719520434408764
-105.61202161784935 46.16948198046939
-107.67316556844798 44.56543468388847
-109.73430951904663 44.98376841306656
-111.79545346964527 38.355484643669094
-113.8565974202439 29.513024010593895
-115.91774137084255 45.963569333359764
-117.97888532144118 41.76129021639816
-120.04002927203983 46.98848689678939
-122.10117322263847 44.14174115251409
-124.16231717323711 42.899284587337256
-126.22346112383575 42.238092233102435
-128.28460507443438 42.40749220757813
-130.34574902503303 37.07681359992137
-132.40689297563168 39.639471092247476
-134.4680369262303 45.669061660460684
-136.52918087682897 43.659509022787134
-138.5903248274276 44.497818114563024
-140.65146877802624 44.602916107604464
-142.71261272862486 41.43273158848082
-144.7737566792235 45.53748211817068
-146.83490062982216 43.34726692018122
-148.8960445804208 44.13784028041578
-150.95718853101943 43.605867262288314
-153.01833248161807 40.902201730222146
-155.07947643221672 43.22263526131471
-157.14062038281537 40.95928911749495
-159.201764333414 45.2034436520692
-161.26290828401264 36.0959206606265
-163.3240522346113 35.50182493439354
-165.38519618520994 44.87538533854353
-167.44634013580858 43.20304395202241
-169.5074840864072 44.435042103525966
-171.56862803700585 41.97858667216494
-173.62977198760447 41.68704059558229
-175.69091593820315 42.51650698049499
-177.75205988880177 42.191416371417276
-179.81320383940042 41.67125056377142
-181.87434778999904 45.5634161700304
-183.93549174059768 41.26273482863788
-185.99663569119633 45.612653801261104
-188.05777964179498 46.01734148142998
-190.1189235923936 45.53167242547747
-192.18006754299225 39.05514235108717
-194.2412114935909 37.53546274871475
-196.30235544418954 43.0899193290474
-198.36349939478814 42.21005166212084
-200.42464334538678 43.110179206277536
-202.48578729598546 39.57047960396915
-204.54693124658408 42.92525804334505
-206.60807519718273 27.646197105308193
-208.66921914778135 37.28728885237317
-210.73036309838 42.65234202777993
-212.79150704897864 43.933671723737305
-214.8526509995773 43.31809132415983
-216.9137949501759 38.77498672219116
-218.97493890077456 38.14571344124194
-221.0360828513732 40.8660815654351
-223.09722680197186 38.5478010256847
-225.15837075257048 36.05651462961312
-227.21951470316912 42.70452179970802
-229.28065865376774 43.484342559242116
-231.34180260436642 40.272096447166625
-233.40294655496504 39.03601482040645
-235.4640905055637 37.5900812587967
-237.5252344561623 36.649445613665065
-239.58637840676096 34.23335900359118
-241.64752235735963 33.33070676746305
-243.70866630795825 39.6452636038023
