# BEGINHEADER
# This file contains data from the SALSA 2m radio telescope.
# DATE=2024-04-12T05:37:0035
# GLON and GLAT given in degrees
# GLON=21.82815493379136
# GLAT=0.28546996525618773
# DATA in two columns below. Col. 1 is velocity relative to LSR [km/s]. Col. 2 is uncalibrated antenna temperature [K].
# ENDHEADER
308.466201090211 -0.5838786184350307
306.4050571396123 -0.5807736820111572
304.34391318901373 1.549772663049171
302.2827692384151 1.061808144441413
300.22162528781644 0.15450770292619376
298.1604813372178 1.4715815420151106
296.09933738661914 1.5048035645243163
294.03819343602055 0.28463837578872525
291.97704948542184 0.4266624828114001
289.9159055348232 5.014290917726615
287.8547615842246 8.087742452336737
285.79361763362596 0.5437837949932808
283.7324736830273 3.3214785450064648
281.67132973242866 0.6513656446885666
279.61018578183 2.6860991274210226
277.54904183123136 2.4787404400267805
275.4878978806327 0.5859211149796825
273.4267539300341 1.705652364790624
271.3656099794355 2.485320509885922
269.30446602883677 2.262899957524726
267.2433220782382 1.8019011677010384
265.18217812763953 2.3738101216388747
263.12103417704094 2.6379767491368935
261.05989022644223 6.387475690044933
258.99874627584364 6.562359895691058
256.937602325245 1.7516932429354157
254.87645837464632 2.6192858770276484
252.8153144240477 0.5743979815565731
250.75417047344905 2.2162527313439413
248.69302652285043 1.9552070688541616
246.63188257225178 1.7076859051332
244.57073862165313 2.277647393740378
242.5095946710545 1.9737259762941024
240.44845072045584 2.7104407034097933
238.38730676985722 1.3351874135506137
236.32616281925854 1.0732595807354084
234.26501886865992 -0.0702650450228198
232.20387491806127 2.4498540895832215
230.14273096746265 2.2439472129711
228.081587016864 0.17453833698419874
226.02044306626536 2.0915754137061997
223.9592991156667 2.384969027167192
221.8981551650681 1.1346973351122507
219.83701121446944 1.8242579611300265
217.77586726387082 2.4493323253827017
215.71472331327215 2.7226499809193365
213.65357936267353 2.1431488573180775
211.59243541207488 0.1277680306727893
209.53129146147626 -1.488358108051059
207.47014751087758 2.0476423604075493
205.40900356027896 1.4198307663885188
203.3478596096803 3.614374870355252
201.28671565908166 0.9617497387279693
199.22557170848305 0.5659587586273612
197.16442775788437 2.102976086297742
195.10328380728572 0.18008491092631276
193.04213985668707 0.7310212857910956
190.98099590608845 1.612097562177787
188.9198519554898 0.9675528490211618
186.85870800489118 -0.252306848771948
184.7975640542925 1.194875510619271
182.7364201036939 0.5940620178170267
180.67527615309524 -0.5315823608419227
178.61413220249662 0.4831832809825391
176.55298825189797 1.7657982489900554
174.49184430129932 -0.06009469420635905
172.43070035070068 0.1360891770308337
170.36955640010206 -0.2170709470048567
168.3084124495034 0.10974361590721408
166.24726849890473 0.08218510885201233
164.1861245483061 1.0694632369815655
162.12498059770746 -1.001415006096344
160.06383664710884 -1.020506723633532
158.0026926965102 -0.10260813302961448
155.94154874591155 0.43330867530190503
153.8804047953129 2.1113157799180406
151.81926084471428 -0.7245699896646977
149.75811689411563 -0.3780264331111017
147.696972943517 0.8551851890500406
145.63582899291833 0.050040784331275324
143.57468504231971 -1.8823936273164836
141.51354109172107 0.21113065049327462
139.45239714112245 -0.06366890522373572
137.39125319052377 1.6222914693337054
135.33010923992515 -0.28794329921256323
133.2689652893265 0.9108242987709942
131.20782133872788 3.2624851242290585
129.14667738812923 4.488725655651874
127.08553343753059 5.478568537895266
125.02438948693194 5.710042192720514
122.9632455363333 5.244910309191723
120.90210158573467 6.637051625108735
118.84095763513602 10.575670456035056
116.77981368453739 13.394720102575688
114.71866973393874 14.589809115067197
112.6575257833401 16.24322110258459
110.59638183274146 18.307649474306924
108.53523788214281 20.906136116975226
106.47409393154418 20.848113121058017
104.41294998094553 20.560242130837164
102.35180603034689 24.506452723664864
100.29066207974824 23.178964234995732
98.22951812914962 24.46951257005838
96.16837417855098 22.72195361651362
94.10723022795234 24.352872567576533
92.0460862773537 24.868703397221104
89.98494232675506 23.504761175240684
87.92379837615641 22.855687272384255
85.86265442555778 22.451422318483104
83.80151047495914 23.627414256562247
81.7403665243605 21.59401149214612
79.67922257376186 23.05418341215227
77.61807862316321 22.150256437541362
75.55693467256458 22.82088887412174
73.49579072196595 23.058455928742227
71.4346467713673 23.997022358065507
69.37350282076866 24.526386244327902
67.31235887017 24.60733733761182
65.25121491957137 24.907134839635965
63.190070968972734 30.17779517802177
61.12892701837409 31.039513518779387
59.067783067775444 31.860219377653653
57.0066391171768 33.92363243337385
54.94549516657816 34.95597576785773
52.88435121597953 34.057053013777335
50.82320726538089 35.77828433391972
48.762063314782246 39.62708068025718
46.700919364183605 39.28232113293953
44.639775413584964 35.544118496883875
42.57863146298632 40.27845304724867
40.51748751238768 44.279826100406176
38.45634356178904 42.61315681241581
36.3951996111904 43.730684303898634
34.33405566059176 43.70734099701092
32.27291170999312 42.42751086622973
30.211767759394476 45.70688788667823
28.15062380879584 45.195840070744275
26.089479858197198 46.40636258477556
24.028335907598553 52.5589901398104
21.967191956999915 56.225197799268685
19.906048006401274 58.39038632191099
17.844904055802633 59.85278750126708
15.783760105203992 59.95356398844615
13.722616154605351 59.35999265047294
11.661472204006708 57.790630892284696
9.600328253408069 55.44675303172394
7.539184302809427 60.036780541561285
5.478040352210787 63.358358325482804
3.4168964016121453 66.24895973799121
1.355752451013505 69.08842634235248
-0.7053914995851358 57.75927335824116
-2.7665354501837767 36.20789693447545
-4.827679400782418 25.747440005453925
-6.888823351381059 21.204992908372716
-8.949967301979699 20.370194680658372
-11.01111125257834 18.829820981582596
-13.07225520317698 18.4389338465076
-15.133399153775619 15.930947344578694
-17.19454310437426 14.675202277662034
-19.255687054972903 14.953144387858883
-21.31683100557154 15.249919820881926
-23.377974956170185 14.95593710494843
-25.439118906768826 16.984553942417868
-27.500262857367463 18.78866508501018
-29.561406807966105 20.722076703923214
-31.622550758564746 21.426863115190947
-33.68369470916338 22.586213795014807
-35.744838659762024 19.619835076931725
-37.80598261036067 16.324990017982227
-39.86712656095931 13.204557187248486
-41.928270511557955 8.89704072810745
-43.98941446215659 5.106514811635951
-46.05055841275523 3.188322151354782
-48.11170236335387 1.0131221024970505
-50.17284631395251 0.4769144669012469
-52.23399026455115 -1.223503550058206
-54.295134215149794 -1.4270985455347343
-56.35627816574844 -4.403805572653886
-58.417422116347076 -3.735955701203841
-60.47856606694572 -1.965875763893511
-62.53971001754436 -2.5053942789288945
-64.600853968143 -4.235873480281168
-66.66199791874163 -4.124655600316195
-68.72314186934028 -4.3330903097940086
-70.78428581993892 -4.345397743295178
-72.84542977053756 -2.3984090556767175
-74.9065737211362 -3.3730148352869436
-76.96771767173485 -5.382913728500252
-79.02886162233348 -5.169858418739815
-81.09000557293211 -2.715475628632977
-83.15114952353076 -3.880292918890514
-85.2122934741294 -4.1916840382118
-87.27343742472806 -5.774440878065364
-89.33458137532669 -4.677725431275233
-91.39572532592534 -4.434631871335485
-93.45686927652397 -4.474055162503282
-95.51801322712261 -4.104148382085938
-97.57915717772126 -3.4295062778144643
-99.6403011283199 -1.9608036171559926
-101.70144507891854 -3.3371907027071104
-103.76258902951719 -3.3508772235383226
-105.82373298011582 -4.484783441347383
-107.88487693071447 -5.150432832301856
-109.9460208813131 -2.0217633970792894
-112.00716483191175 -3.2580283897035938
-114.06830878251039 -5.043709018037664
-116.12945273310902 -4.419603765950629
-118.19059668370767 -5.416926007745386
-120.2517406343063 -3.897129093593416
-122.31288458490495 -3.3600676073820552
-124.3740285355036 -3.4769589092412096
-126.43517248610225 -3.557156839913343
-128.49631643670088 -4.363278422932866
-130.5574603872995 -2.2889822807979936
-132.61860433789815 -2.939582739631695
-134.6797482884968 -4.182925381604598
-136.74089223909544 -2.6164381395067142
-138.80203618969406 -3.7349003322950587
-140.8631801402927 -3.401547631579445
-142.92432409089133 -4.784542480732985
-144.98546804149 -4.120470689781075
-147.04661199208866 -3.0386061715488957
-149.10775594268728 -2.2187198107773884
-151.16889989328592 -4.496740722950785
-153.23004384388457 -3.828704321928185
-155.29118779448322 -2.6369569392600214
-157.35233174508184 -3.6665514892417814
-159.4134756956805 -2.96222245769202
-161.4746196462791 -4.88794848859667
-163.53576359687779 -2.830983279744676
-165.5969075474764 -3.437059793737211
-167.65805149807505 -3.1168634367129897
-169.71919544867367 -4.112916497575728
-171.78033939927232 -4.1018221751048145
-173.84148334987097 -3.6062126741727853
-175.90262730046962 -4.328305822699367
-177.96377125106824 -3.3487821249395586
-180.0249152016669 -5.0848767033736735
-182.08605915226556 -2.8460107623446125
-184.14720310286418 -2.1345867408788806
-186.20834705346283 -4.62019255141138
-188.26949100406145 -3.2085156383344744
-190.3306349546601 -6.024689410575197
-192.39177890525875 -4.931944596856172
-194.4529228558574 -1.8522091550943534
-196.51406680645601 -1.8137872418645136
-198.57521075705463 -2.226982568163432
-200.63635470765328 -2.389471049936205
-202.69749865825193 -2.865796995396024
-204.75864260885055 -2.759594449885175
-206.8197865594492 -2.0877379965441905
-208.88093051004785 -1.7585523636965712
-210.9420744606465 1.0839872375751156
-213.00321841124511 -2.713933940491961
-215.06436236184376 -1.644318010730064
-217.12550631244238 -0.7010528788977696
