# BEGINHEADER
# This file contains data from the SALSA 2m radio telescope.
# DATE=2024-03-27T09:05:0028
# GLON and GLAT given in degrees
# GLON=49.857951580187894
# GLAT=0.2367586483843179
# DATA in two columns below. Col. 1 is velocity relative to LSR [km/s]. Col. 2 is uncalibrated antenna temperature [K].
# ENDHEADER
306.1308853449388 20.154635315633485
304.0697413943401 35.70866677006485
302.0085974437415 29.440635386738563
299.94745349314286 29.201848180781152
297.88630954254427 25.33298634395834
295.82516559194556 22.457350853418195
293.7640216413469 25.286293317700203
291.7028776907483 27.549008997449622
289.6417337401497 27.073716439237238
287.58058978955097 17.349772754405066
285.5194458389524 3.986921728002691
283.45830188835373 27.47628725249222
281.39715793775514 21.879712032209905
279.33601398715643 25.960608888698786
277.2748700365578 23.57029341344874
275.2137260859592 28.51950762585512
273.15258213536055 23.991796656083306
271.0914381847619 24.364453347136422
269.03029423416325 22.812320644155655
266.9691502835646 22.55343418347052
264.90800633296595 22.945380595555555
262.8468623823673 22.94677571390836
260.78571843176866 26.32722325703457
258.72457448117007 26.774605379403926
256.6634305305714 23.82131494248027
254.60228657997277 23.72402886839731
252.54114262937412 27.10920254297743
250.47999867877547 23.955318261908836
248.41885472817685 24.89982064407198
246.3577107775782 26.26616040768855
244.29656682697959 27.287082212608144
242.2354228763809 27.10386028324234
240.1742789257823 24.739684011953827
238.11313497518364 23.723693907999497
236.05199102458502 23.827802708934062
233.99084707398634 24.83189782404618
231.92970312338772 26.36268652199019
229.86855917278908 28.52807640724283
227.80741522219043 29.079183797442774
225.7462712715918 25.10201912793774
223.68512732099313 23.77541569014618
221.6239833703945 25.53272241212734
219.56283941979586 26.977145971122177
217.50169546919724 27.353099967878933
215.4405515185986 26.54169829308628
213.37940756799995 28.290282847438213
211.3182636174013 27.70516269748585
209.25711966680268 27.071129707225015
207.19597571620403 28.006617724214397
205.13483176560538 27.710805971918713
203.07368781500674 24.949056086513565
201.01254386440812 24.331947407199173
198.95139991380947 26.444471030430375
196.89025596321085 27.186305879703337
194.8291120126122 25.287084723477097
192.76796806201358 25.814556033261695
190.70682411141493 28.6112190372161
188.64568016081628 28.831031317359617
186.58453621021764 26.522469895012772
184.523392259619 27.19095444929229
182.46224830902037 29.659565048328286
180.40110435842172 27.398184940655803
178.33996040782307 28.308881358911876
176.27881645722442 30.434704775416062
174.2176725066258 28.575150793134814
172.15652855602715 27.078184123822254
170.09538460542853 28.004697410013016
168.03424065482986 30.372065064052745
165.97309670423124 29.038041234201796
163.9119527536326 32.05648267822917
161.85080880303397 28.86266960864604
159.78966485243532 30.980666424498374
157.72852090183667 31.1094893237881
155.66737695123803 28.228339522335855
153.6062330006394 29.90527519302575
151.54508905004076 33.268250633944625
149.48394509944208 31.242118235283037
147.42280114884346 32.20645245215948
145.3616571982448 32.01250883579732
143.3005132476462 33.26654267954539
141.23936929704755 31.15558697293582
139.1782253464489 31.268139980179466
137.11708139585025 32.221499635737395
135.05593744525163 30.018444335249026
132.99479349465298 33.89651158155029
130.93364954405433 28.60754327028272
128.8725055934557 42.358747407194336
126.81136164285705 66.52492187357034
124.75021769225842 51.80861274360738
122.68907374165977 40.83458722647288
120.62792979106113 36.2672016182265
118.5667858404625 37.90325131376906
116.50564188986385 31.481661627849125
114.44449793926522 33.64378110425082
112.38335398866657 29.219572342615574
110.32221003806794 26.992770030565694
108.26106608746929 24.19223280936284
106.19992213687065 37.71213269831134
104.13877818627202 32.73948771577658
102.07763423567337 35.105484676449166
100.01649028507474 29.13064340741842
97.95534633447609 28.141350273770943
95.89420238387746 37.806527238482246
93.83305843327882 33.52203155996242
91.77191448268016 37.435156979458455
89.71077053208153 40.82766909068709
87.64962658148288 36.96785875845733
85.58848263088424 36.779550749879974
83.5273386802856 36.50149175448787
81.46619472968696 38.07073305148462
79.40505077908833 38.10726191916721
77.34390682848968 37.48969688317525
75.28276287789105 40.61835330547818
73.2216189272924 40.66057126087709
71.16047497669376 39.84426876785742
69.09933102609511 39.786262724506926
67.03818707549648 41.5110396279454
64.97704312489783 42.5020167273385
62.91589917429919 42.41492610239176
60.85475522370055 45.55099797665379
58.79361127310192 53.045876256683826
56.732467322503275 49.80404663178299
54.671323371904634 48.22818509985883
52.61017942130599 45.66867697967578
50.54903547070735 47.0732093267359
48.48789152010871 41.38059125612123
46.42674756951007 43.30816094748235
44.36560361891143 48.92804795082861
42.30445966831279 46.877342133378164
40.24331571771415 44.331016553749684
38.182171767115506 44.183412858473204
36.121027816516865 47.2088286404595
34.05988386591822 42.547662193491526
31.998739915319586 50.71264372010589
29.93759596472094 53.66666450537632
27.876452014122304 48.365404346019666
25.815308063523663 47.5677410788376
23.75416411292502 43.83666062850851
21.69302016232638 47.265090305766286
19.63187621172774 46.76897233013625
17.5707322611291 48.343279174850906
15.509588310530459 45.30880751660273
13.448444359931816 49.68604777350214
11.387300409333177 52.47145855540662
9.326156458734534 49.160256453542516
7.265012508135895 49.84619634562249
5.203868557537254 45.8653973234678
3.142724606938613 50.278451398871034
1.081580656339972 44.8660375244122
-0.9795632942586688 45.67782461032513
-3.0407072448573094 47.5514676679978
-5.10185119545595 42.887466367837796
-7.162995146054591 41.92303346474689
-9.22413909665323 43.79611540896378
-11.285283047251873 45.20188051092578
-13.346426997850513 39.41471018286211
-15.407570948449154 38.89633326111657
-17.468714899047797 40.76739427028784
-19.529858849646438 42.74413012230215
-21.591002800245075 42.187589617223225
-23.652146750843716 44.234963887763804
-25.713290701442357 43.5487935126717
-27.774434652041 44.45980917563717
-29.83557860263964 42.54638820062955
-31.89672255323828 46.821731526347335
-33.957866503836925 57.36892489194189
-36.019010454435566 43.26146580992386
-38.0801544050342 42.78609995257334
-40.14129835563284 44.26406803813171
-42.20244230623148 45.21608405956191
-44.26358625683012 41.87178630893299
-46.324730207428765 42.08162740743434
-48.385874158027406 45.22240449622903
-50.44701810862605 47.27351661496354
-52.50816205922469 46.89564737240905
-54.56930600982333 44.71289698337032
-56.63044996042197 46.487315459686116
-58.69159391102061 45.40985619192386
-60.75273786161925 45.452832813874274
-62.81388181221789 44.96409250577407
-64.87502576281653 49.66916229291
-66.93616971341518 44.972921778592536
-68.99731366401382 42.70060384375454
-71.05845761461246 44.135736050501734
-73.1196015652111 42.20935815163164
-75.18074551580973 40.66883017100931
-77.24188946640838 39.622320489793886
-79.30303341700701 43.8744628516097
-81.36417736760566 44.33170848562708
-83.4253213182043 42.523682201181934
-85.48646526880295 43.0507946120094
-87.54760921940158 38.98434818491022
-89.60875317000021 34.90394520220224
-91.66989712059886 43.95120956926806
-93.7310410711975 40.805829517792674
-95.79218502179614 45.45433311830636
-97.85332897239478 41.994710122830135
-99.91447292299341 40.60164961247645
-101.97561687359207 42.378798445047366
-104.03676082419071 42.131108843887176
-106.09790477478936 37.44112149379497
-108.15904872538799 38.91365596183061
-110.22019267598664 41.642448797178055
-112.28133662658527 42.26565990028231
-114.3424805771839 39.62017790008774
-116.40362452778255 41.49816039069955
-118.46476847838119 40.26717202441985
-120.52591242897984 41.14234167429378
-122.58705637957847 41.63207369922963
-124.64820033017712 41.0968444677718
-126.70934428077575 43.11726682287078
-128.7704882313744 39.391670123690524
-130.83163218197305 40.531570853614994
-132.8927761325717 40.263408079183485
-134.95392008317032 40.76880660391833
-137.01506403376897 36.693320157659656
-139.07620798436758 36.97883387376653
-141.13735193496626 41.53055475543345
-143.19849588556488 40.939983987685416
-145.25963983616353 37.58874171034609
-147.32078378676215 39.767749259375435
-149.3819277373608 40.18612456117677
-151.44307168795945 40.16015880117983
-153.5042156385581 40.0468430583071
-155.5653595891567 40.17840804996944
-157.62650353975536 41.64848412925983
-159.687647490354 39.230638020122996
-161.74879144095266 43.289275835938085
-163.8099353915513 43.63229456037334
-165.87107934214993 41.05109997314888
-167.93222329274857 37.01221818727424
-169.9933672433472 36.827157336094814
-172.05451119394587 42.112966644873275
-174.1156551445445 40.67335912276995
-176.17679909514314 39.66259021103601
-178.23794304574176 38.89273893616391
-180.29908699634044 39.31532405245253
-182.36023094693905 32.17434467454986
-184.4213748975377 39.09621596750613
-186.48251884813632 39.45162403970366
-188.54366279873497 41.47035762929315
-190.60480674933362 40.36181824825053
-192.66595069993227 38.43999782080207
-194.7270946505309 41.2985908848187
-196.78823860112954 36.16150900861375
-198.8493825517282 36.669166553730875
-200.91052650232683 35.20994739988918
-202.9716704529255 40.863727636712156
-205.03281440352413 42.91239655994455
-207.09395835412278 40.41598207202749
-209.1551023047214 38.72922852324205
-211.21624625532004 35.52741889328158
-213.2773902059187 33.893511258285244
-215.33853415651734 34.42851036453615
-217.39967810711596 31.104998610678617
-219.4608220577146 37.08836748326369
