# BEGINHEADER
# This file contains data from the SALSA 2m radio telescope.
# DATE=2024-04-12T06:25:0007
# GLON and GLAT given in degrees
# GLON=67.92469267715755
# GLAT=0.15632708288313618
# DATA in two columns below. Col. 1 is velocity relative to LSR [km/s]. Col. 2 is uncalibrated antenna temperature [K].
# ENDHEADER
301.1880777511295 -1.1133289221920184
299.1269338005309 -1.1379944801680995
297.06578984993223 -1.810786568742247
295.0046458993336 -1.1350806800502646
292.94350194873493 -1.0243891643892258
290.88235799813634 0.01716539172444876
288.82121404753764 -1.1015376228477602
286.76007009693905 -0.9409879569772336
284.6989261463404 -0.0553268000630393
282.63778219574175 0.4515934230855298
280.5766382451431 3.251699697110662
278.51549429454445 -3.1860329576756548
276.45435034394586 -0.3633371558983611
274.3932063933472 -1.263853992371607
272.3320624427485 -0.7876396580127747
270.2709184921499 -0.5837857395542636
268.20977454155127 1.7436336051881725
266.1486305909526 -2.6898201396556267
264.087486640354 -1.5875528729446329
262.0263426897553 -1.766059211188307
259.9651987391567 -1.479983911920014
257.904054788558 0.24615751866041313
255.8429108379594 -0.6646201817106214
253.7817668873608 1.1913445386018577
251.72062293676214 2.4023786071024964
249.6594789861635 -1.407634071264919
247.59833503556484 1.4270745998790875
245.53719108496622 -0.41676695434098066
243.47604713436758 -1.167973818104336
241.41490318376896 -1.4498999663142225
239.35375923317028 0.7235352170882451
237.29261528257166 0.11326966157450619
235.231471331973 -0.0836188552829401
233.17032738137436 -1.4340771365380396
231.10918343077572 -0.9397281618077495
229.04803948017707 0.1704312041749058
226.98689552957845 -2.019913791612973
224.9257515789798 0.4032888263393176
222.86460762838118 0.6702670285356279
220.8034636777825 -2.3629078955277176
218.74231972718388 -1.2725236418177026
216.68117577658523 -0.03780016432845411
214.62003182598662 -1.2018687065632012
212.55888787538797 -0.9632171607740746
210.49774392478932 -3.0813610644099563
208.43659997419067 -1.2428059311366237
206.37545602359205 -0.8568222042445287
204.3143120729934 -0.34032996254219683
202.25316812239475 -2.228436823813935
200.1920241717961 -1.4588152346324896
198.13088022119751 -1.0122673469374721
196.06973627059887 -1.3033756369043483
194.0085923200002 -1.507734232917973
191.94744836940157 -2.9513176371525844
189.88630441880292 -1.5669650243789
187.8251604682043 -1.7241809480281602
185.76401651760565 -1.3067908196091036
183.702872567007 -2.543689514582409
181.64172861640836 -2.3500539982109774
179.58058466580974 -1.4821768519727052
177.5194407152111 -0.691967265061115
175.45829676461244 0.45855108769757863
173.3971528140138 -1.7688830124443247
171.33600886341517 -3.2125388362292617
169.27486491281653 -1.7639685185679497
167.2137209622179 -0.7652550856539012
165.15257701161923 -2.5618061130228167
163.0914330610206 -2.003211204090553
161.03028911042196 -2.7019261563132573
158.96914515982334 -1.913528529693424
156.9080012092247 -1.1473326418219247
154.84685725862602 -2.0812300163256925
152.7857133080274 -1.742812774625155
150.72456935742875 -1.812024605288279
148.66342540683013 -3.125176351262193
146.60228145623145 -3.4236023798509567
144.54113750563283 -2.380267629671985
142.47999355503418 -0.19229243878526678
140.41884960443556 -2.0881739235045926
138.35770565383692 -2.868714216663899
136.29656170323827 -1.4426229536476292
134.23541775263962 -2.032802883760356
132.174273802041 -3.414036787050488
130.11312985144235 -2.9115495579184136
128.0519859008437 -0.9617847874332731
125.99084195024507 -4.265556680815598
123.92969799964642 -2.256314517001109
121.86855404904779 -2.3647531434016
119.80741009844914 -3.9557093854431917
117.7462661478505 -2.4149580610109838
115.68512219725187 -2.777730331923132
113.62397824665322 -3.7946836400212787
111.56283429605459 -1.1896074958927239
109.50169034545594 -2.1990743379044932
107.44054639485731 -1.6058278224945393
105.37940244425866 -4.780447081653067
103.31825849366003 -3.602633417156461
101.25711454306139 -2.2526213190083744
99.19597059246274 -2.35708414042775
97.1348266418641 -1.704442034776027
95.07368269126545 -2.6722202009805907
93.01253874066681 -2.4071598299922075
90.95139479006816 -1.7981835958648513
88.89025083946953 -3.5695717065532087
86.8291068888709 -3.167933007884522
84.76796293827225 -1.7026698297436489
82.70681898767361 -1.9736793217225281
80.64567503707497 -3.934807153312003
78.58453108647633 -4.035312256440673
76.52338713587768 -3.9382849857056677
74.46224318527905 -2.2262748324898207
72.40109923468042 -2.8612922831213563
70.33995528408177 -3.3848471967842877
68.27881133348313 -1.879843243241245
66.21766738288449 -3.0712542732281216
64.15652343228585 -3.3046693560731994
62.0953794816872 -2.7127625760679526
60.03423553108856 -2.6354273635723655
57.97309158048992 -2.0468273106052224
55.91194762989128 -3.0700071842838534
53.850803679292646 -1.685402350694877
51.789659728694005 -3.11659871197787
49.728515778095364 -2.0611578030923754
47.667371827496716 -0.6586044653871236
45.606227876898075 -2.4448253089859935
43.545083926299434 0.14637160424446352
41.48393997570079 -2.2152312203815523
39.42279602510216 -1.6150920889457137
37.36165207450352 1.878747285067865
35.300508123904876 1.6649643163789585
33.239364173306235 2.0041788920608856
31.17822022270759 7.1934997617399405
29.117076272108953 10.528811921442024
27.055932321510312 17.443121303531946
24.994788370911667 24.936685378832106
22.93364442031303 37.23028533111674
20.87250046971439 50.40041746333223
18.811356519115748 65.66460155708641
16.75021256851711 80.05020067682717
14.689068617918467 96.75245164869547
12.627924667319824 106.22007871663116
10.566780716721183 120.27622993994672
8.505636766122544 127.1622607898721
6.444492815523902 127.01836714242627
4.383348864925261 123.7478688122242
2.322204914326621 114.3540982924153
0.2610609637279801 93.85688715344112
-1.8000829868706605 79.82460273758959
-3.861226937469302 62.37725465309273
-5.922370888067943 52.304195967437764
-7.983514838666584 45.604317326943075
-10.044658789265224 38.441390026399674
-12.105802739863865 34.72890744453752
-14.166946690462504 33.052814433537606
-16.228090641061144 31.198022893317066
-18.289234591659785 29.469408252234544
-20.350378542258426 26.535297823402498
-22.411522492857067 25.204511066343542
-24.472666443455708 24.183874700166047
-26.53381039405435 19.290894189448856
-28.59495434465299 16.364486121846664
-30.65609829525163 12.893658980266101
-32.71724224585027 10.899790477034655
-34.77838619644891 6.730069335037259
-36.839530147047554 6.8429618278790665
-38.900674097646196 6.627884066334484
-40.96181804824484 5.854712632809091
-43.02296199884347 8.427534362415582
-45.08410594944211 10.655145051087892
-47.14524990004075 13.944712303891617
-49.2063938506394 16.93179617077911
-51.26753780123804 19.763175473412378
-53.32868175183668 21.876585605996976
-55.38982570243532 25.418411923050115
-57.45096965303396 30.506503456903523
-59.5121136036326 34.32108099629733
-61.57325755423124 40.31703976921549
-63.63440150482988 45.422871488432975
-65.69554545542853 48.04593841948897
-67.75668940602716 46.86949387130369
-69.81783335662581 44.61401030845833
-71.87897730722445 42.04031341333056
-73.9401212578231 37.007715481946946
-76.00126520842173 27.149112610662787
-78.06240915902036 20.83365912818531
-80.12355310961901 13.850689051940968
-82.18469706021764 9.474861090479004
-84.24584101081629 6.809479993155428
-86.30698496141493 5.196866338007148
-88.36812891201357 2.8716618560715856
-90.42927286261221 3.3659614936843685
-92.49041681321084 2.8787138206948777
-94.55156076380949 1.3655894706344296
-96.61270471440814 3.0971036867080275
-98.67384866500679 0.37228714696586757
-100.73499261560542 0.8217747868571831
-102.79613656620407 1.358239059134955
-104.8572805168027 2.3424162503383714
-106.91842446740134 0.5677450171719619
-108.97956841799999 1.5622214683874103
-111.04071236859862 -1.1753790197246157
-113.10185631919727 -1.6638772686814638
-115.1630002697959 -1.8959671250953114
-117.22414422039455 -1.576289692868072
-119.28528817099318 -2.239705926334255
-121.34643212159182 -1.3061727350379109
-123.40757607219047 -2.8232811031610954
-125.4687200227891 -3.0065458831807668
-127.52986397338775 -3.3359943492250723
-129.59100792398638 -3.685425570945594
-131.65215187458503 -4.429825089745357
-133.71329582518365 -4.204204776994981
-135.77443977578233 -2.7161176180881097
-137.83558372638095 -3.4306331155085936
-139.8967276769796 -3.352173526876663
-141.9578716275782 -2.313898852382712
-144.0190155781769 -1.6588688325620897
-146.0801595287755 -4.264258493018034
-148.14130347937416 -2.480959565546601
-150.20244742997278 -2.2282781435377514
-152.26359138057143 -2.3100254217567833
-154.3247353311701 -2.047804034968298
-156.38587928176872 -0.7466422234824457
-158.44702323236737 -0.2899291930938096
-160.508167182966 -1.2848086811277981
-162.56931113356464 -2.675008840765736
-164.6304550841633 -1.4393712304697788
-166.69159903476194 -0.377949496750536
-168.75274298536056 -1.7170835777856313
-170.8138869359592 -2.4614796520077915
-172.87503088655785 -1.357009412270956
-174.9361748371565 -1.7202030566672393
-176.99731878775512 -0.8256528335960872
-179.05846273835377 -1.3294757402768536
-181.1196066889524 -0.838439846339725
-183.18075063955106 -2.1279442224490324
-185.24189459014968 -1.2182145236121842
-187.30303854074833 -1.1848371757611655
-189.36418249134695 -1.576980364815138
-191.4253264419456 -2.9385115118540512
-193.48647039254428 -1.9967134733432272
-195.5476143431429 -2.6500727214278084
-197.60875829374154 -2.0337828202577706
-199.6699022443402 -3.1471600193680094
-201.73104619493884 -2.367908543203176
-203.79219014553746 -0.21638271446669646
-205.85333409613614 -1.2454938509214368
-207.91447804673476 -1.170482401563113
-209.9756219973334 -1.2207670366152694
-212.03676594793203 -1.7113654566400707
-214.0979098985307 -2.0777431683546177
-216.15905384912932 -1.6365627621391066
-218.22019779972797 1.6226121238365558
-220.2813417503266 -1.1840320935543134
-222.34248570092524 -0.056675179104142145
-224.4036296515239 -0.8520579965524642
