# BEGINHEADER
# This file contains data from the SALSA 2m radio telescope.
# DATE=2024-04-09T13:48:0055
# GLON and GLAT given in degrees
# GLON=164.83801380658696
# GLAT=-0.2769319177757243
# DATA in two columns below. Col. 1 is velocity relative to LSR [km/s]. Col. 2 is uncalibrated antenna temperature [K].
# ENDHEADER
234.69403969116038 -1.6317416105833789
232.63289574056174 -2.1918462585989587
230.57175178996312 -2.6911854756456366
228.51060783936447 -2.8999990960515554
226.44946388876582 -2.206901503412081
224.38831993816717 -4.377751470844371
222.32717598756855 -3.853619428828483
220.2660320369699 -3.189219601526089
218.20488808637128 -4.619295741965138
216.1437441357726 -2.9182025193917824
214.082600185174 -1.4511374854578405
212.02145623457534 -2.4523818576082066
209.96031228397672 -3.3347946369943062
207.89916833337804 -3.7568066259871156
205.8380243827794 -3.825528958455343
203.77688043218077 -3.0245875838697014
201.71573648158213 -2.623690705544292
199.6545925309835 -2.559948555548676
197.59344858038483 -2.0727750946939993
195.53230462978618 -2.881292810799541
193.47116067918753 -2.7974980648036123
191.41001672858891 -3.6961305616551274
189.34887277799027 -3.5030381680365554
187.28772882739165 -1.1189394588145558
185.22658487679297 -2.579630824793543
183.16544092619435 -3.6177092004121323
181.1042969755957 -1.6428757287297464
179.04315302499708 -2.8425888569273416
176.9820090743984 -2.989981962909924
174.92086512379979 -4.642982074204004
172.85972117320114 -3.800058948974254
170.79857722260252 -3.2371124370967186
168.73743327200387 -2.2521878205481287
166.6762893214052 -1.9772419613266565
164.61514537080657 -2.0378091251559907
162.55400142020792 -2.609618925930859
160.4928574696093 -3.4713660324096547
158.43171351901066 -2.7541938910216768
156.370569568412 -2.410980614613841
154.30942561781336 -2.723049379653957
152.24828166721474 -1.5997445697055679
150.1871377166161 -3.78218779579658
148.12599376601747 -1.7900729314753714
146.0648498154188 -2.0581379708160115
144.00370586482018 -2.7345055805034293
141.94256191422153 -3.5835280573830106
139.8814179636229 -2.839867027537544
137.82027401302423 -2.4561403843140925
135.7591300624256 -2.4095574510877493
133.69798611182696 -3.316509837760446
131.63684216122834 -2.872558962254554
129.57569821062967 -1.1394483757732237
127.51455426003105 -2.7257477695121883
125.4534103094324 -4.121062198143233
123.39226635883377 -2.7654586034583817
121.33112240823513 -3.253429379693992
119.26997845763648 -1.33912137369876
117.20883450703785 -2.6006337976110037
115.1476905564392 -1.7058632281949722
113.08654660584057 -1.8986557175529781
111.0254026552419 -1.9041745944103377
108.96425870464327 -1.826222946341013
106.90311475404464 -1.182690881784609
104.84197080344599 -3.994676401436778
102.78082685284735 -0.5421656812779685
100.7196829022487 -1.019928482068967
98.65853895165009 -3.2768264355931445
96.59739500105144 -2.9211640719972225
94.5362510504528 -2.454104190691987
92.47510709985416 -3.2847141360735144
90.41396314925552 -2.105822889275723
88.35281919865687 -2.012905593232389
86.29167524805824 -2.294450130957714
84.2305312974596 -0.9589646477777602
82.16938734686096 -1.705373755942863
80.10824339626232 -0.6631796529450761
78.04709944566368 -1.8060076412987842
75.98595549506504 -1.8666484573471627
73.9248115444664 -2.059907801729846
71.86366759386775 -2.061714540190264
69.80252364326911 -1.8975277207328765
67.74137969267046 -1.4352013225565168
65.68023574207183 -1.6142183262734748
63.619091791473195 -3.3765448814091124
61.55794784087455 -1.8859031415995657
59.496803890275906 -1.4266050060262518
57.435659939677265 -2.2046481485200986
55.374515989078624 -0.29754093868791837
53.31337203847998 -1.0535071658223405
51.25222808788135 -1.562929854364814
49.19108413728271 -2.4951265621862517
47.12994018668407 -1.975322797095643
45.068796236085426 -2.598221810582024
43.00765228548678 -2.4112542803021895
40.94650833488814 -4.578851642267135
38.885364384289495 -2.7777962862242416
36.82422043369086 -1.395092504147668
34.76307648309222 -1.7870141119532057
32.70193253249358 -0.8324540761214531
30.640788581894938 -2.7085831822483843
28.579644631296294 -1.7655989084576236
26.518500680697656 0.5074147305201324
24.457356730099015 0.020378102891453326
22.396212779500374 0.23625211113988906
20.335068828901736 2.4583621098262154
18.27392487830309 1.547391204058894
16.212780927704454 2.4363798833596326
14.151636977105811 5.63064732683639
12.090493026507168 8.310244934978856
10.029349075908529 13.962528529126613
7.968205125309887 23.42889182710799
5.907061174711247 35.39067739207041
3.8459172241126067 45.37310628767411
1.7847732735139654 52.80380528073852
-0.2763706770846752 60.19898923860741
-2.337514627683316 67.04386590902229
-4.398658578281957 69.08948957691949
-6.459802528880598 73.32045267114977
-8.520946479479239 75.24863415080965
-10.582090430077878 73.83430979311893
-12.64323438067652 76.4404678439145
-14.70437833127516 77.45060397689707
-16.7655222818738 79.765042560328
-18.82666623247244 78.26348312289763
-20.887810183071082 78.41022424418578
-22.948954133669723 72.77271354152236
-25.010098084268364 68.0801704898785
-27.071242034867 64.74334558738133
-29.132385985465646 58.38202455588728
-31.193529936064287 53.35415026465432
-33.25467388666292 50.80634948291176
-35.31581783726157 43.8794792630575
-37.37696178786021 39.32482763604204
-39.43810573845885 32.454745659136215
-41.49924968905749 24.526650845131936
-43.560393639656134 20.13353144885621
-45.62153759025477 14.639293797807625
-47.68268154085341 12.520241514454558
-49.74382549145205 9.11436723281167
-51.80496944205069 8.537984869280972
-53.86611339264934 6.535838628331475
-55.92725734324798 8.815409178766204
-57.98840129384662 5.944503731768325
-60.049545244445255 4.247494879362688
-62.110689195043896 3.267276175923202
-64.17183314564254 0.6189844005068439
-66.23297709624117 2.5522713889553996
-68.29412104683982 0.14529489793798214
-70.35526499743845 -1.3819663949731604
-72.4164089480371 -0.4214851517904854
-74.47755289863574 -2.9511347044922327
-76.53869684923438 -1.1357492049529907
-78.59984079983302 -2.9253948801099234
-80.66098475043165 -1.491011154769208
-82.72212870103031 -2.836107203202392
-84.78327265162895 -1.990120617130455
-86.8444166022276 -1.390117961410373
-88.90556055282623 -2.3720417945325343
-90.96670450342488 -1.3083393050259207
-93.02784845402351 -1.7368952852854085
-95.08899240462215 -2.764057782145814
-97.1501363552208 -1.9559156390886177
-99.21128030581944 -1.3191402856047227
-101.27242425641808 -1.3353703268654802
-103.33356820701673 -3.0659108646849234
-105.39471215761536 -2.7899899428154247
-107.45585610821401 -3.980534136336632
-109.51700005881264 -2.8824090786989522
-111.57814400941129 -1.672654055591058
-113.63928796000992 -2.3617963200294074
-115.70043191060856 -3.5958914311614105
-117.7615758612072 -3.9875630521019003
-119.82271981180584 -2.7236347961646885
-121.8838637624045 -3.329424823150745
-123.94500771300314 -2.3201820637202237
-126.00615166360178 -1.840564952075812
-128.06729561420042 -4.1771042146540855
-130.12843956479904 -2.654196400024543
-132.1895835153977 -2.55838864506712
-134.25072746599633 -4.119200762088116
-136.31187141659498 -4.115466001834606
-138.3730153671936 -4.003211712435785
-140.43415931779225 -2.0493523585826203
-142.4953032683909 -2.2692910711019127
-144.55644721898955 -4.338116127556042
-146.6175911695882 -2.698158070336386
-148.67873512018681 -4.433089789572085
-150.73987907078546 -3.3974706376257555
-152.8010230213841 -2.843301679531006
-154.86216697198276 -2.8272944832784925
-156.92331092258138 -4.5366476963006
-158.98445487318003 -4.190382610573081
-161.04559882377865 -3.631852349267324
-163.10674277437732 -3.630677247791612
-165.16788672497594 -3.4694175587882827
-167.2290306755746 -1.8419021741023636
-169.2901746261732 -2.5701382667599995
-171.35131857677186 -3.6680054201346035
-173.4124625273705 -2.686294965726285
-175.47360647796916 -3.03024718365886
-177.53475042856778 -3.5166375855906598
-179.59589437916642 -3.923918733702196
-181.6570383297651 -4.270072507407126
-183.71818228036372 -3.701816062371592
-185.77932623096237 -3.9565989676824844
-187.840470181561 -3.241403959571343
-189.90161413215964 -1.8410293361900052
-191.96275808275828 -1.7121156325411149
-194.02390203335693 -1.7769373113399292
-196.08504598395555 -3.4412989842210795
-198.1461899345542 -3.193787459094528
-200.20733388515282 -2.8943100397588553
-202.26847783575147 -3.3649050846500956
-204.3296217863501 -2.408452723986685
-206.39076573694874 -2.4227756071201996
-208.45190968754738 -3.8757887088789933
-210.51305363814603 -2.622348570738369
-212.57419758874465 -4.526701995614942
-214.6353415393433 -3.50456935079903
-216.69648548994192 -2.8646624704452703
-218.7576294405406 -4.890635509171601
-220.81877339113925 -0.7991372590586997
-222.87991734173787 -2.133755010746912
-224.9410612923365 -4.493894157688599
-227.00220524293513 -2.801625119500866
-229.0633491935338 -3.761185500826069
-231.12449314413243 -3.9995162039806087
-233.18563709473108 -4.0227652380006855
-235.2467810453297 -2.387863530996531
-237.30792499592837 -2.987101560002377
-239.369068946527 -6.185525227464882
-241.43021289712564 -5.410043469205598
-243.49135684772426 -3.209493342423425
-245.5525007983229 -2.5880409941393863
-247.61364474892156 -3.3583887580794207
-249.6747886995202 -2.3250109226859412
-251.73593265011883 -4.886141680157606
-253.79707660071747 -2.7128793047989297
-255.8582205513161 -0.6557296822177476
-257.9193645019148 -2.4746577310145668
-259.9805084525134 -2.9133434086666328
-262.04165240311204 -3.8511380552341286
-264.1027963537107 -2.2118705386446975
-266.16394030430934 -2.989953314141401
-268.225084254908 -3.4341858029395773
-270.2862282055066 -2.1047413405373834
-272.3473721561052 -1.6462368469020776
-274.4085161067039 -3.766222041967291
-276.4696600573025 -2.3198178117357475
-278.53080400790117 -3.12227222967279
-280.59194795849976 -2.905545975059585
-282.65309190909846 -2.1427248150848306
-284.7142358596971 -3.0413464277838878
-286.7753798102957 -4.081854273034223
-288.83652376089435 -3.461035871484132
-290.89766771149306 -3.6366053752223966
