# BEGINHEADER
# This file contains data from the SALSA 2m radio telescope.
# DATE=2024-03-21T15:57:0028
# GLON and GLAT given in degrees
# GLON=69.88197519739762
# GLAT=0.11510027896382799
# DATA in two columns below. Col. 1 is velocity relative to LSR [km/s]. Col. 2 is uncalibrated antenna temperature [K].
# ENDHEADER
296.49991364509316 16.893394672584773
294.4387696944945 24.119755367523084
292.3776257438959 18.216116753412404
290.3164817932972 17.98718305550191
288.2553378426986 17.991651763872696
286.1941938921 7.793677472800822
284.13304994150127 9.407191503010338
282.0719059909027 16.093421994647095
280.01076204030403 17.47197715295449
277.94961808970544 7.2104906819230035
275.88847413910673 -9.660924088335397
273.8273301885081 19.78753562595529
271.7661862379095 11.025428470396804
269.70504228731085 14.142164194379726
267.6438983367122 13.60995302483117
265.58275438611355 20.544189234934645
263.5216104355149 15.725151246566833
261.4604664849163 12.714714499515049
259.3993225343176 7.629789593697119
257.338178583719 12.030148239571751
255.27703463312037 10.032414617652378
253.21589068252172 11.320751108725048
251.15474673192304 16.016436604701905
249.09360278132442 16.95477054816264
247.03245883072577 15.560315143442157
244.97131488012715 14.741075807677644
242.9101709295285 12.376235593791542
240.84902697892986 11.18883049852939
238.7878830283312 11.717000425167523
236.7267390777326 13.308945843273595
234.66559512713394 19.208793705948317
232.60445117653532 11.65239411787678
230.54330722593664 4.414587239628495
228.48216327533802 0.48316227085692426
226.42101932473938 4.793561914533023
224.35987537414076 6.874349264638384
222.2987314235421 13.449227257646585
220.23758747294346 18.672074819429927
218.1764435223448 14.792310390027794
216.1152995717462 12.707124378023153
214.05415562114754 13.220397772789214
211.99301167054887 13.7419621576685
209.93186771995025 18.68934630486492
207.8707237693516 18.70437052333673
205.80957981875298 16.431241481062994
203.74843586815433 18.02755125926381
201.68729191755568 16.874720198218697
199.62614796695703 17.053841501350714
197.5650040163584 14.263916039620003
195.50386006575974 17.714176114493217
193.44271611516112 16.820411899086018
191.38157216456247 14.296475911022373
189.32042821396382 16.730092933886827
187.25928426336517 14.63316414427813
185.19814031276655 16.605984730548155
183.1369963621679 18.398176592088532
181.0758524115693 16.669468978162524
179.0147084609706 19.69245413097321
176.953564510372 15.362288850948136
174.89242055977334 20.94663830757363
172.8312766091747 20.09542417457571
170.77013265857605 17.108062106868317
168.7089887079774 17.91745498790971
166.64784475737878 18.859375701365867
164.58670080678013 20.55624529267116
162.5255568561815 17.501324513293657
160.46441290558283 14.943569941239794
158.4032689549842 18.992750260155614
156.34212500438557 15.572020581202516
154.28098105378695 20.77316626832962
152.2198371031883 20.111842359470295
150.15869315258965 20.105387416254565
148.097549201991 19.0910852084713
146.03640525139238 19.31607222080287
143.97526130079373 20.838719427720868
141.91411735019508 19.826689737480237
139.85297339959644 21.805274249858766
137.79182944899782 22.794413749351452
135.73068549839917 21.692245895842674
133.66954154780052 23.963381390436982
131.60839759720187 18.58422980196722
129.54725364660322 19.64061909342705
127.4861096960046 20.68438656266269
125.42496574540597 20.258586322424474
123.36382179480732 23.508817108696025
121.30267784420869 23.01826040876462
119.24153389361004 26.737688960450875
117.18038994301139 36.68206429798222
115.11924599241274 34.13819748668963
113.05810204181411 27.14407630895819
110.99695809121548 26.186857729677396
108.93581414061683 23.71645767224483
106.8746701900182 24.981858760982956
104.81352623941955 20.766975535935124
102.75238228882091 23.556615729883124
100.69123833822226 9.299382649100682
98.63009438762364 5.245958617100032
96.568950437025 29.530391480807403
94.50780648642636 23.108046413445788
92.44666253582771 27.12158587254763
90.38551858522908 23.990504671232316
88.32437463463044 21.596646167803424
86.2632306840318 22.56158235970856
84.20208673343316 19.988397905935393
82.14094278283451 21.952824548816185
80.07979883223588 35.65463481508811
78.01865488163725 27.415195280979972
75.95751093103858 24.756216018377692
73.89636698043995 27.84754401073726
71.8352230298413 24.223887352480542
69.77407907924267 26.038520265718585
67.71293512864402 25.46948237170698
65.65179117804539 32.38959840219526
63.590647227446745 27.456027820554944
61.529503276848104 27.014446215086835
59.46835932624946 26.906558796750613
57.40721537565082 24.526989597807965
55.34607142505219 24.417439942702245
53.284927474453546 23.120346093303535
51.223783523854905 30.153243221965653
49.16263957325626 35.032597146518206
47.101495622657616 31.496694768512967
45.040351672058975 30.292118134331613
42.97920772146034 25.679465351003536
40.9180637708617 29.62134960368163
38.85691982026306 18.148618325791297
36.79577586966442 19.880243975556823
34.73463191906578 33.1531009297222
32.673487968467136 32.899789917599115
30.612344017868494 34.09859293154571
28.551200067269853 36.0247178141363
26.490056116671212 45.23197599146674
24.428912166072568 47.344977220860336
22.367768215473927 57.60846743058223
20.30662426487529 76.11880335856458
18.245480314276648 80.18568982262333
16.184336363678007 84.17851230019885
14.123192413079366 89.67037139126907
12.062048462480725 102.68335207435307
10.000904511882084 110.60925698502776
7.939760561283443 114.9934471670491
5.878616610684802 114.78459132758964
3.8174726600861617 114.84986922623911
1.756328709487521 109.3536447350121
-0.3048152411111196 95.66427535413214
-2.3659591917097607 86.2781369478626
-4.427103142308401 78.61542177584997
-6.488247092907042 75.62514821056219
-8.549391043505683 60.59124749074669
-10.610534994104324 58.31409661466897
-12.671678944702965 59.85049625459305
-14.732822895301606 55.487054062876005
-16.793966845900247 54.361620807602115
-18.855110796498888 53.28150312958497
-20.916254747097526 50.6304409600977
-22.977398697696167 43.78383767607007
-25.038542648294808 41.87089369109243
-27.09968659889345 44.528874880866084
-29.16083054949209 42.79105982465149
-31.221974500090727 41.76717299869216
-33.28311845068937 38.772702268189434
-35.34426240128801 38.75647082360707
-37.405406351886654 38.30232221730611
-39.466550302485295 35.371558936565485
-41.52769425308393 42.66408730147269
-43.58883820368257 53.64790318511569
-45.64998215428121 39.69226829563335
-47.71112610487986 43.465349518778844
-49.7722700554785 46.26856070664201
-51.83341400607714 47.60804063069182
-53.894557956675776 45.75890587582618
-55.95570190727442 46.79108233135064
-58.01684585787306 54.18896603843237
-60.0779898084717 56.60432982561922
-62.13913375907034 64.49506406857564
-64.20027770966898 63.550454748413706
-66.26142166026762 67.58497411087615
-68.32256561086626 69.3011853717109
-70.3837095614649 67.41133911868688
-72.44485351206355 66.36098121266242
-74.50599746266218 68.86033815732154
-76.56714141326081 56.76132950981766
-78.62828536385948 45.704625458955555
-80.68942931445811 42.25871838895403
-82.75057326505676 40.890944868877106
-84.81171721565539 31.439992828311286
-86.87286116625404 30.491999584512453
-88.93400511685267 39.01273853494963
-90.99514906745131 36.7163963095045
-93.05629301804996 31.826639156997732
-95.11743696864859 35.86428082951586
-97.17858091924724 28.597262072063405
-99.23972486984589 19.49150073382125
-101.30086882044452 34.69879872762401
-103.36201277104317 32.85903349538821
-105.4231567216418 37.441547195333115
-107.48430067224045 32.39635159250706
-109.54544462283909 31.26509179294628
-111.60658857343772 29.810147334523457
-113.66773252403637 28.975416083372266
-115.72887647463502 24.036704236603413
-117.79002042523366 25.16833478485216
-119.8511643758323 31.547594977911924
-121.91230832643095 27.888060619271695
-123.97345227702958 29.514743256900122
-126.03459622762821 29.258122003240743
-128.09574017822686 28.686873673061836
-130.15688412882548 30.756315807362764
-132.21802807942413 29.598072470904405
-134.27917203002278 31.229865817009436
-136.34031598062143 33.47199388086713
-138.40145993122005 28.939915946869107
-140.46260388181872 29.32065888169566
-142.52374783241734 26.240531323358802
-144.584891783016 30.33702487370114
-146.6460357336146 17.11465213304042
-148.7071796842133 19.264704317716248
-150.7683236348119 30.505865249105238
-152.82946758541055 27.935362657519256
-154.89061153600917 28.757350109048602
-156.95175548660782 26.76506591669202
-159.01289943720647 28.375098639055437
-161.07404338780512 28.081701265903398
-163.13518733840374 27.57773381537296
-165.1963312890024 28.576813631268088
-167.257475239601 31.851240776607888
-169.31861919019968 28.773836132736026
-171.3797631407983 30.842616450072885
-173.44090709139695 31.760617182859736
-175.5020510419956 34.06766644708672
-177.56319499259425 25.81157580120021
-179.6243389431929 24.02710222794481
-181.68548289379152 31.528766278763786
-183.74662684439016 27.37191216023743
-185.80777079498878 29.69874713758243
-187.86891474558746 26.95551666221112
-189.93005869618608 31.791189159987297
-191.99120264678473 14.274319742059678
-194.05234659738335 25.962057551681227
-196.113490547982 29.65540893377153
-198.17463449858062 30.866220065665328
-200.23577844917926 28.991769535537856
-202.29692239977788 27.00148091039985
-204.35806635037656 29.57709925029458
-206.41921030097518 30.993476215036594
-208.48035425157383 26.007660734065908
-210.54149820217245 21.701586144361173
-212.6026421527711 31.86440657112125
-214.66378610336977 32.011628250178916
-216.7249300539684 27.783288867569006
-218.78607400456704 29.81784702361464
-220.84721795516566 28.65266223213869
-222.9083619057643 26.11876886750765
-224.96950585636296 22.03369586950824
-227.0306498069616 19.865713969801963
-229.09179375756023 25.993438958280674
