# BEGINHEADER
# This file contains data from the SALSA 2m radio telescope.
# DATE=2024-04-12T05:56:0044
# GLON and GLAT given in degrees
# GLON=35.79614236546956
# GLAT=0.23679039363523627
# DATA in two columns below. Col. 1 is velocity relative to LSR [km/s]. Col. 2 is uncalibrated antenna temperature [K].
# ENDHEADER
309.20264431136127 -0.11133685821807979
307.1415003607626 -1.2607496384735868
305.080356410164 -0.6088057180559742
303.0192124595653 -0.843817240387847
300.95806850896673 -1.3561122157192151
298.896924558368 -1.2716531035177874
296.83578060776944 -2.2143676769153697
294.7746366571708 0.10052491007174616
292.71349270657214 -1.4208510199916273
290.6523487559735 1.1180958290743241
288.59120480537484 1.933846186364882
286.53006085477625 -0.1203038409350779
284.4689169041776 1.5516382630402574
282.4077729535789 0.32359106206093025
280.3466290029803 -0.5876047589465574
278.28548505238166 -0.16436145966887625
276.22434110178307 -0.3948188206024451
274.16319715118436 -1.240325229997498
272.1020532005857 -0.015279932305171285
270.0409092499871 -0.12038487136355294
267.9797652993884 0.565650757577728
265.91862134878977 -0.2000315447810563
263.8574773981912 -0.7006076423172216
261.79633344759253 0.8843884428233809
259.7351894969939 0.8657227079126711
257.67404554639523 -2.741875539615771
255.61290159579661 -1.5017758321935921
253.55175764519797 -0.7973186166145912
251.49061369459935 1.2095935549856844
249.42946974400067 -0.8493381025966762
247.36832579340205 1.1846456140102206
245.3071818428034 0.9304508406346619
243.24603789220478 -2.2539179594572984
241.1848939416061 1.1798206035366363
239.1237499910075 -1.6167347354712929
237.06260604040884 0.9259409607295848
235.00146208981022 -0.6189767710720518
232.94031813921157 1.1050519457004395
230.8791741886129 -0.054482533310793946
228.81803023801427 -1.0096930331487761
226.75688628741563 -0.20982256687031986
224.695742336817 -0.3639421847033127
222.63459838621836 -0.525494513525545
220.5734544356197 -1.1233051957302544
218.51231048502106 1.0611634639008123
216.45116653442244 -2.1238239309790483
214.3900225838238 -0.8951958924898085
212.32887863322514 -1.620925760027381
210.2677346826265 -2.389571507173951
208.20659073202788 -0.592274106004871
206.14544678142923 -0.4787217911653129
204.0843028308306 -0.6399301653093162
202.02315888023193 -2.5886622981604037
199.9620149296333 -1.970506463037171
197.90087097903464 -1.8100238436934353
195.83972702843602 -1.3790983509007022
193.77858307783737 -2.278798493624987
191.71743912723872 -1.7702232661346218
189.65629517664007 -2.5783295621446336
187.59515122604142 -1.5609927749740355
185.5340072754428 -0.47502857227007106
183.47286332484416 -1.7219721542616442
181.41171937424554 -2.9959006679637876
179.35057542364686 -2.9510960436013662
177.28943147304824 -1.4623138363483603
175.2282875224496 -0.4717030631238801
173.16714357185097 -2.7224918605270596
171.1059996212523 -1.6967402756494168
169.04485567065367 -1.4023310881574347
166.98371172005503 -1.4192170379446096
164.9225677694564 -0.6594303579560922
162.86142381885776 -3.7287092528927483
160.8002798682591 -2.243110623344836
158.73913591766046 -2.213373466822792
156.67799196706184 -1.6235273910781716
154.6168480164632 -2.004464533800495
152.55570406586455 -1.4968664894609158
150.4945601152659 -2.001476443119839
148.43341616466725 -2.8124274631833455
146.37227221406863 -0.5315069799394261
144.31112826346998 -1.62962951531769
142.24998431287133 -2.724454592999658
140.18884036227269 -3.3936039343730844
138.12769641167407 -1.2010534814409837
136.06655246107542 -2.225542188911906
134.0054085104768 -1.9914244657394928
131.94426455987812 -3.1156326989951113
129.8831206092795 -3.159140711534322
127.82197665868085 -1.932510167510341
125.76083270808222 -1.926019228818228
123.69968875748357 -3.787587961770583
121.63854480688494 -3.557085743375168
119.57740085628629 -2.257339782317462
117.51625690568765 -3.5310234597843593
115.455112955089 -3.4034597090341276
113.39396900449037 -1.6170526687014755
111.33282505389174 -2.7078552117909536
109.27168110329309 -0.29212608158411696
107.21053715269446 -0.5340420459090707
105.14939320209581 2.221739183974437
103.08824925149717 3.2472133648554307
101.02710530089853 3.755175974259271
98.96596135029989 5.278225288298545
96.90481739970124 8.734269327677488
94.8436734491026 12.048319891863683
92.78252949850396 14.42268715869723
90.72138554790531 16.278819661927155
88.66024159730668 19.992084144070926
86.59909764670803 22.59472050669074
84.5379536961094 26.947139810763122
82.47680974551076 30.841570404727147
80.41566579491212 32.09962942024253
78.35452184431348 35.16944901273892
76.29337789371483 34.97327546667472
74.2322339431162 34.24488592389792
72.17108999251755 34.72873305072402
70.10994604191892 36.44768882685618
68.04880209132028 36.949833764232366
65.98765814072163 37.44043487261222
63.926514190122994 42.897534659169665
61.86537023952435 47.826161909881776
59.80422628892571 48.4456136094016
57.74308233832707 50.69890515594125
55.68193838772843 51.42864639059855
53.62079443712979 50.70209560865417
51.55965048653115 50.395876768461456
49.49850653593251 50.68932058315367
47.437362585333865 48.91817766525468
45.37621863473523 48.089405723378704
43.31507468413659 53.19906807053196
41.25393073353795 60.62114856977831
39.19278678293931 64.49228715184714
37.13164283234067 67.11956265963228
35.070498881742026 68.15093537382756
33.00935493114339 70.66714026168478
30.948210980544744 72.53213612399152
28.887067029946106 66.62665433516563
26.825923079347465 65.31425438166272
24.764779128748824 63.503955536256605
22.70363517815018 59.183290113935044
20.642491227551538 57.79726070887652
18.581347276952897 58.928227128396635
16.52020332635426 63.147089183950804
14.459059375755617 66.17493285128495
12.397915425156976 66.83540151474448
10.336771474558336 65.20668230204052
8.275627523959697 64.20344989301911
6.214483573361054 59.45894224637922
4.153339622762414 60.21948435421325
2.0921956721637724 53.45299806745988
0.031051721565131776 38.24431721309164
-2.0300922290335093 21.947567431709903
-4.0912361796321495 11.779767192501263
-6.1523801302307906 7.545880449367248
-8.213524080829432 6.349505052106814
-10.274668031428071 5.251652908483757
-12.335811982026712 6.204303980880397
-14.396955932625355 6.259347007948499
-16.458099883223998 7.825067925844553
-18.519243833822635 7.941417301696857
-20.580387784421276 7.660105003674013
-22.641531735019917 9.744286958181272
-24.70267568561856 11.420381669426943
-26.763819636217196 15.832929852563213
-28.824963586815837 18.196666358872026
-30.88610753741448 22.723472822437245
-32.94725148801312 22.019708921055653
-35.008395438611764 22.00221323832262
-37.0695393892104 21.14401481945728
-39.13068333980904 19.656383410688047
-41.19182729040768 17.47155311112273
-43.25297124100632 17.0725348433673
-45.31411519160496 17.849082062763493
-47.3752591422036 16.790430763394465
-49.43640309280225 18.89031801890655
-51.49754704340089 20.05715279429637
-53.558690993999534 19.359849751752577
-55.619834944598175 18.111667899437705
-57.680978895196816 14.717599580579225
-59.74212284579546 12.770389777061636
-61.80326679639409 7.337086021251549
-63.86441074699273 2.851889990921534
-65.92555469759138 0.19673665864949022
-67.98669864819001 -1.2060888283913194
-70.04784259878866 -1.4849440716699507
-72.1089865493873 -3.238296755656964
-74.17013049998594 -3.8005104417115754
-76.23127445058458 -4.311929970388848
-78.29241840118323 -5.123678741797214
-80.35356235178186 -4.196487328582628
-82.4147063023805 -5.888528455154196
-84.47585025297914 -5.132460098352369
-86.53699420357778 -5.272305527938822
-88.59813815417643 -6.089443854823254
-90.65928210477506 -4.360486078201316
-92.72042605537371 -3.7346666424807498
-94.78157000597234 -4.397162964369233
-96.84271395657099 -6.048196077701786
-98.90385790716964 -4.143606153490857
-100.96500185776827 -4.477388837905644
-103.02614580836692 -6.165747792240017
-105.08728975896555 -6.11127859270615
-107.1484337095642 -5.539531503386854
-109.20957766016284 -3.9619216466697216
-111.27072161076147 -4.667290745646155
-113.33186556136012 -4.284559471843253
-115.39300951195875 -5.9201221062557075
-117.4541534625574 -4.515118254660209
-119.51529741315603 -5.317238588132386
-121.57644136375468 -4.571255428331054
-123.63758531435332 -3.3523453576946114
-125.69872926495195 -3.2775535465240013
-127.7598732155506 -5.90882197350774
-129.82101716614923 -3.017441217551601
-131.88216111674788 -4.461996466232322
-133.94330506734653 -3.967417557816487
-136.00444901794515 -3.9029532485076164
-138.0655929685438 -4.432847756445105
-140.12673691914245 -2.998902480232949
-142.1878808697411 -6.513859905852202
-144.2490248203397 -5.267258398542306
-146.31016877093836 -2.522783628267534
-148.371312721537 -3.1484552153186525
-150.43245667213566 -2.430153593836563
-152.49360062273428 -4.4615899800261465
-154.55474457333293 -3.511327785457498
-156.61588852393157 -5.00219467396594
-158.67703247453022 -3.4104610632044476
-160.73817642512887 -3.331252497435731
-162.7993203757275 -4.795038597192449
-164.86046432632614 -3.4714457238141923
-166.92160827692476 -3.9260364749548975
-168.98275222752343 -3.9401532611727044
-171.04389617812205 -3.519159587680951
-173.1050401287207 -2.9627478729634444
-175.16618407931932 -4.671572705165793
-177.227328029918 -3.479049395029851
-179.28847198051662 -2.6893080074622686
-181.34961593111527 -1.495880997625547
-183.4107598817139 -3.1772178032528835
-185.47190383231253 -3.8183516424346884
-187.53304778291118 -3.9509023861094397
-189.59419173350983 -3.605659120726009
-191.65533568410845 -4.655866804383299
-193.7164796347071 -0.9712223725831027
-195.77762358530575 -3.3340305421112024
-197.8387675359044 -5.072123998773274
-199.89991148650302 -4.38377541653378
-201.96105543710163 -3.125407034900885
-204.0221993877003 -0.9243100342417991
-206.08334333829893 -2.6143628267762264
-208.14448728889758 -3.5750817145764264
-210.2056312394962 -1.0486690726766728
-212.26677519009485 -0.8080098679548563
-214.3279191406935 -2.2312844160813463
-216.38906309129214 -2.969504484250968
