# BEGINHEADER
# This file contains data from the SALSA 2m radio telescope.
# DATE=2024-04-09T13:46:0021
# GLON and GLAT given in degrees
# GLON=159.8555058922988
# GLAT=-0.26859186040579686
# DATA in two columns below. Col. 1 is velocity relative to LSR [km/s]. Col. 2 is uncalibrated antenna temperature [K].
# ENDHEADER
237.62290991288816 -1.3871807745922422
235.5617659622895 -4.1172502257267265
233.50062201169087 -2.887865479900727
231.43947806109225 -2.934904148768016
229.3783341104936 -3.654610758931774
227.31719015989495 -4.237574305159259
225.2560462092963 -2.7199962004457063
223.19490225869768 -5.370919382898342
221.13375830809903 -3.3947828967017
219.0726143575004 -1.4294312919199659
217.01147040690174 -2.4698155451899297
214.9503264563031 -3.0886450737626823
212.88918250570447 -3.9512031939044934
210.82803855510582 -4.14457201560647
208.7668946045072 -4.055512587070741
206.70575065390852 -4.4586408392965335
204.6446067033099 -3.0447295541290154
202.58346275271126 -3.741466055276669
200.52231880211264 -4.574040593664776
198.461174851514 -3.786544556077936
196.40003090091534 -1.1488934893320646
194.3388869503167 -3.643936436611662
192.27774299971807 -4.975685684115722
190.21659904911942 -1.6786163738464819
188.15545509852078 -0.5658044922757921
186.09431114792213 -4.794690557369879
184.0331671973235 -4.721166394623542
181.97202324672486 -2.3899614967746587
179.91087929612624 -3.278066041556247
177.84973534552756 -3.9467884879600104
175.78859139492891 -3.9816027001544994
173.7274474443303 -3.6170244413502783
171.66630349373165 -2.133682749717326
169.60515954313303 -2.143711308864489
167.54401559253435 -3.8190428561289163
165.48287164193573 -4.2336996120476424
163.42172769133708 -5.882440297922837
161.36058374073846 -1.752584963819857
159.2994397901398 -3.94184803031429
157.23829583954117 -4.834352023035365
155.17715188894252 -2.0844673564920533
153.1160079383439 -2.486908850381124
151.05486398774525 -3.0869547052600375
148.9937200371466 -2.570966275919747
146.93257608654795 -2.0074477887412487
144.87143213594933 -3.6398388576266925
142.8102881853507 -1.6697881070469072
140.74914423475207 -2.351728452043992
138.6880002841534 -2.7800396929990736
136.62685633355474 -2.4538403566939024
134.56571238295612 -2.1964879870749523
132.50456843235747 -3.677040462492183
130.44342448175883 -2.9642661442829086
128.3822805311602 -3.7374024737558385
126.32113658056156 -3.216886332329238
124.25999262996292 -2.7205845150872734
122.19884867936427 -1.661915681071353
120.13770472876564 -3.620675934647578
118.07656077816698 -2.1754695377276696
116.01541682756834 -2.2558618910255297
113.95427287696971 -2.514152452656179
111.89312892637106 -1.2529062119838428
109.83198497577243 -2.6909633574701557
107.77084102517378 -3.0683918745902834
105.70969707457515 -4.129911875694066
103.6485531239765 -3.031297711227285
101.58740917337786 -4.126628722517089
99.52626522277923 -3.2179039780644536
97.46512127218057 -5.5669468377021145
95.40397732158193 -3.2814158065190546
93.3428333709833 -2.2536642400534657
91.28168942038465 -5.179393259036482
89.22054546978602 -1.9756105235048662
87.15940151918737 -1.6048452963707924
85.09825756858874 -2.441289780549193
83.03711361799009 -2.252338457056437
80.97596966739144 -1.9120925446293868
78.9148257167928 -0.4733963416341939
76.85368176619416 -1.9544410248411914
74.79253781559552 -2.895380273959753
72.73139386499687 -2.769593359710283
70.67024991439824 -0.8363198544133374
68.60910596379959 -1.3986448853734965
66.54796201320096 -2.334050957069678
64.48681806260232 -3.3154691487732193
62.425674112003676 -1.5201321048627618
60.364530161405035 -0.5810183093049964
58.3033862108064 -1.3460667425130577
56.24224226020776 -1.8996972170822082
54.18109830960912 -2.302423203952936
52.11995435901047 -2.8168843798088714
50.05881040841183 -1.6518716146880044
47.997666457813196 -1.5734504119754507
45.936522507214555 -2.1092246357460747
43.875378556615914 -0.12309953051749654
41.81423460601728 -3.035634917773717
39.75309065541864 -1.1530213969602499
37.69194670482 -0.9917073039736414
35.63080275422136 -3.517724184946172
33.569658803622715 -1.197750815069433
31.508514853024074 -2.4112869089340703
29.447370902425433 -2.0996745993505903
27.38622695182679 -1.374022577520703
25.32508300122815 -1.963525796989943
23.263939050629507 -0.18608268540510312
21.202795100030865 0.29750642111863773
19.141651149432228 0.3272535688479704
17.080507198833583 2.5136211540299613
15.019363248234944 1.7705442490909769
12.958219297636303 3.848352649430802
10.897075347037662 9.375142105771083
8.83593139643902 15.315755643772437
6.7747874458403805 25.400810252720376
4.71364349524174 37.01147988419174
2.6524995446430997 49.37090150527594
0.5913555940444587 56.52913913379437
-1.469788356554182 65.093943054083
-3.530932307152823 68.39233463355046
-5.592076257751463 69.02705521606245
-7.653220208350105 68.78097584973654
-9.714364158948745 66.70916277151291
-11.775508109547387 64.60832479996635
-13.836652060146028 66.86950773392275
-15.897796010744669 69.39427666130638
-17.958939961343308 72.73120136135728
-20.020083911941953 72.66729451324771
-22.08122786254059 72.80028540814604
-24.14237181313923 75.41665435808822
-26.20351576373787 70.80696020023156
-28.26465971433651 74.83079270658655
-30.32580366493515 75.94903703986243
-32.38694761553379 73.39171088844006
-34.44809156613243 67.76047434119934
-36.509235516731074 61.32905827586942
-38.570379467329715 50.49627378497546
-40.63152341792835 43.02929312391047
-42.69266736852699 35.20590746452074
-44.75381131912564 30.943002781265616
-46.81495526972428 27.226003947860676
-48.87609922032292 21.247481499720863
-50.93724317092156 17.992172927643804
-52.9983871215202 14.287141578720878
-55.059531072118844 9.16015494222144
-57.120675022717485 8.097898127370247
-59.181818973316126 7.505357083748757
-61.24296292391477 7.799483955928319
-63.304106874513415 5.444455230856279
-65.36525082511204 4.423399868959704
-67.42639477571069 2.631515474723436
-69.48753872630932 1.7849004352172966
-71.54868267690796 2.42968987398027
-73.60982662750662 -0.4511459227316689
-75.67097057810525 -0.45235763855423144
-77.7321145287039 -0.8003837347022819
-79.79325847930254 -1.5943121554818511
-81.85440242990119 0.5511186089333128
-83.91554638049982 -2.211124869045029
-85.97669033109845 -2.455136136420658
-88.0378342816971 -1.8847219922241145
-90.09897823229574 -2.267797505173549
-92.16012218289438 -2.3097515723273117
-94.22126613349302 -2.433892887810607
-96.28241008409167 -0.8794840715401742
-98.3435540346903 -2.224502086601182
-100.40469798528893 -2.9742609816316214
-102.46584193588757 -2.621535316374912
-104.52698588648622 -1.8764254346002227
-106.58812983708485 -2.560439508398782
-108.64927378768348 -2.356097634669643
-110.71041773828213 -2.7628897261017915
-112.77156168888078 -3.743889981740898
-114.83270563947943 -2.6370110005330107
-116.89384959007806 -2.4009237023527303
-118.95499354067671 -3.130819916163138
-121.01613749127534 0.1671564337656663
-123.07728144187398 -1.8309616172673968
-125.13842539247263 -3.9928482838554054
-127.19956934307126 -3.678210667455819
-129.2607132936699 -3.135640021638812
-131.32185724426856 -2.979794539664014
-133.3830011948672 -3.6495637562890577
-135.44414514546582 -2.478908914959134
-137.50528909606447 -1.744928454700241
-139.5664330466631 -3.25527486468995
-141.62757699726177 -4.995265220979188
-143.6887209478604 -2.834798924859529
-145.74986489845904 -2.1418320763592402
-147.81100884905766 -2.6207884695665777
-149.8721527996563 -3.7326979875257864
-151.93329675025495 -3.524558740143746
-153.9944407008536 -4.030036257311459
-156.05558465145222 -3.3187487863453744
-158.11672860205087 -4.376054341807545
-160.17787255264952 -4.3535858608045315
-162.23901650324817 -2.497392991535694
-164.3001604538468 -2.2985309860597742
-166.36130440444543 -2.9289677946985555
-168.42244835504405 -2.3539546666464
-170.48359230564273 -1.3675535905222558
-172.54473625624138 -3.483957694931594
-174.60588020684 -2.578888614225005
-176.66702415743865 -2.834696895957425
-178.72816810803727 -2.9068878169069783
-180.78931205863594 -2.345552762201533
-182.85045600923456 -4.263491412178831
-184.9115999598332 -3.839650069471035
-186.97274391043183 -3.113854005549694
-189.03388786103048 -3.5259592684219445
-191.09503181162913 -1.3437572471028272
-193.15617576222778 -2.7212236233496796
-195.2173197128264 -1.325434137614722
-197.27846366342504 -2.682027967677457
-199.3396076140237 -4.7633424258614685
-201.40075156462234 -4.897166667856783
-203.46189551522096 -4.625750246201581
-205.5230394658196 -4.767685241665982
-207.58418341641823 -3.7095441545980883
-209.6453273670169 -1.9694183504097842
-211.70647131761555 -3.2121383064882076
-213.76761526821417 -3.7416626327209017
-215.82875921881282 -3.705004387519302
-217.88990316941144 -1.5938812114602021
-219.95104712001012 -2.407255316844551
-222.01219107060874 -4.175501624744852
-224.07333502120738 -2.4724363433460366
-226.134478971806 -1.522685955798329
-228.19562292240468 -1.4260640441422867
-230.2567668730033 -4.296867926751863
-232.31791082360195 -4.301411092431071
-234.37905477420057 -3.888342175061851
-236.44019872479922 -2.9404490038782423
-238.50134267539786 -2.9158231521583877
-240.5624866259965 -4.902807230223648
-242.62363057659513 -1.8331920993990152
-244.68477452719378 -3.5267935936716777
-246.7459184777924 -2.8534230109946823
-248.80706242839108 -1.3251125847371452
-250.86820637898973 -2.977126833139507
-252.92935032958835 -1.6782999140526083
-254.990494280187 -2.335507756053232
-257.05163823078567 -2.348255626254582
-259.11278218138426 -2.165358220858275
-261.1739261319829 -4.568403189928497
-263.23507008258156 -2.441394463524057
-265.2962140331802 -3.1245437997848846
-267.3573579837788 -2.7292849085468682
-269.4185019343775 -1.1562107949022604
-271.47964588497615 -2.1753516523731187
-273.54078983557474 -2.7417161946369664
-275.6019337861734 -3.8181420378198245
-277.66307773677204 -4.365860271803709
-279.7242216873707 -4.424614098060142
-281.78536563796933 -0.9045417833849155
-283.8465095885679 -4.206866597389884
-285.90765353916663 -2.717947569476023
-287.9687974897652 -2.9665238207535776
