# BEGINHEADER
# This file contains data from the SALSA 2m radio telescope.
# DATE=2024-04-12T07:40:0005
# GLON and GLAT given in degrees
# GLON=86.8059271852248
# GLAT=4.0421897031062
# DATA in two columns below. Col. 1 is velocity relative to LSR [km/s]. Col. 2 is uncalibrated antenna temperature [K].
# ENDHEADER
290.807142030561 -1.1543347906138923
288.7459980799624 -0.551004795346962
286.6848541293637 0.5774018711178681
284.6237101787651 -0.6917132077703745
282.5625662281665 0.5117784968379235
280.50142227756777 -0.814121684963068
278.4402783269692 1.5889713577443327
276.37913437637053 0.391439691573932
274.31799042577194 -0.2691143753575019
272.25684647517323 1.0346686983073046
270.1957025245746 1.256121836156139
268.134558573976 2.523659099684001
266.07341462337735 1.2658410813624426
264.0122706727787 2.9351382926517737
261.95112672218005 1.3066477288917664
259.8899827715814 2.0005654723699604
257.8288388209828 2.1484220874931026
255.76769487038413 1.8124210846791815
253.70655091978549 2.012596896873269
251.64540696918687 2.2460351458152474
249.58426301858822 1.8784746148829885
247.5231190679896 1.0193747905561317
245.46197511739092 1.6986274178127116
243.4008311667923 1.1494668800683185
241.33968721619365 1.2003505381179471
239.278543265595 1.5001824338963279
237.21739931499636 -0.15484424419453857
235.1562553643977 -0.6343221072587693
233.0951114137991 2.2967691717643386
231.03396746320044 0.9914078516599674
228.97282351260182 -0.8452643519580806
226.91167956200314 1.2073701957588292
224.85053561140452 0.38529278297879954
222.78939166080588 0.787571028080538
220.72824771020726 0.8416162351522671
218.6671037596086 2.3887032788550893
216.60595980900996 2.2909869541834404
214.5448158584113 1.4764518394825652
212.4836719078127 3.1700141941698154
210.42252795721404 0.0619098998180538
208.3613840066154 1.2432314735573373
206.30024005601675 2.3414594244780407
204.23909610541813 -1.1939523746349314
202.17795215481948 0.44175274264575526
200.11680820422083 0.9727448960651427
198.05566425362218 -0.733900223396029
195.99452030302353 1.4950662764375442
193.93337635242492 1.8668106778262268
191.87223240182627 -0.08112209296643796
189.81108845122765 0.17563379255689165
187.74994450062897 1.8472561638680096
185.68880055003035 1.454746840816509
183.6276565994317 -0.12039549235544401
181.56651264883308 0.610034386249556
179.5053686982344 1.2636467582979563
177.4442247476358 0.4322179109240949
175.38308079703714 0.10455665257208208
173.32193684643852 1.4879140333620626
171.26079289583987 -0.8619016634140325
169.19964894524122 0.24072021466326182
167.13850499464257 -0.42201992292788865
165.07736104404395 0.7179997483075404
163.0162170934453 0.1849594542884377
160.95507314284666 -0.2087703096171709
158.893929192248 0.19688750212220266
156.83278524164936 -0.15562361704698674
154.77164129105074 0.20628649822931105
152.7104973404521 0.15468306971472504
150.64935338985347 -0.4819422630984926
148.5882094392548 -2.067559867646608
146.52706548865618 -1.929306948424239
144.46592153805753 -0.5881991426333373
142.4047775874589 -1.0430944334684222
140.34363363686023 -0.973155710876421
138.2824896862616 -1.425545995735427
136.22134573566296 1.2281704726031197
134.16020178506434 -0.8226000909068373
132.0990578344657 -0.442574720977567
130.03791388386705 0.07759633303378224
127.9767699332684 -0.2722275382332124
125.91562598266977 -2.026076397519984
123.85448203207113 -2.89116594155594
121.79333808147248 -1.8142316508202818
119.73219413087385 0.31213708365905307
117.6710501802752 -2.0723561775122668
115.60990622967657 -0.7573645510296257
113.54876227907792 -0.6601703509280956
111.48761832847929 -0.8647747859872492
109.42647437788065 -0.8761559455204784
107.365330427282 -0.887132421314927
105.30418647668337 -2.3921367559441515
103.24304252608471 -1.3425469398330196
101.18189857548607 -1.4718048139861049
99.12075462488743 -1.8759272960391657
97.0596106742888 -0.9754484657450226
94.99846672369016 -0.7949100305020961
92.93732277309152 -2.260900196675573
90.87617882249288 -1.6986494586362624
88.81503487189424 -2.2697453171351314
86.7538909212956 -1.722119799763865
84.69274697069696 -0.8042468918997833
82.63160302009832 -2.5819473624412197
80.57045906949968 -1.5044852526700785
78.50931511890104 -3.6695552405078016
76.4481711683024 -2.7991518097354704
74.38702721770376 -2.77713094667296
72.32588326710513 -2.0471410535049155
70.26473931650648 -0.36250956822663705
68.20359536590784 -1.7406815104090372
66.14245141530918 -2.4045454580852823
64.08130746471055 -2.290076185415877
62.020163514111914 -0.9690827120689934
59.95901956351327 0.14307008720155112
57.89787561291463 -1.5454235209694673
55.836731662315984 -2.2658660566326962
53.77558771171735 -1.1706401915260656
51.71444376111871 -1.775152632571545
49.65329981052007 -1.7956274239274836
47.59215585992143 -1.9907777471410433
45.531011909322785 -1.543712583793436
43.469867958724144 -1.8081359858869506
41.4087240081255 -1.83008134863708
39.34758005752687 -1.6677588893412731
37.28643610692823 -0.7768437210431145
35.22529215632958 -0.37572860567917943
33.16414820573094 -1.4516128120612015
31.103004255132298 -0.7855302616584966
29.04186030453366 -1.0278245904892915
26.98071635393502 1.3693430450002806
24.919572403336378 0.5860635448442107
22.85842845273774 0.989962851959219
20.797284502139096 4.539316669298161
18.736140551540455 4.720070185148299
16.674996600941817 11.395799600263032
14.613852650343174 16.2729919041376
12.552708699744533 26.64012354017446
10.491564749145892 43.198977327822845
8.430420798547251 62.09934181092085
6.36927684794861 75.70598003494108
4.308132897349971 84.01160202854912
2.246988946751329 91.66196806077198
0.18584499615268826 97.09734336426511
-1.8752989544459524 100.33101811497923
-3.936442905044593 101.12776487754574
-5.997586855643235 101.42932703461614
-8.058730806241876 96.98636821385642
-10.119874756840517 86.87064069836723
-12.181018707439156 78.07210872348857
-14.242162658037797 69.09929734803006
-16.303306608636436 58.32482053343285
-18.364450559235078 46.56918285109174
-20.42559450983372 39.77352431779623
-22.48673846043236 34.14965929090199
-24.547882411031 27.952552131136134
-26.609026361629642 24.78662080938791
-28.670170312228283 18.73836684676605
-30.731314262826924 18.754221830677583
-32.79245821342556 18.387168869371738
-34.8536021640242 17.86528827100302
-36.914746114622844 19.20632513465965
-38.975890065221485 22.179521983145435
-41.03703401582013 25.107048435579692
-43.09817796641877 24.66077595894163
-45.15932191701741 25.23627815623968
-47.22046586761605 24.890046552011196
-49.28160981821469 26.384291143556815
-51.34275376881333 25.723831989519944
-53.40389771941197 22.770961038251603
-55.46504167001061 23.726877830876216
-57.52618562060925 21.657546325051847
-59.58732957120789 20.569747285979794
-61.64847352180654 20.02501736313261
-63.70961747240518 21.04754565656609
-65.77076142300382 22.625383144197173
-67.83190537360245 23.729180553067472
-69.8930493242011 29.123568492558334
-71.95419327479974 30.18746725637323
-74.01533722539838 36.11241483824729
-76.07648117599702 36.28879464870197
-78.13762512659565 39.020173172147544
-80.1987690771943 36.31088619652901
-82.25991302779293 33.930130807526574
-84.32105697839158 30.32799307701874
-86.38220092899022 28.01896809893517
-88.44334487958886 28.100707960644094
-90.50448883018751 28.26564575810868
-92.56563278078615 24.609104464726695
-94.6267767313848 21.98771754874349
-96.68792068198343 15.808931893575338
-98.74906463258208 13.21019916590246
-100.81020858318072 12.862378838517749
-102.87135253377936 10.285725904913631
-104.932496484378 7.056659848073187
-106.99364043497664 5.399865373131433
-109.05478438557529 7.294939123011047
-111.11592833617392 6.2782993178899185
-113.17707228677256 4.879002826753195
-115.2382162373712 2.561758738359692
-117.29936018796984 2.0931345766472913
-119.36050413856849 0.9012901995628176
-121.42164808916712 0.3667401680427587
-123.48279203976577 -0.39624486917763757
-125.5439359903644 -0.4747505466580288
-127.60507994096305 -2.944019593094273
-129.66622389156169 -2.2262437377836606
-131.72736784216033 -3.6715817986914545
-133.78851179275898 -1.7340629614282428
-135.8496557433576 -0.7022943966214836
-137.91079969395625 -2.894782814574979
-139.97194364455487 -2.932854580379744
-142.03308759515355 -3.6085145564880956
-144.09423154575217 -1.962638534114993
-146.1553754963508 -2.8954491370963886
-148.21651944694946 -1.3780911483020257
-150.2776633975481 -2.2702132954399037
-152.33880734814676 -4.5409329981876825
-154.39995129874538 -2.669806444299049
-156.46109524934403 -2.7642754519059944
-158.52223919994265 -3.3278146708961924
-160.58338315054132 -2.983911797485231
-162.64452710113994 -2.8959882544290774
-164.7056710517386 -2.816438847973774
-166.7668150023372 -1.6224123177369887
-168.82795895293586 -2.5086843328282273
-170.8891029035345 -2.1772110985043347
-172.95024685413316 -2.818356430617341
-175.01139080473178 -2.5615057630143365
-177.07253475533042 -2.884760870948362
-179.13367870592907 -1.7653046399263357
-181.19482265652772 -1.586608662974538
-183.25596660712634 -1.7206281616234957
-185.317110557725 -2.321665592397697
-187.37825450832364 -2.598869057317437
-189.43939845892228 -1.7661850610137393
-191.50054240952093 -2.953292319789766
-193.56168636011955 -1.3394546553397038
-195.6228303107182 -1.9319835415109547
-197.68397426131682 -3.9917832902366475
-199.7451182119155 -1.4719180818864412
-201.80626216251412 -0.008840635518095
-203.86740611311276 -3.973156976599311
-205.92855006371138 -1.8236329648086769
-207.98969401431006 -1.9570162299921048
-210.05083796490868 -2.2145173205587088
-212.11198191550733 -1.5229829601729732
-214.17312586610595 0.1524115900003526
-216.2342698167046 -3.0825700891582835
-218.29541376730324 -1.8054290640078963
-220.3565577179019 -2.814513516970915
-222.4177016685005 -1.761206342796489
-224.47884561909916 -1.7389899839285716
-226.5399895696978 -2.5123104140616794
-228.60113352029646 -0.562944768237327
-230.6622774708951 -1.5697792085205335
-232.72342142149373 -1.0569725038056959
-234.78456537209237 -1.1457398209160357
