# BEGINHEADER
# This file contains data from the SALSA 2m radio telescope.
# DATE=2024-03-27T10:24:0027
# GLON and GLAT given in degrees
# GLON=164.798769703718
# GLAT=-0.2981223422341155
# DATA in two columns below. Col. 1 is velocity relative to LSR [km/s]. Col. 2 is uncalibrated antenna temperature [K].
# ENDHEADER
232.0273277571144 17.23506571815082
229.96618380651577 27.2963835570242
227.9050398559171 21.711748277907322
225.84389590531848 24.962406749404252
223.78275195471983 20.032404957024447
221.7216080041212 16.82924152898942
219.66046405352253 18.672638598178846
217.5993201029239 19.527431542801924
215.53817615232526 21.211313920738203
213.47703220172664 12.208280149568028
211.415888251128 -0.33999031519468975
209.35474430052935 23.54941257274763
207.2936003499307 16.322631281505778
205.23245639933208 19.200425470906186
203.17131244873343 19.31759813726986
201.1101684981348 22.983907130511408
199.04902454753613 20.16028334735288
196.9878805969375 15.91583045661887
194.92673664633887 14.79038706260497
192.86559269574022 17.649153027967678
190.80444874514157 17.51696809828927
188.74330479454292 17.03794853870113
186.6821608439443 21.157158663294233
184.62101689334565 20.7981726390023
182.55987294274703 18.176884268181595
180.49872899214836 16.250212728496827
178.43758504154974 18.57997522426365
176.3764410909511 17.4580653646996
174.31529714035247 19.423267144623935
172.25415318975382 20.58196082709507
170.19300923915517 21.555293834747037
168.13186528855653 20.187313848955412
166.0707213379579 17.302580321964722
164.00957738735926 18.66408411209344
161.94843343676058 18.62840872737578
159.88728948616196 17.12598138195064
157.8261455355633 18.677971012054698
155.7650015849647 23.750911109030962
153.70385763436605 20.168351632010676
151.6427136837674 18.169976575191974
149.58156973316875 18.43804395921257
147.52042578257013 18.852438776506638
145.45928183197148 20.96246185242027
143.39813788137286 21.060288042277055
141.33699393077418 19.3081540355714
139.27584998017556 21.482745660589405
137.21470602957692 18.448877917521813
135.1535620789783 19.808469649440795
133.09241812837965 16.981838475689536
131.031274177781 18.94334927679018
128.97013022718235 18.376370350132575
126.90898627658372 16.086430031396905
124.84784232598507 18.986734884939608
122.78669837538644 18.198147748822723
120.72555442478779 18.64253728028436
118.66441047418915 19.53101657550246
116.60326652359052 21.614899250866237
114.54212257299187 22.492613419971118
112.48097862239324 22.778336797644855
110.41983467179459 20.770827996099527
108.35869072119596 21.07218593334489
106.29754677059731 18.753487962036655
104.23640281999867 18.825881039960937
102.17525886940003 20.68794449876955
100.11411491880138 22.276677877463182
98.05297096820274 19.59045721100674
95.9918270176041 18.672912831255946
93.93068306700546 21.681798031255447
91.86953911640683 20.582707201570635
89.80839516580818 22.945837210256126
87.74725121520954 21.015002638368177
85.6861072646109 22.40711186180716
83.62496331401226 21.750822177069512
81.56381936341361 21.274470859755386
79.50267541281498 23.24700154411072
77.44153146221635 25.264669100286216
75.3803875116177 22.360953567011343
73.31924356101906 22.44488900231031
71.25809961042042 23.204566883470196
69.19695565982178 25.622189505780792
67.13581170922313 24.034702941263607
65.07466775862449 21.494421713869876
63.01352380802585 22.58639313044718
60.95237985742721 21.97119610205352
58.89123590682857 24.26384542127267
56.830091956229936 23.83217929063164
54.76894800563129 25.68126538420146
52.707804055032646 30.247779836119744
50.646660104434005 32.33543907124631
48.58551615383537 27.247387141945218
46.52437220323673 26.260056478789142
44.46322825263809 25.707751826945643
42.40208430203945 24.91181726841501
40.340940351440814 25.301379643966538
38.27979640084217 24.13488160306808
36.21865245024353 14.59482771307717
34.157508499644884 13.81058554277004
32.09636454904624 28.50198488653488
30.035220598447605 24.754585267889173
27.974076647848964 28.29375410192746
25.912932697250323 24.19198999248219
23.851788746651682 22.209385948840648
21.79064479605304 27.15731103976725
19.729500845454396 25.44529924867752
17.66835689485576 26.199985232066307
15.607212944257117 34.02304506503097
13.546068993658475 29.284492799950286
11.484925043059837 28.86101068464012
9.423781092461196 30.580046432244465
7.362637141862555 32.328624878669366
5.301493191263913 33.77969545263088
3.2403492406652727 31.57454624549469
1.1792052900666319 37.031481718072975
-0.8819386605320089 33.80259865960704
-2.9430826111306496 34.63756847596039
-5.004226561729291 34.804773230896274
-7.065370512327931 34.56035517460277
-9.12651446292657 34.41283624660165
-11.187658413525213 32.957372524568214
-13.248802364123854 37.084099701794656
-15.309946314722495 42.09790388488921
-17.371090265321136 38.79980979697666
-19.432234215919777 39.73390862803947
-21.49337816651842 34.901938783896426
-23.554522117117056 35.07551906298177
-25.615666067715694 29.499536164047186
-27.676810018314338 29.565421614567825
-29.73795396891298 35.3520987258191
-31.79909791951162 34.5932817263826
-33.86024187011026 33.259250652401185
-35.9213858207089 32.89062795643298
-37.98252977130754 34.234722030891604
-40.04367372190618 32.45591706016316
-42.10481767250483 35.106920699455415
-44.16596162310346 42.2216211571951
-46.227105573702104 37.15062374823292
-48.288249524300745 31.813604703421582
-50.349393474899394 31.546951600334726
-52.410537425498035 31.557590977148458
-54.47168137609667 32.996633821964835
-56.53282532669531 32.58400496666567
-58.59396927729395 30.50101571386152
-60.6551132278926 34.221556267505456
-62.71625717849124 35.30541163278271
-64.77740112908988 32.18987523257573
-66.83854507968852 33.624814230043825
-68.89968903028716 33.8005986815737
-70.9608329808858 33.369919260273385
-73.02197693148445 31.445125171669382
-75.08312088208308 32.203352829542084
-77.14426483268171 35.72173256474074
-79.20540878328036 31.669209972379413
-81.266552733879 34.05160060542094
-83.32769668447764 33.285729478193915
-85.38884063507628 33.29129739280349
-87.44998458567493 30.680816538155096
-89.51112853627356 32.53295124034867
-91.57227248687221 34.70791636346841
-93.63341643747086 33.30970256456595
-95.69456038806949 30.876381457487433
-97.75570433866814 33.169537192997836
-99.81684828926677 34.63056104532886
-101.8779922398654 35.1213675766896
-103.93913619046405 33.513745220598615
-106.00028014106269 37.66657528626681
-108.06142409166134 45.918974240845756
-110.12256804225997 33.39384003859415
-112.18371199285862 32.65036914220446
-114.24485594345725 31.127325955469676
-116.30599989405589 34.08880260679168
-118.36714384465454 30.73220646112829
-120.42828779525317 31.35299781471878
-122.48943174585182 33.715653857024755
-124.55057569645045 33.45206575861023
-126.6117196470491 35.30307449974872
-128.67286359764773 34.024548238117205
-130.73400754824638 34.756922777339824
-132.79515149884503 32.40403720083397
-134.85629544944365 32.834060928599605
-136.9174394000423 34.49689968850994
-138.97858335064095 38.02040927011557
-141.0397273012396 33.089312872009835
-143.1008712518382 33.608683637190644
-145.16201520243686 32.467068657840485
-147.22315915303548 33.47665338897875
-149.28430310363416 29.919912989767276
-151.3454470542328 30.068647690555828
-153.40659100483143 35.14897125103373
-155.46773495543007 34.73972651921826
-157.5288789060287 31.777074668610663
-159.59002285662737 33.05974045835886
-161.651166807226 30.86724253678757
-163.71231075782464 26.219187152853323
-165.77345470842326 34.00286054967235
-167.83459865902194 30.780897193921803
-169.89574260962056 35.80241498707464
-171.9568865602192 31.41157690441162
-174.01803051081782 33.7856127141483
-176.07917446141647 33.267118615904224
-178.14031841201512 33.41888828195975
-180.20146236261377 29.28319869094482
-182.2626063132124 30.377217966643432
-184.32375026381104 34.12730220950299
-186.38489421440966 35.10478237879775
-188.44603816500833 33.83294746031026
-190.50718211560698 32.96823641808675
-192.5683260662056 34.029664070168565
-194.62947001680425 33.88083309379789
-196.6906139674029 32.17994992836716
-198.75175791800154 34.0668156216713
-200.81290186860016 34.63625874984396
-202.8740458191988 31.880137164794334
-204.93518976979743 31.849170608053686
-206.9963337203961 30.67359829832385
-209.05747767099473 31.851009423967618
-211.11862162159338 26.591966172388105
-213.179765572192 28.985095635259427
-215.24090952279064 34.321024496576506
-217.3020534733893 31.80893696215282
-219.36319742398794 33.14146179117171
-221.42434137458656 30.059759818904134
-223.4854853251852 29.40018320071327
-225.54662927578389 31.485512118354933
-227.6077732263825 31.307420062614124
-229.66891717698115 30.77504336676062
-231.73006112757977 31.99284334431804
-233.79120507817842 29.308558040044357
-235.85234902877707 32.72318867724736
-237.91349297937572 35.12681476451804
-239.97463692997434 37.8545956953348
-242.035780880573 27.355676180771372
-244.0969248311716 26.655464530761495
-246.15806878177028 31.929471739428365
-248.2192127323689 28.7009319520812
-250.28035668296755 29.15188266974078
-252.34150063356617 30.650535530333926
-254.40264458416482 34.1282289700039
-256.46378853476347 20.7369746491233
-258.5249324853621 26.47088621444235
-260.58607643596076 29.782480686315477
-262.64722038655935 33.03620961470789
-264.70836433715806 32.86188176711083
-266.76950828775665 29.59240563184567
-268.8306522383553 30.487186863461265
-270.891796188954 31.195393148382028
-272.9529401395526 29.169774365629866
-275.01408409015124 24.80666378289096
-277.07522804074983 31.924536550741184
-279.13637199134854 33.797692447731755
-281.1975159419472 31.070251047285968
-283.2586598925458 32.85311666824102
-285.3198038431444 29.218672238468123
-287.3809477937431 25.117426889962434
-289.4420917443417 26.33795792924986
-291.5032356949404 24.242522980220137
-293.56437964553896 29.181334673937425
