# BEGINHEADER
# This file contains data from the SALSA 2m radio telescope.
# DATE=2024-04-12T07:01:0026
# GLON and GLAT given in degrees
# GLON=35.79563698436013
# GLAT=4.267213357147737
# DATA in two columns below. Col. 1 is velocity relative to LSR [km/s]. Col. 2 is uncalibrated antenna temperature [K].
# ENDHEADER
308.93926598939976 -0.2331180258465003
306.8781220388011 -0.0715437923324062
304.81697808820246 0.10425273653474326
302.7558341376038 2.193525894975578
300.69469018700516 0.8515133295491015
298.6335462364066 1.9541165159868727
296.57240228580787 -0.5664527671988429
294.5112583352092 1.150494211694134
292.45011438461063 -2.1752142965917374
290.388970434012 8.87388223536463
288.32782648341333 30.993464594878397
286.2666825328147 -3.4567327607472675
284.20553858221604 3.0693313191158977
282.14439463161744 -0.6368999430617932
280.08325068101874 1.8007570127786077
278.02210673042015 1.4153551732616185
275.9609627798215 0.8280476429144302
273.8998188292228 0.6414980736651901
271.8386748786242 -0.8712907940759824
269.77753092802556 0.5525457938515214
267.71638697742696 -1.040662314480091
265.65524302682826 1.744860151638636
263.5940990762296 -0.7262758166921539
261.532955125631 6.877998274638912
259.47181117503237 9.37450251258526
257.4106672244337 -1.371285620549807
255.34952327383508 1.6372223699968418
253.28837932323646 -1.7846095920351046
251.22723537263778 1.952793703973138
249.16609142203916 0.25903056939038693
247.1049474714405 0.8237684312100664
245.0438035208419 1.1631254162892526
242.98265957024324 -0.510822295707589
240.92151561964457 -0.06185255753411299
238.86037166904595 -0.3210199719065198
236.7992277184473 0.2572591619395331
234.73808376784868 -0.13001543349429023
232.67693981725003 2.6303120419888897
230.61579586665138 -0.3669532367817039
228.55465191605273 -1.4861336572076214
226.4935079654541 -0.41937640978580293
224.43236401485547 0.6777333434873717
222.37122006425682 0.6822630367239793
220.31007611365817 -0.31637231948357813
218.24893216305955 -0.743984367651473
216.1877882124609 -0.5309985406986071
214.12664426186228 -0.8361070966875271
212.0655003112636 0.18793466110781973
210.00435636066499 0.7709777443534597
207.94321241006634 -1.045962047634473
205.88206845946772 1.0922433525372741
203.82092450886907 2.222372944469915
201.7597805582704 2.8233809979214946
199.69863660767177 -0.2649472737283564
197.63749265707315 -0.791566671822385
195.5763487064745 1.2750283007624346
193.51520475587586 0.590217200682138
191.45406080527724 0.529742352958111
189.3929168546786 -1.5146348791706
187.33177290407997 -1.076553375175845
185.2706289534813 -0.4014903704694622
183.20948500288267 -0.8952186752840596
181.14834105228402 -1.1966728367656638
179.0871971016854 -0.7512038200098433
177.02605315108676 -0.7658949982738625
174.9649092004881 0.11633608947395367
172.90376524988946 -0.7767246756090073
170.84262129929084 -0.7041999835238553
168.7814773486922 -0.5086218726474244
166.72033339809357 -0.7213821629163297
164.6591894474949 -1.551192760963446
162.59804549689628 -0.1402271101771584
160.53690154629763 -1.583763214355973
158.47575759569898 -0.7700436880042502
156.41461364510033 -0.17384024018687175
154.35346969450168 -1.4467399936709067
152.29232574390306 -1.8968748384542478
150.23118179330442 -0.9920626986335126
148.1700378427058 -0.4871854417587221
146.10889389210712 0.08459189504605366
144.0477499415085 0.04697858763004595
141.98660599090985 -0.12371041710644716
139.92546204031123 -1.5759055512626474
137.86431808971258 -0.7445414996801595
135.80317413911393 -1.2799368501581496
133.7420301885153 -1.8849833143550367
131.68088623791667 -1.6433928965604359
129.61974228731802 -1.763099982889468
127.55859833671937 -0.970944325850625
125.49745438612074 -1.6032054194708523
123.43631043552209 -1.413397286692077
121.37516648492345 -3.013698487051859
119.3140225343248 -2.390871211629545
117.25287858372617 -1.2486415489841631
115.19173463312752 -0.6827048854185525
113.13059068252889 -1.5694802622562487
111.06944673193026 -2.8832018227845166
109.00830278133161 -0.8556200897870592
106.94715883073297 0.6111769399730831
104.88601488013433 -0.7482406734925292
102.82487092953568 0.12409243486686705
100.76372697893703 1.763588193100625
98.7025830283384 1.7552374257824532
96.64143907773976 2.989301051386392
94.58029512714111 2.8496607922232364
92.51915117654248 4.4806850655764245
90.45800722594383 7.080648151347381
88.3968632753452 5.923547553294626
86.33571932474655 7.375524963621268
84.27457537414791 9.469190683418049
82.21343142354928 10.248673251056614
80.15228747295063 11.494150746836766
78.091143522352 8.567457233915814
76.02999957175335 9.179337526757894
73.96885562115472 9.847675683626994
71.90771167055607 10.107593405861028
69.84656771995743 10.894635621030773
67.7854237693588 10.022984064451197
65.72427981876015 12.300474737822348
63.663135868161504 11.840255145286536
61.60199191756287 15.649393914805339
59.54084796696423 17.55927893577482
57.47970401636559 16.734868112943207
55.41856006576694 19.2506354767178
53.3574161151683 20.586885651934043
51.29627216456966 21.462684653375646
49.235128213971024 23.167964993713333
47.17398426337238 23.10050251288406
45.11284031277374 22.46491922081528
43.0516963621751 26.49087688357562
40.99055241157646 31.04744886818848
38.92940846097782 33.72371824093866
36.86826451037918 34.98073881786901
34.807120559780536 39.251660548309474
32.745976609181895 40.103929454454665
30.684832658583254 43.03679168010321
28.623688707984613 44.75113210644387
26.56254475738597 46.944256822784546
24.501400806787334 48.83132667281745
22.440256856188693 49.61299387829434
20.37911290559005 49.41791773587537
18.31796895499141 51.4858880318177
16.25682500439277 54.9654948622307
14.195681053794127 57.50830988635556
12.134537103195488 58.6468225351691
10.073393152596847 57.57751334656751
8.012249201998205 59.04231064067299
5.951105251399564 57.82861343970048
3.889961300800924 63.76625588837783
1.828817350202283 57.263254576346526
-0.23232660039635758 33.70964915741163
-2.2934705509949986 15.757269039632583
-4.354614501593639 7.37437825382886
-6.41575845219228 4.725028214171337
-8.47690240279092 1.5089280838004593
-10.538046353389563 0.736252482974161
-12.599190303988202 -0.327187359804147
-14.660334254586843 2.2423451973875945
-16.72147820518548 2.482836982969718
-18.782622155784125 3.0445581041926557
-20.843766106382766 3.6695425931146652
-22.904910056981404 3.470968548544351
-24.966054007580045 3.401951047611104
-27.02719795817869 5.478293994025671
-29.08834190877733 5.234197974280171
-31.149485859375968 6.558878233208173
-33.21062980997461 8.283365882233586
-35.27177376057325 8.457579402661759
-37.33291771117189 9.638405604283022
-39.39406166177053 10.784213666765991
-41.45520561236918 8.729393087352413
-43.51634956296782 10.26537096857101
-45.57749351356646 12.897466086174465
-47.63863746416509 13.331624020764202
-49.699781414763734 12.676557438900725
-51.760925365362375 15.189646859567095
-53.822069315961016 15.682853860314474
-55.88321326655966 13.818962374065203
-57.9443572171583 14.312731788879088
-60.00550116775694 11.205103543369548
-62.06664511835558 7.172528843159316
-64.12778906895421 5.637423361411412
-66.18893301955286 2.526502601038966
-68.2500769701515 0.07348969100011746
-70.31122092075015 -0.5100030747558331
-72.37236487134878 -0.7562061752535224
-74.43350882194743 -3.311185065343007
-76.49465277254606 -2.1031375421444314
-78.55579672314471 -2.029215246734579
-80.61694067374334 -2.1105857448145877
-82.67808462434198 -3.583165925978777
-84.73922857494063 -2.6761379476455036
-86.80037252553926 -3.9986471820946243
-88.86151647613791 -3.556223589524908
-90.92266042673656 -3.0979819563943605
-92.9838043773352 -3.1292907711734985
-95.04494832793384 -3.859977786181454
-97.10609227853247 -2.380228216562482
-99.16723622913112 -2.830810362488984
-101.22838017972975 -3.524673888529164
-103.2895241303284 -4.556876050521428
-105.35066808092704 -3.681429414396015
-107.41181203152568 -2.189389012764954
-109.47295598212432 -2.1147731514905903
-111.53409993272295 -3.6059861045515524
-113.5952438833216 -2.678602330264796
-115.65638783392023 -2.852327607516628
-117.71753178451888 -2.910013211322423
-119.77867573511752 -1.4786527591555574
-121.83981968571617 -1.6406672492419834
-123.9009636363148 -2.6310013380760773
-125.96210758691343 -1.8038765639622225
-128.0232515375121 -2.1235121318005334
-130.08439548811072 -3.535549767817077
-132.14553943870936 -1.2662709968025179
-134.206683389308 -3.702613930530134
-136.26782733990666 -2.8105589610311856
-138.32897129050528 -2.654392499557931
-140.39011524110393 -3.658781085035213
-142.45125919170255 -1.9760888272673374
-144.51240314230122 -2.1229892670494417
-146.57354709289984 -2.7963840074635167
-148.6346910434985 -3.229658820614677
-150.69583499409714 -1.9504080822674859
-152.75697894469576 -2.838070728460857
-154.81812289529444 -0.8308538391783935
-156.87926684589306 -2.1216695369073975
-158.9404107964917 -0.8572906184574289
-161.00155474709032 -1.5623821523954924
-163.062698697689 -1.2742464227279386
-165.12384264828762 -2.7339569445927188
-167.18498659888627 -2.4339615871184503
-169.2461305494849 -1.7710951623960984
-171.30727450008354 -2.946694802943395
-173.36841845068219 -1.4217388110882934
-175.42956240128083 -2.908854078061883
-177.49070635187945 -2.654775956849284
-179.5518503024781 -3.8075611835339656
-181.61299425307672 1.9913784687267797
-183.6741382036754 -0.533631965365514
-185.73528215427402 -2.8187755532744783
-187.79642610487267 -0.7253792167817155
-189.8575700554713 -1.9346343800276005
-191.91871400606996 -3.2906460468752776
-193.9798579566686 -3.1359694139966114
-196.04100190726723 -0.8557836822083268
-198.10214585786588 -1.3334447372442813
-200.16328980846453 -1.8866174570656296
-202.22443375906317 -2.837510889868927
-204.28557770966182 -1.88241649782857
-206.34672166026047 -1.1350899355957944
-208.4078656108591 1.131053542388996
-210.46900956145774 13.907718837861742
-212.53015351205636 -1.7955358408943745
-214.59129746265504 -1.097203118118026
-216.65244141325365 1.9484939320861916
