# BEGINHEADER
# This file contains data from the SALSA 2m radio telescope.
# DATE=2024-04-12T05:59:0038
# GLON and GLAT given in degrees
# GLON=38.93829715183596
# GLAT=0.2978372390303473
# DATA in two columns below. Col. 1 is velocity relative to LSR [km/s]. Col. 2 is uncalibrated antenna temperature [K].
# ENDHEADER
309.0044702101424 -1.1989220236147664
306.9433262595438 -0.9870808051268913
304.8821823089452 -1.9474805147534122
302.8210383583465 0.2572832111198024
300.7598944077479 0.3030435266545454
298.69875045714923 -0.8084137517720656
296.6376065065506 -0.7662756202279393
294.576462555952 -0.9589711281626078
292.5153186053533 0.42362754793649754
290.4541746547547 -1.5182904473885581
288.39303070415605 0.5583924845975281
286.3318867535574 -0.34545945999735583
284.27074280295875 -1.0183667419650757
282.2095988523601 -0.6670595726103267
280.1484549017615 -0.7239265810437382
278.0873109511628 1.0334576460488125
276.02616700056416 0.72723503573131
273.96502304996557 0.11009163166778277
271.9038790993669 0.0165867656101336
269.84273514876827 0.5251562863129653
267.7815911981696 -0.5429909082433009
265.720447247571 0.8581445543842755
263.6593032969724 -0.588385925113122
261.5981593463737 -0.5728971920016637
259.5370153957751 1.3923344260556934
257.47587144517644 -1.6357801435573833
255.4147274945778 -1.0296144789560346
253.35358354397914 -0.9995169868343241
251.2924395933805 -0.41532551067397255
249.23129564278187 0.6412426911759613
247.17015169218323 0.25654513113065963
245.1090077415846 0.630555016997332
243.04786379098593 -0.02367599109089729
240.9867198403873 0.36334430561041414
238.92557588978866 0.03240361426047451
236.86443193919 0.6326695017242849
234.8032879885914 -0.34603278286940226
232.74214403799272 -0.27469761906097134
230.6810000873941 -1.6062398535052722
228.61985613679545 0.8043488210903044
226.55871218619683 -0.07806984275586663
224.49756823559818 -0.9046869428163433
222.43642428499953 0.6375355347612327
220.37528033440088 0.8611541511482049
218.31413638380226 -1.3388878071376868
216.25299243320362 -0.6536822632343904
214.19184848260497 0.702786175795345
212.13070453200632 -1.5424106515038796
210.0695605814077 -1.6628529488310104
208.00841663080905 -1.2584080867491918
205.94727268021043 1.6952638434274512
203.88612872961176 -1.024343426613246
201.8249847790131 -0.9447064292429521
199.7638408284145 -1.8574531797554508
197.70269687781584 -0.939486018190426
195.64155292721722 -1.6653617875802054
193.58040897661854 -1.1851888119114853
191.51926502601992 0.1705446284682129
189.45812107542127 -1.444345348852696
187.39697712482266 -0.6348857774199447
185.33583317422398 -0.7923837120027881
183.27468922362536 0.33407307374962153
181.2135452730267 -2.1237878396196903
179.1524013224281 -1.9485178480644596
177.09125737182944 -1.7006351436762113
175.0301134212308 -0.875960128194893
172.96896947063215 -2.048826349154653
170.90782552003353 -0.6566274515018868
168.84668156943488 -1.3779427565131825
166.78553761883626 -0.536452835137039
164.72439366823758 -1.2243165454916396
162.66324971763893 -1.6466094045043538
160.6021057670403 -2.640076233223975
158.54096181644167 -2.5285247979607957
156.47981786584305 -3.1175352493510613
154.41867391524437 -1.813035315009997
152.35752996464575 -2.482707652013093
150.2963860140471 -2.3267046463487695
148.23524206344848 -2.9296293453180473
146.1740981128498 -1.7203924452302723
144.11295416225119 -2.3585985374758427
142.05181021165254 -2.126282565904552
139.99066626105392 -2.2017090535646626
137.92952231045527 -3.051682028346203
135.86837835985662 -1.5936329833173515
133.80723440925797 -1.813918842159602
131.74609045865935 -3.368291817458454
129.6849465080607 -2.9169115679225905
127.62380255746206 -1.5490405693005003
125.56265860686342 -2.258576691659114
123.50151465626477 -4.699348637372531
121.44037070566614 -1.694743964457185
119.37922675506749 -3.3585179963101375
117.31808280446886 -1.9610671391671086
115.25693885387021 -2.4632114524813646
113.19579490327158 -4.068889653031021
111.13465095267294 -2.9876373110208925
109.0735070020743 -2.2626380102369295
107.01236305147566 -2.913338938583005
104.951219100877 -2.012569145444521
102.89007515027836 -0.9228911273381509
100.82893119967973 -1.5108435797142334
98.7677872490811 0.5479517520566621
96.70664329848245 0.639874022708511
94.64549934788381 2.8463771048888846
92.58435539728518 5.2033828007059695
90.52321144668653 7.197814113477421
88.4620674960879 9.491708178483027
86.40092354548925 11.688662767828617
84.33977959489062 16.761790759699775
82.27863564429197 21.07897446096322
80.21749169369333 24.501407268600385
78.1563477430947 27.169200571203337
76.09520379249605 31.702495247317515
74.03405984189742 37.23580341116681
71.97291589129877 41.00275574753163
69.91177194070013 46.641894775240736
67.85062799010149 46.6557334952555
65.78948403950285 52.29719067380101
63.728340088904204 56.230852753139814
61.66719613830556 55.836460011022304
59.60605218770693 58.9507261858712
57.54490823710829 57.92587397512205
55.48376428650964 57.84261448941038
53.422620335911 54.354182045734795
51.36147638531236 51.812994029529435
49.30033243471372 49.999618788473015
47.239188484115076 50.019101793899935
45.178044533516434 47.04700896173497
43.11690058291779 56.87944817323539
41.05575663231915 64.65987690394745
38.99461268172051 69.9781075828114
36.93346873112187 73.42651959730514
34.87232478052323 76.84412197580811
32.81118082992459 77.1302824543773
30.750036879325947 76.23845067835944
28.688892928727306 71.44099819730957
26.627748978128665 67.52164596241361
24.566605027530027 65.68076678704432
22.505461076931386 63.75694292233462
20.44431712633274 59.15202598202281
18.3831731757341 57.35361276619038
16.322029225135463 60.81022681689245
14.26088527453682 60.33231606096498
12.19974132393818 62.365481448580944
10.13859737333954 62.33277837334306
8.077453422740899 58.78677060847447
6.016309472142257 57.07638141303756
3.9551655215436172 62.11344498130874
1.8940215709449764 51.004992724231435
-0.16712237965366444 32.10475800518462
-2.228266330252305 19.40807127871809
-4.289410280850946 12.343877529259338
-6.350554231449587 8.24846001837155
-8.411698182048227 7.5079461783790356
-10.47284213264687 6.59325831600374
-12.533986083245509 5.866387641748163
-14.59513003384415 8.36285075828885
-16.656273984442787 7.982320568497585
-18.717417935041432 7.541422978640046
-20.778561885640073 7.938152039914212
-22.839705836238714 10.938059135817916
-24.90084978683735 14.823066450813728
-26.961993737435996 17.50679816138446
-29.023137688034637 21.447252990200127
-31.084281638633275 21.975766837702388
-33.14542558923192 26.28308309664697
-35.206569539830554 27.258185504321816
-37.267713490429195 26.224624266625757
-39.328857441027836 26.82160248545726
-41.390001391626484 23.22848126931026
-43.451145342225125 22.846132442288486
-45.512289292823766 23.503200236348235
-47.5734332434224 23.46492824207588
-49.63457719402104 23.504999227293833
-51.695721144619675 24.637233983747784
-53.756865095218316 22.28418725403302
-55.81800904581696 22.216628862966367
-57.8791529964156 19.168292931513875
-59.94029694701424 16.36920047936003
-62.00144089761289 13.34259810162459
-64.06258484821153 8.103826087293841
-66.12372879881016 7.543807296637167
-68.18487274940881 2.6819150960870304
-70.24601670000744 0.30295177844099264
-72.30716065060608 0.490131971702583
-74.36830460120473 -2.1831363424632317
-76.42944855180336 -2.8301104348980974
-78.49059250240201 -3.5061391864128253
-80.55173645300064 -0.718244696433725
-82.61288040359929 -3.1517749645000612
-84.67402435419793 -2.674391543802067
-86.73516830479656 -4.482634310552572
-88.79631225539521 -4.025046935702287
-90.85745620599386 -5.929196983668092
-92.9186001565925 -3.345468391430313
-94.97974410719114 -4.827185122665101
-97.04088805778979 -5.985396942064156
-99.10203200838843 -4.81899229883743
-101.16317595898707 -2.842838887592843
-103.22431990958572 -3.063108742185244
-105.28546386018435 -4.9322236005997935
-107.34660781078298 -3.7757152865320314
-109.40775176138163 -3.232885176855614
-111.46889571198027 -4.486131707498964
-113.53003966257891 -4.576452215037185
-115.59118361317755 -4.216082218654638
-117.6523275637762 -3.2453038498322364
-119.71347151437483 -4.0912674910371765
-121.77461546497346 -3.276219108903681
-123.83575941557211 -4.8268968957042375
-125.89690336617075 -3.603377685419154
-127.95804731676941 -2.319480898199091
-130.01919126736803 -3.4938588029977735
-132.08033521796668 -4.4258309103479165
-134.1414791685653 -5.470760159367274
-136.20262311916397 -2.2068161378431914
-138.2637670697626 -2.486100604239172
-140.32491102036124 -3.7648357963368864
-142.38605497095986 -2.494243613195185
-144.44719892155854 -1.8325950046439006
-146.50834287215716 -2.3327432742623966
-148.5694868227558 -3.228590378748734
-150.63063077335445 -4.5988896016645855
-152.69177472395307 -3.3051047567714713
-154.75291867455175 -2.373462533944589
-156.81406262515037 -2.5737015876574145
-158.87520657574902 -2.504308866335539
-160.93635052634764 -4.160773837043954
-162.9974944769463 -2.311071890259202
-165.05863842754493 -3.298468293209463
-167.11978237814358 -3.15868416251517
-169.1809263287422 -3.788025357262335
-171.24207027934085 -3.7290650657945523
-173.3032142299395 -4.375751236956985
-175.36435818053815 -3.8746977300411327
-177.42550213113677 -3.787838425688188
-179.48664608173542 -4.244258254519305
-181.54779003233404 -3.267129317588683
-183.6089339829327 -4.615901483668942
-185.67007793353136 -3.906948617793171
-187.73122188412998 -3.509292241444737
-189.79236583472863 -4.0301946797967005
-191.85350978532725 -3.6125630110713827
-193.91465373592592 -2.514731969985036
-195.97579768652454 -2.867358840332558
-198.0369416371232 -2.957180225240877
-200.0980855877218 -4.261642697129634
-202.1592295383205 -1.683916481263026
-204.2203734889191 -3.718023128982686
-206.28151743951776 -3.5536288499183937
-208.34266139011638 -1.3985589130338074
-210.40380534071502 -0.3858052165726817
-212.46494929131367 -2.2056144367715596
-214.52609324191232 -1.7366394107143328
-216.58723719251094 -1.0767743748853646
