# BEGINHEADER
# This file contains data from the SALSA 2m radio telescope.
# DATE=2024-04-09T13:17:0057
# GLON and GLAT given in degrees
# GLON=114.94575068844321
# GLAT=-0.10391854947624646
# DATA in two columns below. Col. 1 is velocity relative to LSR [km/s]. Col. 2 is uncalibrated antenna temperature [K].
# ENDHEADER
270.27104018780517 -1.6659652567812049
268.2098962372065 -3.672958887560277
266.14875228660793 -2.136719716991354
264.0876083360093 -1.9971052508088762
262.02646438541063 -2.332776987607194
259.965320434812 -3.2881891246899237
257.90417648421334 -4.975545105456248
255.84303253361472 -2.9900403781092035
253.78188858301607 -2.6996494711024646
251.72074463241742 -2.3198808396321997
249.6596006818188 -0.09217964913325494
247.59845673122015 -3.802696113371546
245.5373127806215 -2.960380967082829
243.47616883002286 -3.071718046689323
241.41502487942424 -4.908113351451341
239.3538809288256 -4.667900909367476
237.29273697822697 -1.7395010832160673
235.2315930276283 -2.7354578995288694
233.17044907702967 -4.079878964196348
231.10930512643102 -3.01301595000109
229.04816117583238 -3.445244989206271
226.98701722523376 -3.7990072187711013
224.92587327463508 -4.571175857305728
222.86472932403646 -0.9817832062904643
220.8035853734378 -0.010029850820276614
218.7424414228392 -4.4028533639507454
216.68129747224052 -2.8563960738290604
214.6201535216419 -4.725337875454001
212.55900957104325 -1.8519141911290389
210.49786562044463 -4.107734028358537
208.43672166984598 -2.726136436375532
206.37557771924733 -1.5268359736806971
204.31443376864868 -2.8524072153984856
202.25328981805006 -2.612147724093068
200.19214586745142 -2.860530893420867
198.1310019168528 -3.312016457444077
196.06985796625415 -3.5104595890486148
194.00871401565553 -0.2892612906926015
191.94757006505688 -1.7251005570183393
189.8864261144582 -3.3732021459273756
187.82528216385958 -3.260196996410217
185.76413821326094 -2.7881210158885255
183.70299426266232 -3.0641387587645803
181.64185031206367 -2.7190262924483304
179.58070636146502 -4.010425566375319
177.51956241086637 -3.716260638095831
175.45841846026775 -3.236209333099738
173.3972745096691 -3.543198973244153
171.33613055907048 -3.548220941269659
169.2749866084718 -2.328243283005531
167.2138426578732 -2.697278061752672
165.15269870727454 -1.0466591866641557
163.09155475667592 -2.8541774856902826
161.03041080607727 -2.258532970819651
158.96926685547862 -3.5996636399002906
156.90812290487997 -2.9572135267153516
154.84697895428135 -2.3240776495689164
152.7858350036827 -3.605159805993133
150.72469105308403 -2.567430773053275
148.6635471024854 -3.623348940428483
146.60240315188676 -2.5146257918691455
144.54125920128814 -2.0919332519132956
142.4801152506895 -3.331228017137206
140.41897130009085 -1.9135671897173883
138.3578273494922 -2.7837212469947006
136.29668339889358 -1.843760927598228
134.23553944829493 -2.564490369406649
132.1743954976963 -3.218381957042842
130.11325154709766 -2.4377716661224804
128.052107596499 -2.515834092845938
125.99096364590037 -2.5067387460257318
123.92981969530172 -1.7790025858700285
121.86867574470308 -0.10831841531722726
119.80753179410445 -1.7945985913551321
117.7463878435058 -0.33594303091606476
115.68524389290717 -1.1414483147263814
113.62409994230852 -1.553623352626289
111.56295599170988 -0.6794837079261962
109.50181204111124 -0.5497007015171533
107.4406680905126 -1.4537634996723239
105.37952413991397 -2.6185279516519038
103.31838018931532 -0.753656302624282
101.25723623871669 -1.721468112255186
99.19609228811804 -3.185074802680964
97.1349483375194 -1.1121292811349632
95.07380438692074 -0.6327202547988291
93.01266043632211 -2.765036233101763
90.95151648572347 -2.0550438966170774
88.89037253512483 -1.7130725707862406
86.82922858452619 -2.5709045637233006
84.76808463392754 -3.4938154208983585
82.70694068332891 0.42659823756193804
80.64579673273026 -1.7455804753829198
78.58465278213163 -3.1408607857108453
76.523508831533 -2.5496352725270928
74.46236488093435 -1.036674292293237
72.40122093033571 -2.504063229238489
70.34007697973706 -1.1665328521228635
68.27893302913843 -2.4577020064601185
66.21778907853978 -1.4107241358013678
64.15664512794115 -1.689763079245183
62.0955011773425 -2.223232561537088
60.03435722674386 -1.9397936735130117
57.973213276145216 -1.8827529982968856
55.91206932554658 -2.536463718195898
53.85092537494794 -1.3712658227929007
51.7897814243493 -0.9750275928205981
49.72863747375066 -0.9425516380204192
47.66749352315202 0.7473212660496683
45.60634957255337 -2.201894340803482
43.545205621954736 -2.4286638969248795
41.484061671356095 -0.6756098609491207
39.422917720757454 0.29636409129888763
37.36177377015881 -0.633087684529005
35.30062981956017 -0.43900512144533965
33.23948586896153 -0.646521231800735
31.17834191836289 -1.3475923983110825
29.11719796776425 -1.3963180273715907
27.056054017165607 -0.21617744257839605
24.99491006656697 -2.025163487271519
22.93376611596833 0.9188251468485057
20.872622165369684 0.4437003326278705
18.811478214771046 -0.6606854581746764
16.750334264172405 1.0710536378796587
14.689190313573762 3.95678678731475
12.628046362975123 4.2638475149001
10.566902412376482 7.632622550806807
8.50575846177784 12.82388426485015
6.444614511179199 21.512894311454176
4.383470560580559 36.54976238403438
2.322326609981918 53.15269748727685
0.2611826593832774 67.35788858541036
-1.7999612912153635 72.51578531684105
-3.8611052418140046 74.10743593871071
-5.922249192412646 76.20108715271668
-7.983393143011285 78.40118406864754
-10.044537093609927 75.31493544375313
-12.105681044208568 73.85638953863193
-14.166824994807206 68.60395646596538
-16.22796894540585 57.535173083517996
-18.28911289600449 47.32566009175382
-20.35025684660313 34.6090633953583
-22.411400797201768 26.206609754824985
-24.47254474780041 23.318351604503576
-26.533688698399054 23.080409571757016
-28.594832648997695 23.0702098196532
-30.655976599596332 29.514369277261974
-32.71712055019498 32.746014772378714
-34.77826450079362 35.11957358944853
-36.83940845139226 41.22648658305335
-38.9005524019909 45.53760421389806
-40.961696352589534 49.10234694726009
-43.022840303188175 56.59415723317302
-45.08398425378682 65.8410861234092
-47.14512820438546 71.42932487997031
-49.2062721549841 70.75714218465605
-51.26741610558275 70.75152723909491
-53.32856005618138 69.77228278426333
-55.38970400678002 63.186648420441436
-57.45084795737866 61.20866722021918
-59.511991907977304 55.670244084494136
-61.573135858575945 51.72484600253652
-63.634279809174586 46.87757789267491
-65.69542375977323 42.797495095409246
-67.75656771037187 38.677485527816
-69.81771166097052 33.139356323190775
-71.87885561156915 26.446224998111013
-73.93999956216778 20.48776051460275
-76.00114351276643 16.040034776357345
-78.06228746336507 13.208182846940026
-80.12343141396371 15.220235303450526
-82.18457536456235 11.365953623411961
-84.245719315161 11.272779601349997
-86.30686326575963 12.60699307242076
-88.36800721635827 14.47329794042296
-90.42915116695691 15.550908253672526
-92.49029511755555 16.63566875260689
-94.5514390681542 17.934209429900385
-96.61258301875283 19.766158472071194
-98.67372696935149 19.31831650517402
-100.73487091995013 17.739353075067317
-102.79601487054876 15.926856137454982
-104.85715882114741 13.508533351798198
-106.91830277174604 10.605582683366618
-108.97944672234469 5.006865808524217
-111.04059067294332 3.5186878453136936
-113.10173462354197 2.8973211772448977
-115.1628785741406 0.03987391898210366
-117.22402252473924 1.0890770612403362
-119.28516647533789 -0.4546215235661708
-121.34631042593652 0.11323860612368476
-123.40745437653517 0.8795859290805265
-125.4685983271338 -1.884315899531451
-127.52974227773245 -0.7201121606566152
-129.5908862283311 -0.5430461403628675
-131.65203017892975 -1.2224408331087016
-133.71317412952837 -1.4910926122868682
-135.77431808012702 -2.617153896156304
-137.83546203072564 -3.127010970693308
-139.8966059813243 -2.2947884108144208
-141.95774993192293 -2.4047202156469996
-144.01889388252158 -4.668221480901235
-146.0800378331202 -3.9608714812433288
-148.14118178371885 -3.742956641842509
-150.2023257343175 -3.6268250014173047
-152.26346968491615 -1.9773121698021547
-154.32461363551477 -3.3243494813097336
-156.3857575861134 -2.575019929128139
-158.44690153671206 -3.8403310312552756
-160.5080454873107 -2.905724485883757
-162.56918943790936 -2.4933408452723245
-164.63033338850798 -4.525582759319256
-166.69147733910663 -3.592794826015679
-168.75262128970527 -4.890305660526109
-170.81376524030392 -3.9518679180913114
-172.87490919090254 -4.125357322996842
-174.9360531415012 -5.658527284111101
-176.9971970920998 -3.736680566666694
-179.0583410426985 -3.782476729188914
-181.1194849932971 -5.541113790129289
-183.18062894389575 -3.896077444298433
-185.24177289449437 -4.419235726412242
-187.30291684509302 -4.0939868209047905
-189.36406079569167 -2.9055179610625266
-191.42520474629032 -3.25182901622449
-193.48634869688894 -2.3913837363745913
-195.5474926474876 -4.100620590017251
-197.60863659808626 -3.330328599025031
-199.66978054868488 -2.583427367433192
-201.73092449928356 -2.4082448733648127
-203.79206844988218 -2.060312911664518
-205.85321240048083 -3.1203766293651594
-207.91435635107945 -4.452542458242929
-209.97550030167812 -4.969251920776077
-212.03664425227674 -2.9679565187457655
-214.0977882028754 -1.244375620709244
-216.158932153474 -3.7517227583798713
-218.22007610407266 -3.0374989032308015
-220.2812200546713 -2.306020754917699
-222.34236400526996 -2.557671667002749
-224.40350795586858 -3.3864658394936082
-226.46465190646722 -2.225635107800997
-228.52579585706584 -3.1107410239051587
-230.58693980766452 -3.239935186472519
-232.64808375826314 -1.4863112621670582
-234.7092277088618 -3.111933394609533
-236.77037165946044 -2.6130952468612225
-238.83151561005909 -3.26549668802488
-240.89265956065773 -2.490640694439826
-242.95380351125635 -3.098228853088038
-245.014947461855 -3.406972979964935
-247.07609141245362 -3.96728995862307
-249.1372353630523 0.6524088934567603
-251.19837931365092 -3.371360422810776
-253.25952326424957 -3.9057203110364735
-255.32066721484819 -3.290340194242756
