# BEGINHEADER
# This file contains data from the SALSA 2m radio telescope.
# DATE=2024-04-12T07:17:0007
# GLON and GLAT given in degrees
# GLON=55.800121674735635
# GLAT=4.190668012841938
# DATA in two columns below. Col. 1 is velocity relative to LSR [km/s]. Col. 2 is uncalibrated antenna temperature [K].
# ENDHEADER
305.4881679613245 0.36164775832760376
303.42702401072586 1.2426000703563866
301.3658800601272 0.48033316658716174
299.30473610952856 0.9224386158215983
297.2435921589299 -0.033516109288787246
295.1824482083313 1.8147974652401806
293.1213042577327 -0.23850886706072286
291.06016030713397 2.251246558648408
288.9990163565354 0.08602108351051595
286.93787240593673 6.606746578479074
284.8767284553381 18.262261739415294
282.81558450473943 -0.9209532613679012
280.7544405541408 3.38379901592685
278.6932966035422 0.25163564043890463
276.6321526529435 1.1969840592740095
274.57100870234484 0.32696538854610757
272.50986475174625 2.613900971194789
270.4487208011476 2.6011761709394614
268.38757685054895 1.8047427317571612
266.3264328999503 0.6615802230906966
264.26528894935166 0.15362633914996682
262.20414499875307 2.8128270676854665
260.1430010481544 0.7191857021098672
258.08185709755577 4.346743452752879
256.0207131469571 4.719990277426874
253.95956919635847 0.7298333273188511
251.89842524575985 3.0767338447492607
249.83728129516118 2.1154169272902807
247.77613734456253 1.9854143585832607
245.7149933939639 1.640854025769311
243.65384944336526 3.222422687372336
241.59270549276664 0.07302194719063512
239.53156154216796 0.4109584505416865
237.47041759156934 0.051328583375503146
235.4092736409707 0.6261962474990947
233.34812969037208 2.642701292391759
231.28698573977343 -0.035415373106749526
229.22584178917478 2.2981323643658014
227.16469783857613 3.9355381716711193
225.1035538879775 -1.8815022565409303
223.04240993737886 1.4567604798970017
220.98126598678022 1.3707547846356813
218.92012203618157 0.08353466699961981
216.85897808558295 2.2131562579379773
214.7978341349843 0.48525854008066527
212.73669018438568 1.1685786796510336
210.675546233787 2.3211637011693553
208.61440228318835 1.8792883369194928
206.55325833258973 0.5432649008179241
204.4921143819911 0.2811526756053783
202.43097043139247 0.8904848142921282
200.3698264807938 0.9964141670918657
198.30868253019517 0.654725362516206
196.24753857959655 1.244339012966
194.1863946289979 -0.023769726936804705
192.12525067839925 -1.5539139774445483
190.06410672780063 0.30629476470481715
188.002962777202 0.21141987748791374
185.94181882660337 0.8436085249844816
183.8806748760047 0.7179535266246487
181.81953092540607 -0.2885459032652266
179.75838697480742 -0.751125146486749
177.6972430242088 -0.27505585418778167
175.63609907361015 0.13869530331986515
173.5749551230115 0.5542942629729123
171.51381117241286 3.9067691298341702
169.4526672218142 -1.1082945847087953
167.3915232712156 -0.7354225674590869
165.3303793206169 0.35678630395110306
163.2692353700183 -2.106645685951139
161.20809141941965 0.7701877443233459
159.14694746882103 -0.6572673632933103
157.08580351822238 -1.6887869004762475
155.02465956762373 -0.5850350288255334
152.96351561702508 0.7870574974391144
150.90237166642646 -2.328484787579377
148.8412277158278 -0.518670411998859
146.7800837652292 -0.9954057891444178
144.71893981463052 -0.3087376539886704
142.6577958640319 0.8212997472090929
140.59665191343325 -0.24973264916961146
138.53550796283463 -0.6845109604157861
136.47436401223595 -0.4420040101170618
134.41322006163733 -0.3933060334812697
132.35207611103868 -0.49991453052047935
130.29093216044004 -1.2462392150427544
128.2297882098414 0.32800687893592007
126.16864425924277 -1.0068152323321216
124.10750030864412 -0.6176618175772954
122.04635635804549 -1.7056023319126061
119.98521240744685 -1.0378948313397822
117.9240684568482 0.6419774642688296
115.86292450624957 -1.0685033475021957
113.80178055565091 -1.31712681729876
111.74063660505227 -1.5508429885707513
109.67949265445363 -1.4450156789879116
107.61834870385499 -1.8080436508773958
105.55720475325636 -1.8929078823048948
103.49606080265771 -0.31264924051880794
101.43491685205908 -1.8735361964692951
99.37377290146043 -1.3339892530715738
97.31262895086178 -0.5995673687352723
95.25148500026314 -0.8837229335366231
93.1903410496645 -1.2926247882530169
91.12919709906586 -1.8027664402559285
89.06805314846721 0.10476399316516069
87.00690919786858 -0.9729179590890394
84.94576524726995 0.3146620020324303
82.8846212966713 -0.5906641634977942
80.82347734607266 -3.1277453436597167
78.76233339547402 -1.3072979597277554
76.70118944487538 -0.9801022159667453
74.64004549427672 -1.4457863432318145
72.57890154367809 -0.7458241055533791
70.51775759307945 1.754722209851315
68.4566136424808 0.471881794344605
66.39546969188217 -0.03145708218065359
64.33432574128354 2.0570411755340454
62.27318179068489 0.906626110007589
60.212037840086246 3.512132270126899
58.150893889487605 7.376311429053383
56.089749938888964 8.28279778603689
54.02860598829032 10.517979942340899
51.96746203769169 12.892891763530326
49.90631808709305 16.303293630920045
47.845174136494414 17.78879971936812
45.784030185895766 18.94542666174515
43.722886235297125 22.780462912144195
41.661742284698484 22.826593186431715
39.60059833409984 28.856676411879803
37.5394543835012 31.890716166369053
35.47831043290257 29.916301037971888
33.41716648230393 33.65863564926706
31.356022531705282 32.70474188979822
29.29487858110664 35.8571945950451
27.233734630508 39.64334275230748
25.172590679909362 38.19176687028266
23.111446729310718 40.7844329886669
21.050302778712073 40.087942881743174
18.989158828113435 40.261298017993674
16.928014877514794 40.63989700695381
14.866870926916153 45.28105499378162
12.805726976317512 54.93506360420878
10.744583025718873 68.5367133002897
8.68343907512023 84.28420529109721
6.62229512452159 84.24674471276663
4.5611511739229496 67.2884623078296
2.5000072233243085 55.636644483464664
0.4388632727256678 47.19967063200291
-1.622280677872973 33.23174580465924
-3.683424628471614 22.59804976362686
-5.744568579070255 16.220739266085168
-7.805712529668896 11.334784560097658
-9.866856480267536 10.533439963762914
-11.928000430866177 7.94718006542723
-13.989144381464818 6.2401220179682095
-16.050288332063456 4.835046729853866
-18.1114322826621 3.5249871297823865
-20.17257623326074 3.2140588944432418
-22.23372018385938 1.1604173112222946
-24.29486413445802 1.6935199583600558
-26.35600808505666 1.3511342755644786
-28.417152035655302 0.4286753904723573
-30.47829598625394 1.1126168813711048
-32.53943993685258 1.1021298005913394
-34.60058388745122 2.767569500077939
-36.66172783804986 3.7342733536457464
-38.722871788648504 3.718450655302731
-40.784015739247145 5.722579881306488
-42.84515968984579 9.7423978197377
-44.90630364044443 11.186873781475613
-46.96744759104307 12.477716482870209
-49.0285915416417 18.093341706704127
-51.08973549224036 15.65344898925877
-53.150879442839 17.868619973203817
-55.21202339343764 20.03985027377877
-57.27316734403628 19.445011878643136
-59.334311294634915 19.733751921629903
-61.395455245233556 19.804723465525075
-63.4565991958322 20.627631292473872
-65.51774314643085 19.100092030854967
-67.57888709702948 16.469042441115526
-69.64003104762811 14.212589268537975
-71.70117499822676 13.600914378680063
-73.7623189488254 13.878360545387242
-75.82346289942404 13.94979127359717
-77.88460685002268 12.702925165021712
-79.94575080062133 11.23313445415697
-82.00689475121997 7.956990922133231
-84.06803870181861 9.704518915185062
-86.12918265241726 9.834829745252582
-88.19032660301589 9.208039219384585
-90.25147055361454 10.453687760360134
-92.31261450421317 8.123356725786193
-94.3737584548118 5.724009645778997
-96.43490240541045 3.521404590974864
-98.49604635600909 2.9028409301947624
-100.55719030660772 0.8130103352357863
-102.61833425720636 0.7556610768033958
-104.679478207805 -1.512877389982349
-106.74062215840364 -1.1131761549568213
-108.80176610900229 -0.41526159080536285
-110.86291005960092 -1.1095465846933845
-112.92405401019955 -1.3386041371564121
-114.9851979607982 0.12224624861046385
-117.04634191139684 -3.19662853882298
-119.1074858619955 -2.119019428927654
-121.16862981259413 -0.17206602060803033
-123.22977376319278 -1.9862265341646725
-125.29091771379142 -1.3972886819528485
-127.35206166439005 -1.4150558067174375
-129.4132056149887 -2.8131641074036997
-131.47434956558732 -1.0761950375214655
-133.53549351618597 -1.3373433942595752
-135.5966374667846 -2.9996441225115564
-137.65778141738326 -1.8523813262357576
-139.7189253679819 -2.061369684321387
-141.78006931858053 -1.172898849694455
-143.84121326917918 -0.05110484031316223
-145.90235721977783 -1.0511231794426665
-147.96350117037647 -1.4287574326834733
-150.0246451209751 -2.6285581021496514
-152.08578907157374 -2.213025133387996
-154.1469330221724 -2.626155062520693
-156.20807697277104 -2.430173876428004
-158.26922092336966 -2.5083610864816133
-160.3303648739683 -0.3602186690162851
-162.39150882456693 -2.5346046613244795
-164.4526527751656 -2.2145951454484405
-166.51379672576422 -2.563934464176697
-168.57494067636287 -1.2555354106567624
-170.6360846269615 -1.0666973267760842
-172.69722857756014 -1.4003452374246677
-174.7583725281588 -1.1095286314606183
-176.81951647875744 -2.646056750075297
-178.88066042935608 -2.007416469759316
-180.9418043799547 -0.4807364662679957
-183.00294833055335 -1.9801588934090126
-185.064092281152 1.9717418068533925
-187.12523623175065 -0.1803720510031601
-189.18638018234927 -1.8869073813529045
-191.24752413294792 -0.8051692928148905
-193.30866808354656 -0.7890270453136178
-195.3698120341452 0.13669153660796793
-197.43095598474383 -1.6991265269824722
-199.4920999353425 -0.28658397429502397
-201.55324388594113 -1.078011388436923
-203.61438783653978 -0.7401952168629296
-205.67553178713842 0.2597240265593202
-207.73667573773707 -0.12924100392754465
-209.7978196883357 -1.069177516451686
-211.85896363893434 -0.6586981394507023
-213.92010758953296 7.736955032290508
-215.98125154013164 0.759798057973426
-218.04239549073029 0.8594172534736045
-220.1035394413289 0.008204429108482344
