# BEGINHEADER
# This file contains data from the SALSA 2m radio telescope.
# DATE=2024-04-12T06:22:0014
# GLON and GLAT given in degrees
# GLON=65.96642582436195
# GLAT=0.19605290600058756
# DATA in two columns below. Col. 1 is velocity relative to LSR [km/s]. Col. 2 is uncalibrated antenna temperature [K].
# ENDHEADER
302.0361505890252 -0.9431253834407258
299.9750066384266 -0.5526433460474852
297.913862687828 -2.222093494153443
295.8527187372293 -1.4679379184278922
293.7915747866307 0.6692608599738982
291.73043083603204 0.06818402292917915
289.6692868854334 -0.7884290616038684
287.60814293483475 -1.4415466666178822
285.5469989842361 -0.08266369103277986
283.4858550336375 0.6251411554633619
281.42471108303886 4.854988816723752
279.36356713244015 -2.1222413973628464
277.30242318184156 -0.6683233280909053
275.2412792312429 -1.6771233716607918
273.1801352806443 -0.7020308780596265
271.1189913300456 -2.1451937683637343
269.05784737944697 -0.827308686521786
266.9967034288484 -0.3426944481067274
264.9355594782497 -1.261460555792353
262.8744155276511 -0.44862220313210377
260.81327157705243 -1.0205486724945834
258.7521276264538 0.4057048843973462
256.69098367585514 -1.713894682460832
254.6298397252565 1.5012487382756052
252.56869577465787 3.9789152654503273
250.50755182405922 -0.8827015268309399
248.4464078734606 -0.4000560802712328
246.38526392286192 -2.255432766424599
244.3241199722633 0.17402743051998698
242.26297602166466 -0.03459126165791581
240.20183207106604 0.18010920511042475
238.1406881204674 -0.6065533924767424
236.07954416986874 -0.37118266800094873
234.0184002192701 -1.2487258675852833
231.95725626867144 -1.3007774638798286
229.89611231807282 -1.3445084681492903
227.83496836747418 -1.7515776049779281
225.77382441687553 -0.4501076654422326
223.71268046627688 0.1288389279663394
221.65153651567826 -2.6288192860028317
219.5903925650796 -1.0933422647107016
217.52924861448096 -0.0955807502894867
215.46810466388231 -0.9249138383536049
213.4069607132837 -0.06765233597236799
211.34581676268505 -1.2598358513388443
209.28467281208643 -0.16382283984293125
207.22352886148775 -1.0734323024990267
205.16238491088913 -0.43309016326317046
203.10124096029048 0.3978358056670548
201.04009700969186 -1.7610493354423729
198.97895305909321 -0.8753958006702883
196.91780910849457 -1.3975769681075414
194.85666515789592 -2.190349386612046
192.79552120729727 -2.7473388095692823
190.73437725669865 -1.9106348857418505
188.67323330609997 -1.3076577623826642
186.61208935550135 -0.732673479643155
184.5509454049027 -1.6810339085341541
182.4898014543041 -2.2128533793845944
180.42865750370544 -1.3955814500915
178.3675135531068 -2.374567843685806
176.30636960250814 -0.5500602967950375
174.24522565190952 -1.0132036328540215
172.18408170131087 -2.582660689251896
170.12293775071225 -1.181404346110507
168.06179380011358 -2.4130609408039496
166.00064984951496 -2.073596090491124
163.9395058989163 -2.561297972687947
161.8783619483177 -3.4406373825852
159.81721799771904 -3.5282601071436304
157.75607404712036 -2.021089768615275
155.69493009652174 -0.7002372299593376
153.6337861459231 -3.7393586836778043
151.57264219532448 -2.317708036478039
149.5114982447258 -1.9650452313713862
147.45035429412718 -3.8015284803327596
145.38921034352853 -1.420736224051894
143.3280663929299 -2.793712723049395
141.26692244233126 -2.7019541340471425
139.20577849173262 -1.6219938160145555
137.14463454113397 -2.4851347322434774
135.08349059053535 -2.657966894361016
133.0223466399367 -1.5940955343330856
130.96120268933805 -3.807597266071251
128.90005873873943 -2.833001037188456
126.83891478814077 -2.701715252563127
124.77777083754214 -1.5919022635160869
122.71662688694349 -2.4667367380774112
120.65548293634485 -2.2015512926777117
118.59433898574622 -2.0374107378699757
116.53319503514757 -0.941648267269682
114.47205108454894 -3.5742939376285676
112.41090713395029 -3.421386334465884
110.34976318335166 -1.1918147327225401
108.288619232753 -3.5847755010309457
106.22747528215437 -5.086503112946149
104.16633133155574 -1.9235578370262525
102.10518738095709 -1.0130620471755156
100.04404343035846 -3.8914467178562755
97.9828994797598 -2.9472271954329914
95.92175552916116 -2.7639699153990507
93.86061157856251 -4.5269442788314835
91.79946762796388 -4.208621848949244
89.73832367736524 -3.144217617661598
87.6771797267666 -3.0627854759459128
85.61603577616796 -4.847084316994936
83.55489182556931 -4.520806878756577
81.49374787497068 -3.0657004440779967
79.43260392437203 -4.448475487294375
77.3714599737734 -2.440646495753587
75.31031602317476 -3.999256833208167
73.24917207257612 -3.5325017752652608
71.18802812197748 -3.4512639876537503
69.12688417137883 -2.9958687503869372
67.0657402207802 -4.383526506793616
65.00459627018155 -2.535565221441938
62.94345231958291 -1.9789282545859
60.88230836898427 -3.4274654763055965
58.82116441838563 -3.3730091098737076
56.760020467786994 -4.103489277889422
54.69887651718835 -1.850781125657925
52.63773256658971 -3.022046812455541
50.576588615991064 -2.9637563674819423
48.51544466539242 -1.1174577627730415
46.45430071479378 -1.7558872697111036
44.39315676419514 -1.5724219488442714
42.332012813596506 -0.5167734212656063
40.270868862997865 1.4481854778394585
38.209724912399224 1.421164108699099
36.14858096180058 3.95341755131399
34.08743701120194 7.507049310685175
32.0262930606033 12.111942045695297
29.96514911000466 17.816846483428485
27.90400515940602 26.20822421044206
25.842861208807374 37.62768047245435
23.781717258208733 47.50641295498467
21.720573307610092 61.290301819632916
19.659429357011454 73.77736177790642
17.598285406412813 86.24911141078067
15.53714145581417 96.15999974420237
13.47599750521553 104.8743433792486
11.41485355461689 114.52908477770228
9.353709604018249 119.14994080172849
7.292565653419609 120.68190342009304
5.231421702820968 114.61805927343977
3.1702777522223275 106.4993245351749
1.1091338016236862 88.84407802929063
-0.9520101489749545 75.29086457090636
-3.0131540995735957 59.89604431878172
-5.074298050172236 47.32323728823378
-7.135442000770877 40.76338634838074
-9.196585951369517 36.15106230614966
-11.257729901968158 34.399592318855866
-13.3188738525668 34.0688774915411
-15.380017803165442 29.227196564370928
-17.44116175376408 27.339524478868128
-19.502305704362723 23.343964379439274
-21.56344965496136 20.4028078914953
-23.624593605560005 18.262413994756468
-25.685737556158642 14.442620792100431
-27.746881506757283 11.93561308556827
-29.80802545735592 7.900389983655554
-31.869169407954566 6.463528711333731
-33.93031335855321 4.682066134137818
-35.99145730915185 3.6329260290807768
-38.05260125975049 5.194772785327134
-40.11374521034912 6.37880430901393
-42.174889160947764 7.821165730903603
-44.236033111546405 10.289806860697842
-46.29717706214505 12.764331524444117
-48.358321012743694 13.65754641118716
-50.419464963342335 16.534691217391412
-52.480608913940976 20.514469649259844
-54.54175286453961 23.871541854374755
-56.60289681513825 26.277054665311713
-58.66404076573689 32.107055498224724
-60.725184716335534 39.43888368845574
-62.786328666934175 43.30897968869319
-64.84747261753282 44.37392499712018
-66.90861656813146 46.642127259501365
-68.9697605187301 45.4127986099025
-71.03090446932875 42.05318749002803
-73.09204841992738 36.82906567041909
-75.15319237052601 27.84053315500998
-77.21433632112466 19.390108902969722
-79.2754802717233 16.258830958975906
-81.33662422232194 11.716026261093395
-83.39776817292058 9.441354699436374
-85.45891212351923 7.141341215745468
-87.52005607411786 6.18082669303881
-89.5812000247165 4.321252752262444
-91.64234397531514 2.211491542769414
-93.70348792591378 3.4086739991864614
-95.76463187651244 2.008283782986153
-97.82577582711107 1.4807837387731442
-99.88691977770972 0.19002834566087914
-101.94806372830836 1.6462320954714862
-104.00920767890699 1.180907363459194
-106.07035162950564 -0.6023712271984277
-108.13149558010427 -0.5112989867605677
-110.19263953070292 -0.9316550957711099
-112.25378348130155 -1.9750053878248073
-114.3149274319002 -3.119632658832326
-116.37607138249884 -3.155486448908114
-118.43721533309747 -2.7878998232973817
-120.49835928369612 -3.2468901158679926
-122.55950323429475 -2.7042695971585626
-124.6206471848934 -2.509468285142439
-126.68179113549203 -2.547524172599729
-128.74293508609068 -1.9963143529905845
-130.80407903668933 -2.3923006015715704
-132.86522298728798 -2.158478713925159
-134.9263669378866 -2.2226701994678115
-136.98751088848525 -2.0855097013308828
-139.04865483908387 -2.69820007247004
-141.10979878968254 -2.946879896220851
-143.17094274028116 -3.2045719211214587
-145.2320866908798 -2.05686087271878
-147.29323064147843 -0.7430124190301178
-149.35437459207708 -3.22614323656712
-151.41551854267573 -1.6569409458383078
-153.47666249327438 -2.2124920614345385
-155.53780644387302 -4.178381364648993
-157.59895039447164 -1.1288803165478298
-159.6600943450703 -1.6153150268654135
-161.72123829566894 -1.7584937607379998
-163.7823822462676 -3.0582892529734
-165.8435261968662 -1.7075924613448177
-167.90467014746486 -2.2688631524760106
-169.9658140980635 -1.826886299084786
-172.02695804866215 -2.1488523787973732
-174.08810199926077 -2.784969833850698
-176.14924594985942 -2.162318733141113
-178.21038990045804 -3.6009165329376067
-180.27153385105672 -3.073203142508924
-182.33267780165534 -1.5566881994797082
-184.39382175225398 -1.640777517441051
-186.4549657028526 -1.9047560437472868
-188.51610965345125 1.6923411554455936
-190.5772536040499 -1.5772231357346531
-192.63839755464855 -2.2765073397349718
-194.6995415052472 -0.6551298673331656
-196.76068545584582 -1.2873132033731856
-198.8218294064445 -1.5134745573183601
-200.8829733570431 -1.6410870280357983
-202.94411730764176 -1.4049046762244153
-205.00526125824038 -2.5292111829125252
-207.06640520883903 -0.5881945944777953
-209.12754915943768 -1.7851824221949477
-211.18869311003633 -2.4578712010374972
-213.24983706063495 -2.1336366782628082
-215.3109810112336 -2.75139470395184
-217.3721249618322 1.9418681948605145
-219.4332689124309 -2.451405858973582
-221.4944128630295 -2.0327416700923937
-223.55555681362816 0.5209740433905539
